# run = 17
occ          S   
0         (-17.4,-9.6,-17.8,-31.6)
0         (-30.2,16.4,19.0,-20.4)
0         (0.0,-27.4,-6.6,-8.2)
0         (-28.2,-23.0,-26.0,-5.8)
0         (-30.2,15.4,-32.0,-0.4)
0         (-20.4,18.6,29.6,-4.2)
0         (7.0,11.8,30.8,25.4)
0         (-30.6,21.0,-7.0,27.8)
0         (-16.6,-26.0,-7.0,24.6)
0         (3.6,-16.4,23.0,12.6)
0         (-32.8,-28.8,14.4,16.8)
0         (15.2,22.4,-32.2,20.0)
0         (-11.4,-29.8,-10.6,31.6)
0         (12.0,-13.4,27.4,-8.6)
0         (-29.8,16.6,-16.8,-15.6)
0         (-15.6,7.0,3.4,-1.2)
0         (-31.8,-6.0,32.6,-24.6)
0         (-22.2,-25.8,11.8,31.4)
0         (0.4,-19.2,-24.8,-18.6)
0         (-23.2,18.2,-18.8,12.6)
0         (27.0,-28.4,-8.0,-8.4)
0         (13.8,3.2,-3.0,-28.2)
0         (23.4,-23.6,-18.0,0.6)
0         (-22.8,0.6,-27.6,5.0)
0         (-2.4,-11.0,-8.0,13.8)
0         (1.8,8.4,-13.8,-28.8)
0         (-32.4,-22.6,7.0,30.6)
0         (-20.0,-26.4,0.8,-12.6)
0         (-31.8,-23.4,-28.8,26.2)
0         (28.4,29.8,3.4,-19.2)
0         (27.2,28.8,-17.2,-16.6)
0         (-27.2,12.8,4.2,25.2)
0         (-8.8,14.6,-8.6,-26.6)
0         (-1.6,-16.4,-31.8,-2.2)
0         (-2.8,-32.2,31.4,-7.0)
0         (1.6,15.0,-8.2,-19.6)
0         (11.0,-8.8,-11.8,-19.8)
0         (23.2,-19.6,6.0,-27.2)
0         (23.0,-19.6,5.8,-27.2)
0         (-29.8,-13.8,4.0,10.0)
0         (-29.8,-13.8,4.2,9.8)
0         (-29.8,-13.6,4.0,9.8)
0         (-29.8,-13.8,3.8,9.8)
0         (11.2,11.0,4.0,9.6)
0         (11.0,11.0,4.4,10.0)
0         (11.2,11.0,3.6,9.8)
0         (11.0,10.6,3.8,10.0)
0         (10.8,11.2,4.0,10.4)
0         (11.0,11.2,3.6,10.2)
0         (10.6,11.0,3.8,10.2)
0         (11.2,11.2,4.0,10.2)
0         (11.2,10.8,4.0,9.8)
0         (11.2,10.8,4.4,10.0)
0         (11.4,11.0,4.0,10.2)
0         (11.2,11.0,4.0,10.4)
0         (10.8,10.6,3.8,10.0)
0         (10.6,10.8,3.8,10.0)
0         (10.8,10.4,4.0,10.0)
0         (10.8,10.8,4.2,9.8)
0         (10.6,11.0,4.2,9.8)
0         (10.4,11.2,4.0,9.8)
0         (10.8,11.2,3.6,10.0)
0         (10.6,11.0,4.0,10.0)
0         (10.8,11.4,4.0,10.2)
0         (11.0,11.6,4.2,10.2)
0         (11.2,11.2,4.2,10.2)
0         (11.4,11.2,4.0,10.0)
0         (11.2,12.0,3.6,10.0)
0         (11.0,12.0,3.6,10.0)
0         (11.0,12.4,4.0,9.8)
0         (11.0,12.2,3.8,10.2)
0         (11.0,12.4,4.2,10.2)
0         (11.0,12.0,4.0,9.4)
0         (11.2,11.8,4.0,9.6)
0         (11.2,12.2,3.8,9.8)
0         (11.0,11.8,3.6,9.8)
0         (11.0,12.2,3.8,9.6)
0         (11.0,11.8,3.8,9.6)
0         (10.6,12.2,4.0,9.8)
0         (11.2,12.0,3.8,9.6)
0         (11.2,11.8,3.8,9.8)
0         (10.8,11.8,4.0,9.6)
0         (10.8,12.0,3.8,9.6)
0         (10.6,12.0,3.8,9.8)
0         (11.2,12.2,4.2,9.8)
0         (10.8,12.0,4.2,10.4)
0         (10.8,11.8,3.8,10.2)
0         (10.8,11.8,4.4,10.0)
0         (11.4,12.0,4.2,10.2)
0         (11.2,11.8,3.8,10.2)
0         (10.8,11.8,4.0,10.4)
0         (11.2,11.8,4.6,10.0)
0         (11.0,11.6,4.4,9.8)
0         (11.2,11.8,4.4,10.2)
0         (10.8,11.4,4.2,10.2)
0         (11.0,11.4,4.2,10.2)
0         (10.8,12.2,4.4,10.0)
0         (10.8,11.4,4.2,9.8)
0         (10.8,11.6,4.4,10.0)
0         (11.2,11.6,3.8,9.8)
0         (11.2,11.6,4.4,10.0)
0         (11.2,12.0,4.4,10.2)
0         (11.2,11.8,4.4,9.8)
0         (11.4,11.8,4.4,10.0)
0         (11.6,11.6,3.8,10.0)
0         (11.6,12.0,3.6,9.8)
0         (11.6,12.0,3.8,9.6)
0         (11.6,12.0,4.0,9.6)
0         (11.4,11.8,4.2,10.0)
0         (11.6,12.2,4.2,10.0)
0         (11.8,12.0,4.4,10.0)
0         (12.0,11.8,4.0,9.6)
0         (11.8,12.0,4.2,9.8)
0         (12.0,11.8,3.6,10.0)
0         (12.0,11.8,3.8,10.4)
0         (12.0,11.6,3.8,10.2)
0         (12.0,11.8,3.6,10.2)
0         (11.8,12.2,3.8,10.2)
0         (12.4,12.0,3.8,10.2)
0         (12.2,12.0,3.6,9.8)
0         (12.0,12.2,4.0,10.4)
0         (12.2,12.2,3.8,10.2)
0         (12.6,12.0,4.0,10.0)
0         (12.2,12.0,4.0,10.4)
0         (12.4,12.0,4.2,10.0)
0         (12.2,12.2,4.0,9.6)
0         (12.2,12.2,4.2,10.2)
0         (12.2,12.0,4.4,10.0)
0         (12.0,12.4,4.0,9.6)
0         (12.0,12.6,3.8,10.0)
0         (12.0,12.0,4.0,9.6)
0         (12.0,12.4,3.8,9.8)
0         (11.8,12.0,3.6,9.8)
0         (11.8,12.2,4.2,9.8)
0         (12.0,12.0,3.6,9.8)
0         (11.8,12.4,4.0,10.0)
0         (11.6,11.6,4.0,10.0)
0         (11.8,11.8,4.2,9.6)
0         (11.6,11.8,4.2,10.0)
0         (12.2,11.8,4.2,9.8)
0         (12.0,11.8,4.4,10.0)
0         (12.0,11.6,4.0,10.2)
0         (12.4,11.8,4.2,10.0)
0         (11.8,11.4,4.0,10.2)
0         (12.0,11.4,3.8,10.2)
0         (12.0,11.2,3.8,10.0)
0         (12.0,11.2,4.0,10.4)
0         (12.2,11.2,4.2,10.0)
0         (12.0,11.2,4.6,10.0)
1         (23.4,-0.4,-13.4,-32.0)
1         (23.2,-19.6,5.8,-27.2)
1         (22.8,6.2,10.6,-23.6)
1         (1.8,15.0,-21.6,6.8)
1         (25.4,32.0,5.6,-7.2)
1         (15.0,22.4,-32.2,20.0)
1         (11.0,11.4,-0.2,15.6)
1         (11.0,-13.8,4.2,9.8)
1         (11.2,11.4,0.0,9.8)
1         (14.4,11.0,-12.6,-4.4)
1         (10.8,11.6,4.0,9.8)
1         (11.2,11.2,4.0,9.8)
1         (10.8,11.0,3.6,10.0)
1         (10.8,11.2,3.8,10.2)
1         (10.8,11.2,4.2,10.2)
1         (11.0,10.8,4.2,9.8)
1         (11.4,11.0,4.2,10.0)
1         (11.2,10.8,3.8,9.8)
1         (10.8,10.8,3.8,9.8)
1         (10.8,11.0,3.8,9.6)
1         (10.6,11.0,3.8,9.8)
1         (10.8,10.8,4.0,9.6)
1         (10.8,11.2,4.2,9.8)
1         (11.0,11.2,4.4,10.0)
1         (11.0,11.6,3.8,10.0)
1         (11.0,12.0,4.0,10.4)
1         (11.0,12.0,3.8,10.2)
1         (11.0,12.4,4.0,10.2)
1         (11.0,12.2,4.4,10.0)
1         (11.0,11.6,3.8,9.8)
1         (10.8,12.2,3.8,9.8)
1         (11.2,12.0,4.2,9.6)
1         (11.2,11.8,4.2,9.8)
1         (10.6,12.0,4.0,9.8)
1         (11.0,12.0,4.2,10.4)
1         (11.2,12.2,4.4,10.0)
1         (11.2,11.8,4.0,10.4)
1         (11.0,11.6,4.0,10.2)
1         (11.0,11.6,4.6,10.0)
1         (11.2,11.4,4.4,10.0)
1         (10.6,12.0,4.4,10.0)
1         (11.2,11.4,4.2,10.2)
1         (10.8,12.2,4.2,10.0)
1         (10.8,12.2,4.2,10.2)
1         (11.4,12.0,3.8,10.0)
1         (11.6,11.8,4.0,9.8)
1         (11.8,12.2,4.2,10.0)
1         (12.0,11.6,4.0,9.8)
1         (12.0,11.8,3.8,9.8)
1         (12.0,12.0,3.4,10.2)
1         (12.2,11.8,3.8,9.8)
1         (12.0,12.2,4.4,10.0)
1         (11.8,12.2,4.2,10.2)
1         (12.2,12.4,4.0,10.0)
1         (12.2,11.6,4.0,10.2)
1         (11.8,12.0,3.6,10.0)
1         (11.8,12.2,4.0,9.6)
1         (11.8,11.8,4.0,9.6)
1         (11.8,11.8,4.4,10.0)
1         (11.8,11.8,4.2,10.2)
1         (12.0,11.6,4.2,9.8)
1         (12.0,11.6,4.2,10.2)
1         (12.0,11.4,4.0,9.8)
1         (11.8,11.2,4.0,10.2)
1         (12.0,11.2,3.8,10.2)
1         (12.0,11.2,4.2,9.8)
1         (12.0,11.0,4.2,10.0)
1         (12.0,11.2,4.4,10.0)
2         (-15.4,16.2,1.2,25.6)
2         (-9.2,-16.6,-4.6,10.0)
2         (2.0,4.8,-5.0,28.8)
2         (18.2,3.2,9.2,4.0)
2         (11.0,11.4,0.2,9.8)
2         (11.0,11.0,4.2,10.2)
2         (11.0,11.0,3.6,10.0)
2         (11.2,11.0,3.8,10.2)
2         (11.4,10.8,4.0,10.0)
2         (10.8,10.6,4.0,9.8)
2         (10.8,11.0,3.6,9.8)
2         (10.6,11.2,4.0,9.8)
2         (10.8,11.2,4.4,10.0)
2         (11.0,11.2,4.2,10.2)
2         (11.2,11.2,4.4,10.0)
2         (10.6,12.0,4.0,10.0)
2         (10.6,12.0,4.2,10.0)
2         (11.0,12.4,4.0,10.0)
2         (10.8,12.2,3.8,10.0)
2         (11.4,12.2,4.0,10.0)
2         (11.4,11.8,4.0,10.0)
2         (11.2,12.2,3.8,10.0)
2         (11.0,12.2,4.2,9.6)
2         (11.2,12.0,4.0,9.6)
2         (10.8,12.4,4.0,9.8)
2         (10.6,12.0,4.2,9.8)
2         (10.8,12.0,4.4,9.8)
2         (11.4,12.0,4.2,9.8)
2         (11.0,12.0,4.4,9.8)
2         (10.6,12.0,4.2,10.2)
2         (11.4,11.8,4.0,10.2)
2         (11.2,11.6,3.8,10.0)
2         (11.4,11.4,4.0,10.0)
2         (11.6,11.4,3.8,10.0)
2         (11.6,11.8,3.8,9.8)
2         (11.6,11.8,4.0,10.0)
2         (11.8,11.8,3.8,10.2)
2         (12.0,12.0,4.0,10.4)
2         (12.0,12.2,4.2,9.8)
2         (12.0,12.4,4.0,10.2)
2         (12.4,12.2,4.0,10.0)
2         (12.2,12.2,4.2,9.8)
2         (11.6,12.2,3.8,10.0)
2         (11.8,12.0,4.0,9.6)
2         (11.8,12.4,4.0,9.8)
2         (11.8,11.6,4.2,10.0)
2         (12.0,11.0,4.0,10.2)
3         (10.8,-8.8,-11.8,-19.8)
3         (11.0,11.4,0.0,10.0)
3         (11.0,11.4,4.2,9.8)
3         (10.8,11.4,3.8,9.8)
3         (11.0,11.4,3.8,9.8)
3         (11.0,10.8,4.0,9.8)
3         (11.2,11.2,3.8,10.0)
3         (10.8,11.0,4.0,10.4)
3         (10.6,11.0,4.0,10.2)
3         (11.0,10.8,3.8,10.2)
3         (11.2,11.0,4.4,10.0)
3         (10.6,10.8,4.0,10.0)
3         (11.0,11.8,4.0,10.4)
3         (11.0,12.2,4.0,10.4)
3         (11.0,12.2,4.2,9.8)
3         (10.8,11.8,4.2,9.8)
3         (10.8,11.8,3.8,9.8)
3         (11.4,12.0,3.8,9.8)
3         (11.0,12.0,4.4,10.2)
3         (11.0,11.8,3.8,10.2)
3         (11.0,11.8,4.4,10.2)
3         (10.8,11.8,4.6,10.0)
3         (10.6,11.6,4.2,10.0)
3         (11.4,12.2,4.2,10.0)
3         (11.6,12.2,4.0,10.0)
3         (12.0,11.6,3.8,10.0)
3         (12.4,12.0,3.8,10.0)
3         (12.0,12.0,4.4,10.0)
3         (11.8,12.0,4.2,10.4)
3         (11.8,11.8,4.0,10.2)
3         (12.2,12.2,4.0,10.2)
3         (12.2,12.4,4.0,9.8)
3         (12.2,11.8,4.0,9.8)
3         (12.2,11.2,4.0,10.0)
4         (2.0,-19.8,-24.8,2.0)
4         (11.0,11.4,0.0,15.6)
4         (14.6,11.0,-12.6,-4.4)
4         (11.0,11.2,4.0,9.6)
4         (11.0,11.2,4.0,10.2)
4         (11.0,11.2,3.8,10.2)
4         (11.0,10.8,4.2,10.2)
4         (11.2,11.0,4.2,10.2)
4         (10.6,11.0,4.0,9.8)
4         (11.0,10.8,3.8,9.8)
4         (10.6,11.2,4.0,10.0)
4         (10.6,11.2,4.2,10.0)
4         (10.6,11.8,4.0,10.0)
4         (11.2,11.8,3.8,10.0)
4         (11.4,11.8,4.0,9.8)
4         (11.6,12.0,4.0,10.2)
4         (12.2,12.0,3.6,10.0)
4         (12.0,11.8,4.2,10.2)
4         (12.0,12.2,4.2,10.2)
4         (11.8,12.4,3.8,10.0)
4         (11.8,12.2,3.6,10.0)
4         (11.8,11.6,4.0,9.8)
4         (12.4,11.8,4.0,10.0)
4         (12.2,11.6,4.2,10.0)
4         (12.0,11.4,4.2,10.0)
4         (12.0,11.2,4.0,9.8)
5         (-29.8,-13.8,4.0,9.8)
5         (11.0,11.2,0.0,9.8)
5         (11.2,11.4,4.0,9.8)
5         (10.8,10.8,4.0,10.2)
5         (10.8,11.0,4.2,10.2)
5         (10.8,11.4,3.8,10.0)
5         (10.8,11.8,4.2,10.2)
5         (11.6,12.0,4.2,10.0)
5         (12.2,12.0,3.8,9.8)
5         (12.2,11.8,3.8,10.0)
5         (12.2,12.2,3.8,10.0)
5         (11.8,12.2,3.8,9.8)
5         (12.2,11.4,4.0,10.0)
5         (11.8,11.4,4.0,10.0)
6         (11.0,11.0,3.8,10.2)
6         (11.0,11.0,3.6,9.8)
6         (11.0,11.0,3.8,9.6)
6         (11.2,10.8,4.0,10.2)
6         (10.8,11.0,4.0,9.6)
6         (11.2,12.0,3.8,10.2)
6         (11.4,12.0,4.0,10.2)
6         (11.2,11.6,4.0,10.2)
6         (12.0,12.0,3.6,10.0)
6         (12.0,11.8,4.0,10.2)
6         (12.2,11.6,4.0,10.0)
6         (12.0,12.4,4.0,10.0)
7         (10.8,11.8,3.8,10.0)
7         (11.2,12.2,4.0,9.8)
7         (11.4,12.0,4.0,9.8)
7         (10.8,11.8,4.0,10.2)
7         (11.0,11.6,4.4,10.0)
7         (11.2,11.6,4.0,9.8)
7         (11.8,12.0,4.2,10.0)
7         (12.0,12.2,3.8,10.2)
7         (12.2,12.0,4.2,10.2)
7         (12.2,12.2,4.2,10.0)
7         (12.0,11.8,4.2,9.8)
8         (11.2,10.8,4.2,10.0)
8         (10.8,11.2,4.0,10.2)
8         (11.2,11.0,4.2,9.8)
8         (11.0,11.8,4.0,9.6)
8         (11.2,11.8,4.0,9.8)
8         (11.2,11.8,4.2,10.2)
8         (12.2,11.8,4.0,10.2)
8         (12.2,12.2,3.8,9.8)
9         (11.0,-13.8,4.0,9.8)
9         (10.8,11.4,4.0,9.8)
9         (11.0,11.2,4.2,9.8)
9         (10.8,10.6,4.0,10.0)
9         (11.0,12.2,4.0,9.6)
9         (10.8,12.2,4.2,9.8)
9         (11.2,12.2,4.2,10.0)
9         (10.8,11.4,4.2,10.0)
9         (12.0,12.0,3.6,10.2)
9         (12.2,12.0,4.2,9.8)
9         (11.8,11.6,4.0,10.0)
9         (12.0,11.4,4.0,10.2)
10        (11.0,11.6,4.0,9.8)
10        (11.2,11.8,4.4,10.0)
10        (12.0,12.0,4.2,9.8)
10        (11.8,11.8,3.8,10.0)
10        (12.2,12.0,3.8,10.2)
10        (11.8,11.8,4.2,9.8)
11        (11.0,11.2,3.8,9.8)
11        (10.8,12.0,3.8,10.0)
11        (11.2,12.2,4.0,10.0)
11        (11.2,11.4,4.2,10.0)
11        (11.8,12.0,3.8,10.2)
12        (10.8,10.8,3.8,10.0)
12        (11.2,11.0,3.8,10.0)
12        (11.2,10.8,3.8,10.0)
12        (10.8,10.8,4.2,10.0)
12        (10.8,11.6,4.0,10.0)
12        (11.0,11.8,3.8,10.0)
12        (11.0,12.2,4.2,10.2)
13        (11.2,12.0,4.4,10.0)
13        (11.0,12.0,4.2,9.6)
13        (11.0,11.8,4.2,9.8)
13        (12.4,12.0,4.0,10.0)
13        (12.0,12.4,3.8,10.0)
14        (10.8,12.0,4.0,10.2)
14        (11.8,12.2,4.0,10.2)
14        (12.0,12.2,4.0,9.6)
15        (10.8,12.2,4.0,10.0)
15        (10.8,12.0,3.8,9.8)
15        (11.4,12.0,4.2,10.0)
15        (11.6,12.0,3.8,10.0)
15        (11.6,12.0,4.0,9.8)
16        (11.0,12.0,3.8,9.8)
16        (12.0,11.8,3.8,10.2)
16        (12.2,11.8,4.2,10.0)
18        (11.0,11.4,0.0,9.8)
18        (10.8,11.2,3.8,9.8)
18        (11.2,12.0,3.8,10.0)
18        (11.2,11.6,4.2,10.0)
19        (11.0,11.0,4.2,9.8)
19        (11.0,10.6,4.0,10.0)
19        (11.2,12.0,3.8,9.8)
20        (11.0,12.2,3.8,10.0)
21        (11.2,11.0,4.0,9.8)
21        (11.6,12.0,3.8,9.8)
21        (12.0,12.4,4.0,9.8)
22        (11.2,12.0,4.2,10.2)
23        (10.8,12.2,4.0,9.8)
23        (12.2,12.2,4.0,9.8)
24        (10.8,11.6,4.2,10.0)
25        (11.8,12.0,4.0,10.2)
25        (12.0,11.8,4.0,9.8)
26        (10.8,11.0,3.8,10.2)
26        (11.0,12.2,3.8,9.8)
26        (11.0,11.8,4.6,10.0)
27        (10.8,11.2,4.0,9.8)
27        (11.0,10.8,4.0,10.2)
28        (10.8,10.8,4.0,9.8)
29        (10.8,11.4,4.0,10.0)
29        (11.8,12.2,4.0,10.0)
29        (11.8,12.0,4.2,10.2)
30        (11.0,11.4,3.8,10.0)
30        (10.8,11.0,4.2,10.0)
30        (10.8,11.2,3.8,10.0)
31        (10.8,12.0,4.4,10.0)
32        (11.0,11.8,4.2,10.2)
33        (11.0,12.2,4.2,10.0)
33        (12.0,12.0,4.2,10.2)
33        (12.2,12.0,4.0,10.2)
35        (11.0,11.8,3.8,9.8)
35        (12.0,11.6,4.2,10.0)
35        (12.0,11.2,4.0,10.2)
36        (11.2,12.0,4.2,9.8)
37        (10.8,11.8,4.0,9.8)
38        (12.0,12.2,3.8,9.8)
39        (10.8,11.0,3.8,9.8)
39        (10.8,11.8,4.2,10.0)
39        (12.0,12.0,3.8,9.8)
39        (11.8,11.8,4.0,9.8)
40        (11.2,11.2,4.0,10.0)
40        (11.2,11.4,4.0,10.0)
41        (11.0,10.8,4.2,10.0)
41        (11.2,11.2,4.2,10.0)
41        (10.8,12.0,4.2,9.8)
41        (12.0,12.2,4.2,10.0)
41        (11.8,12.0,3.8,9.8)
42        (11.0,12.2,4.0,10.2)
42        (12.2,12.0,4.0,9.8)
43        (11.0,10.8,3.8,10.0)
43        (10.8,11.2,4.2,10.0)
43        (11.0,12.0,4.0,9.6)
44        (11.0,11.4,4.0,10.0)
44        (11.2,11.8,4.0,10.2)
45        (11.0,11.2,3.8,10.0)
45        (11.8,11.8,4.2,10.0)
47        (11.0,11.6,4.0,10.0)
47        (10.8,12.0,4.2,10.2)
47        (12.2,12.0,4.2,10.0)
49        (11.2,11.0,4.0,10.2)
51        (11.2,11.6,4.0,10.0)
51        (12.2,12.2,4.0,10.0)
54        (10.8,12.0,4.2,10.0)
54        (11.0,12.2,4.0,9.8)
54        (11.8,12.2,4.0,9.8)
54        (12.0,11.6,4.0,10.0)
55        (11.0,11.4,4.2,10.0)
55        (11.8,12.2,3.8,10.0)
56        (10.8,11.0,3.8,10.0)
56        (11.0,11.6,4.2,10.0)
56        (11.0,11.8,4.4,10.0)
56        (11.8,12.0,3.8,10.0)
56        (12.0,11.8,3.8,10.0)
57        (11.0,11.8,4.0,9.8)
57        (11.6,12.0,4.0,10.0)
57        (12.0,11.2,4.0,10.0)
58        (11.0,11.4,4.0,9.8)
59        (11.0,11.0,4.0,10.2)
59        (11.0,12.0,4.4,10.0)
59        (12.2,12.0,3.8,10.0)
59        (12.0,11.4,4.0,10.0)
59        (12.0,11.2,4.2,10.0)
61        (11.0,11.2,4.0,9.8)
61        (11.0,12.0,4.2,9.8)
61        (11.4,12.0,4.0,10.0)
62        (11.2,11.0,4.2,10.0)
62        (11.2,11.8,4.2,10.0)
63        (12.0,11.8,4.2,10.0)
64        (11.2,10.8,4.0,10.0)
64        (12.0,12.2,4.0,10.2)
64        (12.0,12.0,3.8,10.2)
65        (10.8,11.0,4.0,10.2)
67        (11.8,11.8,4.0,10.0)
69        (12.0,12.2,3.8,10.0)
70        (11.0,12.0,4.2,10.2)
70        (11.0,12.0,3.8,10.0)
71        (10.8,11.8,4.0,10.0)
72        (11.0,11.2,4.2,10.0)
73        (10.8,10.8,4.0,10.0)
73        (10.8,12.0,4.0,9.8)
74        (11.0,11.0,4.2,10.0)
75        (12.2,11.8,4.0,10.0)
76        (11.2,11.8,4.0,10.0)
77        (10.8,11.2,4.0,10.0)
79        (10.8,12.0,4.0,10.0)
79        (11.2,12.0,4.0,9.8)
79        (11.0,11.8,4.0,10.2)
79        (11.8,12.0,4.0,9.8)
81        (11.0,11.0,3.8,9.8)
83        (12.0,12.2,4.0,9.8)
87        (11.0,12.0,4.0,10.2)
87        (12.0,12.0,4.0,10.2)
89        (11.2,12.0,4.0,10.2)
90        (11.2,12.0,4.2,10.0)
92        (11.8,12.0,4.0,10.0)
95        (11.0,11.0,4.0,9.8)
97        (10.8,11.0,4.0,9.8)
98        (12.0,12.2,4.0,10.0)
98        (12.0,12.0,4.0,9.8)
99        (11.0,10.8,4.0,10.0)
99        (11.0,11.0,3.8,10.0)
101       (11.2,11.0,4.0,10.0)
103       (11.0,12.2,4.0,10.0)
105       (11.0,11.8,4.2,10.0)
107       (10.8,11.0,4.0,10.0)
108       (12.0,12.0,4.2,10.0)
109       (11.0,12.0,4.2,10.0)
113       (11.0,11.2,4.0,10.0)
115       (11.2,12.0,4.0,10.0)
121       (11.0,11.8,4.0,10.0)
122       (11.0,12.0,4.0,9.8)
127       (12.0,11.8,4.0,10.0)
131       (12.2,12.0,4.0,10.0)
140       (12.0,12.0,3.8,10.0)
148       (11.0,12.0,4.0,10.0)
164       (11.0,11.0,4.0,10.0)
164       (12.0,12.0,4.0,10.0)
