# run = 12
occ          S   
0         (0.0,0.0,-3.8,19.4)
0         (31.8,4.0,16.0,-24.6)
0         (14.2,15.4,-31.4,9.2)
0         (-26.4,32.2,28.8,-28.4)
0         (24.0,-17.2,-20.0,6.0)
0         (24.4,-32.6,-27.0,-11.2)
0         (24.2,21.0,-21.2,-13.2)
0         (1.0,-18.8,25.4,-16.6)
0         (28.2,11.4,-19.0,-17.8)
0         (-3.4,17.4,24.0,11.2)
0         (-28.6,16.6,-24.8,9.4)
0         (9.8,19.8,-27.2,19.2)
0         (-23.4,-3.4,29.0,-2.2)
0         (-29.2,9.4,-9.4,-21.4)
0         (0.6,-28.8,-0.4,16.0)
0         (15.0,2.0,27.8,25.4)
0         (29.8,-12.6,-15.8,-10.2)
0         (-16.6,-19.6,-4.2,13.6)
0         (-15.6,-16.8,7.2,29.4)
0         (24.0,14.0,-25.2,0.0)
0         (-12.8,-12.6,-6.0,11.6)
0         (25.0,-6.4,15.0,26.0)
0         (-15.2,31.6,9.6,-29.0)
0         (9.8,11.8,25.4,-10.6)
0         (12.6,-32.8,15.8,-19.6)
0         (2.4,-14.2,-15.4,21.8)
0         (-20.6,29.2,-2.2,-19.2)
0         (-20.0,-10.0,22.2,18.0)
0         (-28.4,-13.6,26.0,20.0)
0         (12.6,23.6,-30.8,14.4)
0         (18.2,29.8,29.6,19.4)
0         (-15.6,13.4,22.2,18.2)
0         (-26.6,5.4,-14.6,-1.2)
0         (2.2,-20.6,-26.2,32.4)
0         (-17.8,10.8,-22.4,2.2)
0         (-2.8,-16.8,27.2,8.6)
0         (26.4,-27.2,32.2,-1.0)
0         (11.2,14.6,1.6,-10.4)
0         (-15.0,-30.0,-7.6,-2.2)
0         (-14.8,-30.2,-7.6,-2.2)
0         (24.0,-17.4,-20.0,6.0)
0         (24.0,14.0,-25.0,0.0)
0         (4.0,7.0,8.2,2.4)
0         (4.4,7.0,8.4,2.0)
0         (4.6,7.0,8.2,2.2)
0         (4.2,7.0,8.4,2.0)
0         (4.2,7.2,8.2,2.2)
0         (4.2,6.8,8.2,2.2)
0         (4.2,7.0,8.0,2.4)
0         (3.6,7.0,8.0,2.2)
0         (4.0,7.0,8.2,1.8)
0         (4.4,7.0,8.0,2.0)
0         (3.8,7.0,8.2,2.0)
0         (3.8,7.2,8.0,2.0)
0         (4.0,7.4,8.0,2.0)
1         (-5.2,-10.8,15.4,-1.2)
1         (-15.0,-30.2,-7.6,-2.2)
1         (16.6,14.0,13.4,25.0)
1         (24.6,-7.2,-31.4,-2.6)
1         (-1.0,-6.2,12.4,23.6)
1         (20.8,27.8,-13.4,12.8)
1         (18.6,20.6,-1.8,-26.8)
1         (11.2,14.6,1.6,-10.2)
1         (4.2,6.8,8.2,2.4)
1         (4.4,6.8,8.2,2.2)
1         (4.2,7.0,8.4,2.2)
1         (4.0,6.8,8.2,2.2)
1         (4.0,7.0,8.0,1.6)
1         (4.2,7.0,8.0,1.8)
1         (4.0,7.0,7.6,2.0)
1         (4.0,7.2,7.8,2.0)
1         (4.2,7.2,8.0,2.0)
1         (4.0,7.2,8.0,1.8)
2         (17.4,0.4,-17.8,-25.2)
2         (11.0,-22.6,6.0,-13.8)
2         (12.8,-3.6,26.4,11.8)
2         (-16.4,20.8,14.2,16.2)
2         (4.4,7.0,8.0,2.4)
2         (4.4,7.2,8.2,2.2)
2         (4.0,7.0,8.4,2.2)
2         (4.0,6.8,7.8,2.0)
2         (4.0,6.8,8.0,1.8)
2         (3.8,6.8,8.0,2.0)
2         (4.0,7.0,7.8,1.8)
2         (4.2,6.8,8.0,2.0)
2         (4.2,7.0,7.8,2.0)
2         (3.8,7.0,7.8,2.0)
3         (4.4,6.8,8.2,2.4)
3         (4.4,6.8,8.0,2.4)
3         (4.4,7.0,8.4,2.2)
3         (4.4,7.0,8.0,2.2)
3         (4.0,7.2,8.2,2.2)
3         (4.0,6.8,8.2,2.0)
3         (4.0,7.0,7.8,2.2)
3         (4.0,6.6,8.0,2.0)
4         (4.6,7.0,8.2,2.4)
4         (4.0,7.2,8.0,2.2)
4         (3.8,7.0,8.0,1.8)
5         (4.4,7.0,8.2,2.6)
5         (4.4,7.0,8.2,2.0)
5         (3.8,7.0,8.2,2.2)
7         (4.4,7.0,8.4,2.4)
7         (4.2,7.0,8.2,2.0)
7         (4.0,7.0,8.0,2.4)
8         (4.0,6.8,8.0,2.2)
9         (3.8,7.0,8.0,2.2)
10        (4.4,7.2,8.2,2.4)
14        (4.2,7.0,8.0,2.2)
18        (4.2,7.0,8.2,2.4)
53        (4.2,7.0,8.2,2.2)
68        (4.4,7.0,8.2,2.2)
106       (4.0,7.0,8.2,2.2)
151       (4.4,7.0,8.2,2.4)
234       (4.0,7.2,8.0,2.0)
249       (4.0,7.0,8.2,2.0)
253       (4.2,7.0,8.0,2.0)
258       (4.0,7.0,8.0,1.8)
295       (3.8,7.0,8.0,2.0)
297       (4.0,7.0,7.8,2.0)
298       (4.0,6.8,8.0,2.0)
348       (4.0,7.0,8.0,2.2)
7141      (4.0,7.0,8.0,2.0)
