# run = 13
occ          S   
0         (3.6,12.6,-2.0,18.4)
0         (18.4,32.0,-20.4,31.0)
0         (-30.4,-7.0,-26.4,-21.8)
0         (30.6,0.8,-31.4,-32.4)
0         (22.4,-25.2,-5.2,-23.4)
0         (-26.4,13.6,27.2,4.0)
0         (12.2,-25.8,-22.0,-32.4)
0         (27.4,-9.6,7.8,-12.0)
0         (11.2,-10.0,10.8,-15.0)
0         (12.2,-24.4,-13.2,-1.8)
0         (-21.4,-13.6,-16.6,30.0)
0         (-0.8,-11.6,-21.4,-3.2)
0         (-18.6,20.2,21.0,-15.0)
0         (16.8,-29.4,-0.8,30.2)
0         (-5.2,-26.4,0.6,-9.0)
0         (-24.6,16.2,0.2,-26.4)
0         (28.2,26.0,25.8,9.0)
0         (-3.6,21.8,9.0,-3.2)
0         (-13.4,20.8,24.0,28.4)
0         (-13.6,18.4,-13.4,-27.2)
0         (32.6,13.6,29.8,-11.8)
0         (8.0,31.8,20.6,-15.6)
0         (-1.4,3.2,-9.2,-16.4)
0         (27.8,-8.0,23.8,-26.0)
0         (-14.6,4.0,16.4,16.6)
0         (18.2,-22.2,13.0,-22.4)
0         (-18.0,-16.4,25.8,-4.2)
0         (-22.4,18.4,-17.2,-16.6)
0         (15.2,9.0,30.0,-32.2)
0         (-11.6,29.8,-0.6,27.4)
0         (-22.8,-24.8,0.6,25.6)
0         (11.8,32.0,14.6,19.6)
0         (15.8,28.0,-29.8,18.8)
0         (-4.6,13.2,-25.8,-9.0)
0         (3.4,-15.0,11.4,21.2)
0         (6.0,20.6,-12.6,3.4)
0         (8.6,-7.2,20.4,-12.2)
0         (-4.4,13.2,-25.8,-9.0)
0         (-12.0,16.6,19.4,-13.6)
0         (-2.4,8.2,14.2,-2.2)
0         (8.0,28.6,32.0,15.6)
0         (8.2,28.8,32.0,15.6)
0         (-4.4,13.4,-25.8,-9.0)
0         (-1.0,-29.4,-30.8,23.0)
0         (-2.8,8.4,14.2,-2.4)
0         (-2.4,8.0,14.2,-2.4)
0         (-2.8,8.4,14.2,-2.6)
0         (-2.6,8.2,14.0,-2.2)
0         (-2.6,7.6,14.0,-2.4)
0         (-2.6,7.8,13.8,-2.4)
0         (-2.8,8.0,13.8,-2.4)
0         (-3.2,8.0,14.2,-2.4)
0         (-2.4,7.8,14.0,-2.4)
0         (-2.6,8.0,13.8,-2.2)
0         (-2.8,8.2,14.0,-2.2)
0         (-2.8,8.0,14.0,-1.8)
0         (-3.2,8.0,14.0,-1.8)
0         (-3.0,8.2,14.0,-2.2)
0         (-3.0,8.0,13.8,-2.2)
0         (-3.0,8.0,14.2,-1.8)
0         (-3.0,8.0,14.0,-1.6)
0         (-3.2,8.0,14.2,-2.0)
0         (-3.4,8.0,14.0,-2.0)
0         (-3.0,8.0,14.2,-2.2)
1         (-26.4,3.6,-2.6,12.6)
1         (31.0,28.4,9.8,-24.0)
1         (-14.6,4.6,-25.8,-15.4)
1         (1.2,-9.8,-14.6,20.8)
1         (-16.2,-30.8,-22.8,-10.8)
1         (8.0,28.8,32.0,15.6)
1         (-23.6,-19.0,-1.6,18.2)
1         (-12.0,16.6,19.4,-13.4)
1         (22.2,11.4,-8.2,-24.2)
1         (19.2,-2.2,-11.0,-11.2)
1         (28.0,-8.0,23.8,-26.0)
1         (-2.6,8.0,14.4,-2.4)
1         (-2.6,8.0,14.2,-2.6)
1         (-2.6,8.0,14.0,-2.6)
1         (-3.0,7.8,14.0,-2.2)
1         (-3.0,8.2,14.0,-1.8)
1         (-3.0,8.2,14.2,-2.0)
2         (8.4,-7.2,20.4,-12.2)
2         (-2.6,8.2,14.4,-2.4)
2         (-2.6,8.4,14.2,-2.4)
2         (-2.6,8.2,14.2,-2.6)
2         (-2.8,8.2,14.2,-2.4)
2         (-2.4,8.2,14.2,-2.4)
2         (-2.8,8.0,13.8,-2.2)
2         (-2.8,8.2,14.0,-2.0)
2         (-3.0,7.8,14.0,-1.8)
2         (-3.0,8.2,13.8,-2.0)
2         (-3.2,7.8,14.0,-2.0)
2         (-3.0,8.0,13.6,-2.0)
3         (-2.6,8.2,14.2,-2.2)
3         (-2.6,8.0,13.8,-2.4)
3         (-3.0,8.0,14.2,-2.4)
3         (-2.8,7.8,14.0,-2.4)
3         (-2.6,8.0,14.0,-2.0)
3         (-2.8,8.0,14.2,-2.0)
3         (-3.2,8.0,13.8,-2.0)
4         (20.2,20.0,-30.6,-21.0)
4         (-2.6,8.0,14.2,-2.2)
4         (-2.4,8.0,14.0,-2.4)
4         (-2.8,7.8,14.0,-2.2)
4         (-2.8,8.0,13.8,-2.0)
4         (-3.0,8.0,13.8,-1.8)
4         (-3.0,7.8,13.8,-2.0)
5         (-2.8,8.2,14.0,-2.4)
6         (-1.0,-29.2,-30.8,23.0)
6         (-2.6,7.8,14.0,-2.4)
6         (-2.4,8.2,14.0,-2.4)
6         (-2.8,7.8,14.0,-2.0)
9         (-2.8,8.0,14.2,-2.2)
14        (-2.8,8.0,14.2,-2.4)
16        (-2.6,8.0,14.0,-2.2)
22        (-2.8,8.0,14.0,-2.4)
43        (-2.6,8.2,14.0,-2.4)
50        (-2.6,8.2,14.2,-2.4)
59        (-2.6,8.0,14.2,-2.4)
89        (-2.8,8.0,14.0,-2.2)
124       (-2.6,8.0,14.0,-2.4)
224       (-3.2,8.0,14.0,-2.0)
240       (-3.0,8.0,14.0,-2.2)
240       (-3.0,8.2,14.0,-2.0)
245       (-3.0,8.0,14.2,-2.0)
246       (-3.0,8.0,14.0,-1.8)
247       (-3.0,7.8,14.0,-2.0)
337       (-3.0,8.0,13.8,-2.0)
364       (-2.8,8.0,14.0,-2.0)
7232      (-3.0,8.0,14.0,-2.0)
