# run = 16
ltot         F            S   
0         -1.5597e+01    (1.6,-9.0,-6.6,1.4)
1         -1.5446e+01    (1.6,-9.0,-6.8,1.4)
2         -1.5357e+01    (1.6,-9.0,-6.6,1.2)
3         -1.5367e+01    (1.6,-9.0,-6.6,1.2)
4         -1.5003e+01    (1.8,-9.0,-6.4,1.2)
5         -1.4834e+01    (1.8,-9.0,-6.6,1.0)
6         -1.4535e+01    (1.8,-9.0,-6.2,1.2)
7         -1.4535e+01    (1.8,-9.0,-6.2,1.2)
8         -1.4440e+01    (1.8,-9.0,-6.8,1.0)
9         -1.4440e+01    (1.8,-9.0,-6.8,1.0)
10        -1.4108e+01    (2.0,-9.0,-6.8,1.0)
11        -1.4185e+01    (2.0,-9.0,-7.0,1.2)
12        -1.4195e+01    (2.0,-9.0,-7.0,1.2)
13        -1.3742e+01    (2.0,-9.0,-7.0,1.0)
14        -1.3962e+01    (2.0,-9.0,-7.0,1.0)
15        -1.4072e+01    (2.0,-9.0,-7.0,1.0)
16        -1.4174e+01    (2.0,-9.0,-7.0,0.8)
17        -1.4204e+01    (2.0,-9.0,-7.0,0.8)
18        -1.4163e+01    (1.8,-9.0,-7.0,1.0)
19        -1.4163e+01    (1.8,-9.0,-7.0,1.0)
20        -1.4173e+01    (1.8,-9.0,-7.0,1.0)
21        -1.4183e+01    (1.8,-9.0,-7.0,1.0)
22        -1.4290e+01    (2.0,-9.2,-7.0,1.0)
23        -1.4310e+01    (2.0,-9.2,-7.0,1.0)
24        -1.4246e+01    (2.2,-9.0,-7.0,1.0)
25        -1.4263e+01    (1.8,-9.0,-7.0,1.0)
26        -1.4403e+01    (1.8,-9.0,-7.0,1.0)
27        -1.4514e+01    (2.2,-9.0,-6.8,1.0)
28        -1.4528e+01    (1.8,-9.0,-7.0,1.2)
29        -1.4538e+01    (1.8,-9.0,-7.0,1.2)
30        -1.4548e+01    (1.8,-9.0,-7.0,1.2)
31        -1.4350e+01    (2.0,-9.2,-7.0,1.0)
32        -1.4360e+01    (2.0,-9.2,-7.0,1.0)
33        -1.4370e+01    (2.0,-9.2,-7.0,1.0)
34        -1.4540e+01    (2.0,-9.2,-7.0,1.0)
35        -1.4570e+01    (2.0,-9.2,-6.8,1.0)
36        -1.4620e+01    (2.0,-9.2,-6.8,1.0)
37        -1.4663e+01    (2.0,-9.0,-7.2,1.2)
38        -1.4537e+01    (2.0,-8.8,-7.2,1.0)
39        -1.4607e+01    (2.0,-8.8,-7.2,1.0)
40        -1.4770e+01    (2.0,-9.2,-6.8,1.0)
41        -1.4682e+01    (2.0,-9.0,-7.2,0.8)
42        -1.4692e+01    (2.0,-9.0,-7.2,0.8)
43        -1.4794e+01    (2.0,-8.4,-7.2,1.0)
44        -1.4692e+01    (2.0,-8.8,-6.8,1.0)
45        -1.4438e+01    (2.0,-8.4,-7.0,1.0)
46        -1.4060e+01    (2.0,-8.2,-6.8,1.0)
47        -1.3595e+01    (2.0,-8.0,-6.8,1.0)
48        -1.3595e+01    (2.0,-8.0,-6.8,1.0)
49        -1.3605e+01    (2.0,-8.0,-6.8,1.0)
50        -1.3745e+01    (2.0,-8.0,-6.8,1.0)
51        -1.3261e+01    (2.0,-8.0,-7.0,1.0)
52        -1.3511e+01    (2.0,-8.0,-7.0,1.0)
53        -1.3582e+01    (2.0,-7.8,-7.0,1.0)
54        -1.3582e+01    (2.0,-7.8,-7.0,1.0)
55        -1.3778e+01    (2.2,-8.0,-7.0,1.0)
56        -1.3671e+01    (2.0,-8.0,-7.0,0.8)
57        -1.3741e+01    (2.0,-8.0,-7.0,0.8)
58        -1.3858e+01    (2.2,-8.0,-7.0,1.0)
59        -1.3799e+01    (2.0,-8.0,-7.2,1.0)
60        -1.3869e+01    (2.0,-8.0,-7.2,1.0)
61        -1.3889e+01    (2.0,-8.0,-7.2,1.0)
62        -1.3899e+01    (2.0,-8.0,-7.2,1.0)
63        -1.3972e+01    (2.2,-7.8,-7.0,1.0)
64        -1.3982e+01    (2.2,-7.8,-7.0,1.0)
65        -1.3602e+01    (2.0,-7.8,-7.0,1.0)
66        -1.3622e+01    (2.0,-7.8,-7.0,1.0)
67        -1.3692e+01    (2.0,-7.8,-7.0,1.0)
68        -1.3916e+01    (2.0,-7.8,-6.8,1.0)
69        -1.3931e+01    (1.8,-7.8,-7.0,1.0)
70        -1.4060e+01    (2.0,-7.6,-7.0,1.0)
71        -1.3941e+01    (1.8,-7.8,-7.0,1.0)
72        -1.3909e+01    (2.0,-8.0,-7.2,1.0)
73        -1.3989e+01    (2.0,-8.0,-7.2,1.0)
74        -1.3940e+01    (2.0,-7.4,-7.0,1.0)
75        -1.3950e+01    (2.0,-7.4,-7.0,1.0)
76        -1.3980e+01    (2.0,-7.4,-7.0,1.0)
77        -1.3282e+01    (2.0,-7.2,-7.0,1.0)
78        -1.2751e+01    (2.0,-7.0,-7.0,1.0)
79        -1.2931e+01    (2.0,-7.0,-7.0,1.0)
80        -1.3092e+01    (2.0,-7.0,-6.8,1.0)
81        -1.3092e+01    (2.0,-7.0,-6.8,1.0)
82        -1.3102e+01    (2.0,-7.0,-6.8,1.0)
83        -1.3122e+01    (2.0,-7.0,-6.8,1.0)
84        -1.3143e+01    (2.0,-6.8,-7.0,1.0)
85        -1.3202e+01    (2.0,-7.0,-6.8,1.0)
86        -1.3223e+01    (2.0,-7.0,-6.8,1.0)
87        -1.3208e+01    (2.0,-7.0,-7.0,1.2)
88        -1.3228e+01    (2.0,-7.0,-7.0,1.2)
89        -1.3238e+01    (2.0,-7.0,-7.0,1.2)
90        -1.3362e+01    (2.2,-7.0,-7.0,1.0)
91        -1.3432e+01    (2.2,-7.0,-7.0,1.0)
92        -1.3476e+01    (2.2,-7.0,-6.8,1.0)
93        -1.3455e+01    (1.8,-7.0,-7.0,1.0)
94        -1.3302e+01    (2.0,-7.0,-7.2,1.0)
95        -1.3312e+01    (2.0,-7.0,-7.2,1.0)
96        -1.3382e+01    (2.0,-7.0,-7.2,1.0)
97        -1.3412e+01    (2.0,-7.0,-7.2,1.0)
98        -1.3462e+01    (2.0,-7.0,-7.2,1.0)
99        -1.3492e+01    (2.0,-7.0,-7.2,1.0)
100       -1.3532e+01    (2.0,-7.0,-7.2,1.0)
101       -1.3486e+01    (2.2,-7.0,-6.8,1.0)
102       -1.3661e+01    (2.0,-7.0,-7.2,1.2)
103       -1.3639e+01    (1.8,-7.0,-7.2,1.0)
104       -1.3465e+01    (1.8,-7.0,-7.0,1.0)
105       -1.3605e+01    (1.8,-7.0,-7.0,0.8)
106       -1.3437e+01    (1.8,-7.0,-6.8,1.0)
107       -1.3457e+01    (1.8,-7.0,-6.8,1.0)
108       -1.3507e+01    (1.8,-7.0,-6.8,1.0)
109       -1.3547e+01    (1.8,-7.0,-6.8,1.0)
110       -1.3596e+01    (2.2,-7.0,-6.8,1.0)
111       -1.3692e+01    (2.0,-7.0,-6.8,1.0)
112       -1.3462e+01    (2.0,-7.0,-6.8,0.8)
113       -1.3482e+01    (2.0,-7.0,-6.8,0.8)
114       -1.3522e+01    (2.0,-7.0,-6.8,0.8)
115       -1.3552e+01    (2.0,-7.0,-6.8,0.8)
116       -1.3592e+01    (2.0,-7.0,-6.8,0.8)
117       -1.3441e+01    (2.0,-7.0,-6.4,1.0)
118       -1.3451e+01    (2.0,-7.0,-6.4,1.0)
119       -1.3501e+01    (2.0,-7.0,-6.4,1.0)
120       -1.3531e+01    (2.0,-7.0,-6.4,1.0)
121       -1.2784e+01    (2.0,-7.0,-6.2,1.0)
122       -1.3627e+01    (2.0,-6.8,-6.4,1.0)
123       -1.2784e+01    (2.0,-7.0,-6.2,1.0)
124       -1.2255e+01    (2.0,-7.0,-6.0,1.0)
125       -1.2285e+01    (2.0,-7.0,-6.0,1.0)
126       -1.2425e+01    (2.0,-7.0,-6.0,1.0)
127       -1.2572e+01    (2.0,-6.8,-6.0,1.0)
128       -1.2582e+01    (2.0,-6.8,-6.0,1.0)
129       -1.2582e+01    (2.0,-6.8,-6.0,1.0)
130       -1.2592e+01    (2.0,-6.8,-6.0,1.0)
131       -1.2602e+01    (2.0,-6.8,-6.0,1.0)
132       -1.2622e+01    (2.0,-6.8,-6.0,1.0)
133       -1.2649e+01    (2.0,-7.0,-5.8,1.0)
134       -1.2669e+01    (2.0,-7.0,-5.8,1.0)
135       -1.2844e+01    (2.0,-6.8,-5.8,1.0)
136       -1.2844e+01    (2.0,-6.8,-5.8,1.0)
137       -1.2874e+01    (2.0,-6.8,-5.8,1.0)
138       -1.2705e+01    (1.8,-7.0,-6.0,1.0)
139       -1.2679e+01    (2.0,-7.0,-5.8,1.0)
140       -1.2755e+01    (1.8,-7.0,-6.0,1.0)
141       -1.2775e+01    (1.8,-7.0,-6.0,1.0)
142       -1.2785e+01    (1.8,-7.0,-6.0,1.0)
143       -1.3003e+01    (1.8,-7.0,-6.0,0.8)
144       -1.3200e+01    (2.0,-7.2,-6.0,1.0)
145       -1.2970e+01    (2.0,-7.0,-5.8,1.2)
146       -1.2754e+01    (2.0,-7.0,-6.0,1.2)
147       -1.2764e+01    (2.0,-7.0,-6.0,1.2)
148       -1.2784e+01    (2.0,-7.0,-6.0,1.2)
149       -1.2973e+01    (2.0,-6.8,-6.0,1.2)
150       -1.2993e+01    (2.0,-6.8,-6.0,1.2)
151       -1.3220e+01    (1.8,-7.0,-5.8,0.8)
152       -1.3195e+01    (1.8,-7.0,-5.4,1.0)
153       -1.2640e+01    (1.8,-7.0,-5.2,1.0)
154       -1.2690e+01    (1.8,-7.0,-5.2,1.0)
155       -1.2720e+01    (1.8,-7.0,-5.2,1.0)
156       -1.2538e+01    (2.0,-6.8,-5.2,1.0)
157       -1.2302e+01    (2.0,-7.0,-5.2,1.0)
158       -1.2173e+01    (1.8,-7.0,-5.0,1.0)
159       -1.1777e+01    (2.0,-7.0,-5.0,1.0)
160       -1.1777e+01    (2.0,-7.0,-5.0,1.0)
161       -1.1847e+01    (2.0,-7.0,-5.0,1.0)
162       -1.1997e+01    (2.0,-7.0,-5.0,1.0)
163       -1.2192e+01    (2.0,-7.0,-5.0,0.8)
164       -1.2269e+01    (2.0,-7.0,-5.0,1.2)
165       -1.2117e+01    (2.0,-7.0,-4.8,1.0)
166       -1.2193e+01    (1.8,-7.0,-5.0,1.0)
167       -1.2203e+01    (1.8,-7.0,-5.0,1.0)
168       -1.2223e+01    (1.8,-7.0,-5.0,1.0)
169       -1.2257e+01    (2.2,-7.0,-5.0,1.0)
170       -1.2463e+01    (1.8,-7.0,-5.0,1.0)
171       -1.2529e+01    (1.8,-7.0,-5.0,0.8)
172       -1.2539e+01    (1.8,-7.0,-5.0,0.8)
173       -1.2443e+01    (1.8,-7.0,-4.8,1.0)
174       -1.2453e+01    (1.8,-7.0,-4.8,1.0)
175       -1.2483e+01    (1.8,-7.0,-4.8,1.0)
176       -1.2117e+01    (2.0,-7.0,-4.8,1.0)
177       -1.2347e+01    (2.0,-7.0,-4.8,1.0)
178       -1.2472e+01    (2.0,-7.0,-4.8,0.8)
179       -1.2492e+01    (2.0,-7.0,-4.8,0.8)
180       -1.2267e+01    (2.2,-7.0,-5.0,1.0)
181       -1.2599e+01    (2.2,-7.0,-4.8,1.0)
182       -1.2649e+01    (2.2,-7.0,-4.8,1.0)
183       -1.2277e+01    (2.2,-7.0,-5.0,1.0)
184       -1.2297e+01    (2.2,-7.0,-5.0,1.0)
185       -1.2557e+01    (2.2,-7.0,-5.0,1.0)
186       -1.2591e+01    (2.2,-6.8,-5.0,1.0)
187       -1.2601e+01    (2.2,-6.8,-5.0,1.0)
188       -1.2542e+01    (2.0,-6.8,-5.0,1.2)
189       -1.2500e+01    (2.0,-7.0,-4.8,1.2)
190       -1.2570e+01    (2.0,-7.0,-4.8,1.2)
191       -1.2683e+01    (2.0,-6.8,-4.8,1.2)
192       -1.2202e+01    (2.0,-7.0,-5.0,0.8)
193       -1.2392e+01    (2.0,-7.0,-5.0,0.8)
194       -1.2474e+01    (2.0,-6.8,-5.0,0.8)
195       -1.2609e+01    (2.0,-6.8,-5.0,1.0)
196       -1.2631e+01    (2.0,-6.4,-5.0,0.8)
197       -1.2030e+01    (2.0,-6.2,-5.0,0.8)
198       -1.2040e+01    (2.0,-6.2,-5.0,0.8)
199       -1.1536e+01    (2.0,-6.0,-5.0,0.8)
200       -1.2230e+01    (2.0,-6.2,-4.8,0.8)
