# run = 14
ltot         F            S   
0         -1.4407e+01    (8.2,2.6,0.0,5.8)
1         -1.4229e+01    (5.8,-3.4,-7.0,0.6)
2         -1.4087e+01    (5.6,-3.2,-7.0,0.6)
3         -1.3220e+01    (5.6,2.6,0.0,5.8)
4         -1.2693e+01    (5.8,2.8,0.0,5.8)
5         -1.2612e+01    (6.0,-3.2,0.0,5.8)
6         -1.2693e+01    (5.8,2.8,0.0,5.8)
7         -1.2693e+01    (5.8,2.8,0.0,5.8)
8         -1.2693e+01    (5.8,2.8,0.0,5.8)
9         -1.2500e+01    (6.0,2.8,0.0,5.8)
10        -1.2443e+01    (5.8,3.0,0.0,5.8)
11        -1.2192e+01    (6.0,3.0,0.0,5.8)
12        -1.2192e+01    (6.0,3.0,0.0,5.8)
13        -1.2192e+01    (6.0,3.0,0.0,5.8)
14        -1.2192e+01    (5.8,3.0,0.0,6.0)
15        -1.2192e+01    (5.8,3.0,0.0,6.0)
16        -1.1869e+01    (6.0,3.0,0.0,6.0)
17        -1.2192e+01    (5.8,3.0,0.0,6.0)
18        -1.2192e+01    (5.8,3.0,0.0,6.0)
19        -1.1869e+01    (6.0,3.0,0.0,6.0)
20        -1.1869e+01    (6.0,3.0,0.0,6.0)
21        -1.2192e+01    (5.8,3.0,0.0,6.0)
22        -1.1869e+01    (6.0,3.0,0.0,6.0)
23        -1.1869e+01    (6.0,3.0,0.0,6.0)
24        -1.1869e+01    (6.0,3.0,0.0,6.0)
25        -1.1869e+01    (6.0,3.0,0.0,6.0)
26        -1.1869e+01    (6.0,3.0,0.0,6.0)
27        -1.1869e+01    (6.0,3.0,0.0,6.0)
28        -1.1869e+01    (6.0,3.0,0.0,6.0)
29        -1.1869e+01    (6.0,3.0,0.0,6.0)
30        -1.1869e+01    (6.0,3.0,0.0,6.0)
31        -1.1869e+01    (6.0,3.0,0.0,6.0)
32        -1.1869e+01    (6.0,3.0,0.0,6.0)
33        -1.1869e+01    (6.0,3.0,0.0,6.0)
34        -1.1869e+01    (6.0,3.0,0.0,6.0)
35        -1.1869e+01    (6.0,3.0,0.0,6.0)
36        -1.1869e+01    (6.0,3.0,0.0,6.0)
37        -1.1869e+01    (6.0,3.0,0.0,6.0)
38        -1.1869e+01    (6.0,3.0,0.0,6.0)
39        -1.1869e+01    (6.0,3.0,0.0,6.0)
40        -1.1869e+01    (6.0,3.0,0.0,6.0)
41        -1.1869e+01    (6.0,3.0,0.0,6.0)
42        -1.1869e+01    (6.0,3.0,0.0,6.0)
43        -1.1869e+01    (6.0,3.0,0.0,6.0)
44        -1.1869e+01    (6.0,3.0,0.0,6.0)
45        -1.1869e+01    (6.0,3.0,0.0,6.0)
46        -1.1869e+01    (6.0,3.0,0.0,6.0)
47        -1.1869e+01    (6.0,3.0,0.0,6.0)
48        -1.1869e+01    (6.0,3.0,0.0,6.0)
49        -1.1869e+01    (6.0,3.0,0.0,6.0)
50        -1.1869e+01    (6.0,3.0,0.0,6.0)
51        -1.1869e+01    (6.0,3.0,0.0,6.0)
52        -1.1869e+01    (6.0,3.0,0.0,6.0)
53        -1.1869e+01    (6.0,3.0,0.0,6.0)
54        -1.1869e+01    (6.0,3.0,0.0,6.0)
55        -1.1869e+01    (6.0,3.0,0.0,6.0)
56        -1.1869e+01    (6.0,3.0,0.0,6.0)
57        -1.1869e+01    (6.0,3.0,0.0,6.0)
58        -1.1869e+01    (6.0,3.0,0.0,6.0)
59        -1.1869e+01    (6.0,3.0,0.0,6.0)
60        -1.1869e+01    (6.0,3.0,0.0,6.0)
61        -1.1869e+01    (6.0,3.0,0.0,6.0)
62        -1.1869e+01    (6.0,3.0,0.0,6.0)
63        -1.1869e+01    (6.0,3.0,0.0,6.0)
64        -1.1869e+01    (6.0,3.0,0.0,6.0)
65        -1.1869e+01    (6.0,3.0,0.0,6.0)
66        -1.1869e+01    (6.0,3.0,0.0,6.0)
67        -1.1869e+01    (6.0,3.0,0.0,6.0)
68        -1.1869e+01    (6.0,3.0,0.0,6.0)
69        -1.1869e+01    (6.0,3.0,0.0,6.0)
70        -1.1869e+01    (6.0,3.0,0.0,6.0)
71        -1.1869e+01    (6.0,3.0,0.0,6.0)
72        -1.1869e+01    (6.0,3.0,0.0,6.0)
73        -1.1869e+01    (6.0,3.0,0.0,6.0)
74        -1.1869e+01    (6.0,3.0,0.0,6.0)
75        -1.1869e+01    (6.0,3.0,0.0,6.0)
76        -1.1869e+01    (6.0,3.0,0.0,6.0)
77        -1.1869e+01    (6.0,3.0,0.0,6.0)
78        -1.1869e+01    (6.0,3.0,0.0,6.0)
79        -1.1869e+01    (6.0,3.0,0.0,6.0)
80        -1.1869e+01    (6.0,3.0,0.0,6.0)
81        -1.1869e+01    (6.0,3.0,0.0,6.0)
82        -1.1869e+01    (6.0,3.0,0.0,6.0)
83        -1.1869e+01    (6.0,3.0,0.0,6.0)
84        -1.1869e+01    (6.0,3.0,0.0,6.0)
85        -1.1869e+01    (6.0,3.0,0.0,6.0)
86        -1.1869e+01    (6.0,3.0,0.0,6.0)
87        -1.1869e+01    (6.0,3.0,0.0,6.0)
88        -1.1869e+01    (6.0,3.0,0.0,6.0)
89        -1.1869e+01    (6.0,3.0,0.0,6.0)
90        -1.1869e+01    (6.0,3.0,0.0,6.0)
91        -1.1869e+01    (6.0,3.0,0.0,6.0)
92        -1.1869e+01    (6.0,3.0,0.0,6.0)
93        -1.1869e+01    (6.0,3.0,0.0,6.0)
94        -1.1869e+01    (6.0,3.0,0.0,6.0)
95        -1.1869e+01    (6.0,3.0,0.0,6.0)
96        -1.1869e+01    (6.0,3.0,0.0,6.0)
97        -1.1869e+01    (6.0,3.0,0.0,6.0)
98        -1.1869e+01    (6.0,3.0,0.0,6.0)
99        -1.1869e+01    (6.0,3.0,0.0,6.0)
100       -1.1869e+01    (6.0,3.0,0.0,6.0)
101       -1.1869e+01    (6.0,3.0,0.0,6.0)
102       -1.1869e+01    (6.0,3.0,0.0,6.0)
103       -1.1869e+01    (6.0,3.0,0.0,6.0)
104       -1.1869e+01    (6.0,3.0,0.0,6.0)
105       -1.1869e+01    (6.0,3.0,0.0,6.0)
106       -1.1869e+01    (6.0,3.0,0.0,6.0)
107       -1.1869e+01    (6.0,3.0,0.0,6.0)
108       -1.1869e+01    (6.0,3.0,0.0,6.0)
109       -1.1869e+01    (6.0,3.0,0.0,6.0)
110       -1.1869e+01    (6.0,3.0,0.0,6.0)
111       -1.1869e+01    (6.0,3.0,0.0,6.0)
112       -1.1869e+01    (6.0,3.0,0.0,6.0)
113       -1.1869e+01    (6.0,3.0,0.0,6.0)
114       -1.1869e+01    (6.0,3.0,0.0,6.0)
115       -1.1869e+01    (6.0,3.0,0.0,6.0)
116       -1.1869e+01    (6.0,3.0,0.0,6.0)
117       -1.1869e+01    (6.0,3.0,0.0,6.0)
118       -1.1869e+01    (6.0,3.0,0.0,6.0)
119       -1.1869e+01    (6.0,3.0,0.0,6.0)
120       -1.1869e+01    (6.0,3.0,0.0,6.0)
121       -1.1869e+01    (6.0,3.0,0.0,6.0)
122       -1.1869e+01    (6.0,3.0,0.0,6.0)
123       -1.1869e+01    (6.0,3.0,0.0,6.0)
124       -1.1869e+01    (6.0,3.0,0.0,6.0)
125       -1.1869e+01    (6.0,3.0,0.0,6.0)
126       -1.1869e+01    (6.0,3.0,0.0,6.0)
127       -1.1869e+01    (6.0,3.0,0.0,6.0)
128       -1.1869e+01    (6.0,3.0,0.0,6.0)
129       -1.1869e+01    (6.0,3.0,0.0,6.0)
130       -1.1869e+01    (6.0,3.0,0.0,6.0)
131       -1.1869e+01    (6.0,3.0,0.0,6.0)
132       -1.1869e+01    (6.0,3.0,0.0,6.0)
133       -1.1869e+01    (6.0,3.0,0.0,6.0)
134       -1.1869e+01    (6.0,3.0,0.0,6.0)
135       -1.1869e+01    (6.0,3.0,0.0,6.0)
136       -1.1869e+01    (6.0,3.0,0.0,6.0)
137       -1.1869e+01    (6.0,3.0,0.0,6.0)
138       -1.1869e+01    (6.0,3.0,0.0,6.0)
139       -1.1869e+01    (6.0,3.0,0.0,6.0)
140       -1.1869e+01    (6.0,3.0,0.0,6.0)
141       -1.1869e+01    (6.0,3.0,0.0,6.0)
142       -1.1869e+01    (6.0,3.0,0.0,6.0)
143       -1.1869e+01    (6.0,3.0,0.0,6.0)
144       -1.1869e+01    (6.0,3.0,0.0,6.0)
145       -1.1869e+01    (6.0,3.0,0.0,6.0)
146       -1.1869e+01    (6.0,3.0,0.0,6.0)
147       -1.1869e+01    (6.0,3.0,0.0,6.0)
148       -1.1869e+01    (6.0,3.0,0.0,6.0)
149       -1.1869e+01    (6.0,3.0,0.0,6.0)
150       -1.1869e+01    (6.0,3.0,0.0,6.0)
151       -1.1869e+01    (6.0,3.0,0.0,6.0)
152       -1.1869e+01    (6.0,3.0,0.0,6.0)
153       -1.1869e+01    (6.0,3.0,0.0,6.0)
154       -1.1869e+01    (6.0,3.0,0.0,6.0)
155       -1.1869e+01    (6.0,3.0,0.0,6.0)
156       -1.1869e+01    (6.0,3.0,0.0,6.0)
157       -1.1869e+01    (6.0,3.0,0.0,6.0)
158       -1.1869e+01    (6.0,3.0,0.0,6.0)
159       -1.1869e+01    (6.0,3.0,0.0,6.0)
160       -1.1869e+01    (6.0,3.0,0.0,6.0)
161       -1.1869e+01    (6.0,3.0,0.0,6.0)
162       -1.1869e+01    (6.0,3.0,0.0,6.0)
163       -1.1869e+01    (6.0,3.0,0.0,6.0)
164       -1.1869e+01    (6.0,3.0,0.0,6.0)
165       -1.1869e+01    (6.0,3.0,0.0,6.0)
166       -1.1869e+01    (6.0,3.0,0.0,6.0)
167       -1.1869e+01    (6.0,3.0,0.0,6.0)
168       -1.1869e+01    (6.0,3.0,0.0,6.0)
169       -1.1869e+01    (6.0,3.0,0.0,6.0)
170       -1.1869e+01    (6.0,3.0,0.0,6.0)
171       -1.1869e+01    (6.0,3.0,0.0,6.0)
172       -1.1869e+01    (6.0,3.0,0.0,6.0)
173       -1.1869e+01    (6.0,3.0,0.0,6.0)
174       -1.1869e+01    (6.0,3.0,0.0,6.0)
175       -1.1869e+01    (6.0,3.0,0.0,6.0)
176       -1.1869e+01    (6.0,3.0,0.0,6.0)
177       -1.1869e+01    (6.0,3.0,0.0,6.0)
178       -1.1869e+01    (6.0,3.0,0.0,6.0)
179       -1.1869e+01    (6.0,3.0,0.0,6.0)
180       -1.1869e+01    (6.0,3.0,0.0,6.0)
181       -1.1869e+01    (6.0,3.0,0.0,6.0)
182       -1.1869e+01    (6.0,3.0,0.0,6.0)
183       -1.1869e+01    (6.0,3.0,0.0,6.0)
184       -1.1869e+01    (6.0,3.0,0.0,6.0)
185       -1.1869e+01    (6.0,3.0,0.0,6.0)
186       -1.1869e+01    (6.0,3.0,0.0,6.0)
187       -1.1869e+01    (6.0,3.0,0.0,6.0)
188       -1.1869e+01    (6.0,3.0,0.0,6.0)
189       -1.1869e+01    (6.0,3.0,0.0,6.0)
190       -1.1869e+01    (6.0,3.0,0.0,6.0)
191       -1.1869e+01    (6.0,3.0,0.0,6.0)
192       -1.1869e+01    (6.0,3.0,0.0,6.0)
193       -1.1869e+01    (6.0,3.0,0.0,6.0)
194       -1.1869e+01    (6.0,3.0,0.0,6.0)
195       -1.1869e+01    (6.0,3.0,0.0,6.0)
196       -1.1869e+01    (6.0,3.0,0.0,6.0)
197       -1.1869e+01    (6.0,3.0,0.0,6.0)
198       -1.1869e+01    (6.0,3.0,0.0,6.0)
199       -1.1869e+01    (6.0,3.0,0.0,6.0)
200       -1.1869e+01    (6.0,3.0,0.0,6.0)
