# run = 20
occ          S   
0         (-5.8,-2.0,22.6,-19.0)
0         (-19.8,-31.6,-1.2,26.6)
0         (-30.4,-31.4,-7.8,-13.8)
0         (-28.6,0.0,-4.0,19.4)
0         (31.0,-11.0,-12.6,-16.6)
0         (15.2,-4.0,23.8,5.8)
0         (-21.6,31.8,14.8,13.6)
0         (-14.8,-2.4,30.4,-29.2)
0         (9.0,31.0,17.6,32.6)
0         (12.2,-19.6,3.6,-13.0)
0         (-23.8,9.6,4.0,29.6)
0         (25.8,20.8,-5.2,-31.8)
0         (1.6,-10.4,0.8,17.4)
0         (16.6,9.4,11.8,15.4)
0         (-17.2,6.4,-22.4,15.4)
0         (-20.0,0.6,-29.2,-22.4)
0         (-18.2,5.8,-17.2,-31.4)
0         (-31.6,-7.6,9.2,19.4)
0         (-25.0,-31.6,3.0,-10.6)
0         (1.4,22.2,-22.0,23.8)
0         (4.6,11.8,-19.2,-3.2)
0         (30.6,-31.0,25.4,-6.6)
0         (-3.2,-5.2,-2.6,29.8)
0         (-22.4,10.8,30.6,24.4)
0         (-32.2,-14.4,-25.2,-26.2)
0         (-20.2,30.2,-10.0,8.8)
0         (-1.0,19.0,-14.0,-28.2)
0         (-21.0,-1.8,-21.0,-0.6)
0         (10.4,7.6,24.4,12.4)
0         (0.0,-16.8,17.0,-15.8)
0         (-21.0,26.6,-28.8,9.6)
0         (-22.8,22.4,-11.2,7.0)
0         (-4.0,16.2,-23.6,-30.2)
0         (-27.4,2.4,-32.6,4.6)
0         (19.6,17.8,-27.2,14.2)
0         (-22.2,29.8,-11.2,-16.6)
0         (-6.0,-1.0,-4.8,29.4)
0         (-6.0,-1.0,-4.8,29.2)
0         (4.6,11.6,-19.2,-3.2)
0         (-8.0,26.4,-12.2,1.6)
0         (-25.0,-31.6,2.8,-10.6)
0         (28.0,32.0,-10.0,-10.8)
0         (0.6,9.8,-4.4,9.4)
0         (-16.8,16.8,-5.0,-4.2)
0         (0.6,31.8,-10.2,-10.8)
0         (4.2,-11.0,5.8,8.4)
0         (0.6,9.6,-10.0,-10.6)
0         (-16.8,17.0,-5.0,-11.0)
0         (0.8,9.4,-4.4,9.2)
0         (0.4,9.6,-4.4,-10.6)
0         (0.4,9.4,-10.0,-10.6)
0         (0.6,9.8,-10.0,-10.8)
0         (0.4,9.6,-4.4,-10.8)
0         (0.8,9.8,-4.2,-10.8)
0         (0.4,9.6,-4.2,-11.0)
0         (0.6,9.8,-4.2,-11.0)
0         (0.8,9.8,-4.2,-11.2)
0         (0.6,9.4,-4.2,-11.2)
0         (0.8,9.6,-4.2,-11.4)
0         (0.8,9.8,-4.4,-10.8)
0         (1.0,9.0,-4.2,-10.6)
0         (1.2,9.0,-4.2,-10.6)
0         (1.0,9.0,-4.4,-11.0)
0         (0.8,8.6,-4.0,-11.0)
0         (0.6,9.0,-4.0,-10.8)
0         (1.0,9.0,-4.0,-10.6)
0         (0.8,8.8,-4.2,-10.8)
0         (0.8,8.8,-4.0,-10.6)
0         (0.8,9.2,-3.8,-11.0)
0         (0.8,9.0,-4.2,-10.8)
0         (0.8,8.8,-3.8,-10.8)
0         (1.0,8.6,-4.2,-10.8)
0         (0.8,9.0,-3.8,-11.2)
0         (1.2,8.8,-4.2,-10.8)
0         (0.8,8.8,-3.8,-11.2)
0         (1.2,8.6,-4.0,-11.0)
0         (1.0,9.2,-4.0,-11.4)
0         (0.6,9.0,-3.8,-11.2)
0         (0.4,9.0,-4.0,-11.2)
0         (1.0,9.0,-4.4,-11.2)
0         (1.2,9.2,-4.4,-10.8)
0         (1.2,9.0,-4.0,-11.4)
0         (1.2,9.2,-4.0,-11.4)
0         (1.4,9.2,-4.0,-11.2)
0         (1.4,9.0,-3.8,-11.0)
0         (1.4,9.0,-4.0,-10.8)
0         (1.0,9.2,-3.6,-10.8)
0         (0.8,9.4,-3.8,-10.8)
0         (1.0,9.4,-4.0,-10.8)
0         (1.0,9.4,-4.4,-11.0)
0         (0.8,9.4,-4.0,-11.2)
0         (1.0,9.0,-3.6,-11.2)
0         (1.0,8.8,-3.8,-11.2)
0         (1.2,9.6,-4.0,-10.8)
0         (1.0,9.6,-3.6,-10.8)
0         (1.4,9.0,-3.8,-10.8)
0         (1.0,8.8,-3.6,-10.8)
0         (0.6,9.0,-3.8,-10.8)
0         (1.2,9.0,-3.4,-10.8)
0         (1.2,9.2,-3.4,-11.0)
0         (0.8,8.8,-3.4,-11.0)
0         (1.0,8.8,-3.4,-10.8)
0         (1.2,8.8,-3.2,-11.2)
0         (1.2,8.8,-3.4,-11.0)
0         (1.4,9.0,-2.8,-11.0)
0         (1.0,8.8,-3.0,-11.2)
0         (0.6,8.8,-3.0,-11.0)
0         (1.2,8.6,-3.0,-11.0)
0         (0.8,8.8,-2.8,-10.8)
0         (1.0,8.8,-2.6,-11.0)
0         (0.8,9.2,-3.0,-10.8)
0         (1.2,9.2,-3.0,-10.6)
0         (0.8,9.0,-3.4,-10.8)
0         (1.2,8.6,-3.0,-10.8)
0         (0.8,9.2,-3.2,-10.8)
0         (1.4,8.6,-3.0,-10.8)
0         (0.6,9.0,-3.2,-11.0)
0         (0.8,8.8,-3.2,-10.8)
0         (1.0,9.0,-2.6,-10.6)
0         (1.2,8.8,-2.8,-10.6)
0         (1.0,8.6,-3.2,-10.6)
0         (1.2,8.8,-2.8,-10.8)
0         (1.0,9.2,-2.4,-11.0)
0         (1.0,8.8,-2.6,-10.8)
0         (1.2,9.2,-2.8,-11.2)
0         (1.0,9.0,-2.6,-11.2)
0         (1.2,9.2,-3.0,-11.2)
0         (1.2,9.2,-3.2,-10.2)
0         (1.4,9.2,-3.0,-10.2)
0         (1.2,9.0,-3.0,-10.4)
0         (1.0,9.4,-3.0,-11.0)
0         (1.2,9.2,-2.8,-10.0)
0         (1.4,9.0,-2.8,-9.8)
0         (1.2,9.0,-2.8,-9.6)
0         (1.4,9.2,-3.0,-10.0)
0         (1.0,9.4,-2.8,-10.0)
0         (1.0,9.2,-2.6,-10.0)
0         (1.0,9.2,-3.0,-10.4)
0         (0.8,9.0,-2.6,-10.2)
0         (0.6,9.0,-2.8,-10.0)
0         (0.8,9.0,-3.0,-9.6)
0         (0.8,9.4,-3.0,-9.8)
0         (0.8,9.2,-3.2,-9.8)
0         (0.4,9.0,-2.8,-9.8)
0         (0.8,9.2,-2.8,-9.6)
0         (0.8,8.6,-3.2,-9.8)
0         (0.8,9.2,-2.8,-9.4)
0         (0.6,9.2,-2.8,-9.8)
0         (0.8,9.2,-2.8,-10.0)
0         (0.8,9.4,-2.8,-9.4)
0         (0.8,9.4,-2.8,-9.8)
0         (1.0,8.6,-2.6,-9.8)
0         (1.0,9.2,-2.8,-9.6)
0         (1.0,9.4,-2.8,-9.8)
0         (1.2,8.6,-2.8,-9.8)
0         (1.0,8.8,-2.8,-9.6)
0         (1.2,8.4,-3.0,-10.0)
0         (1.4,8.8,-3.0,-10.2)
0         (1.0,8.4,-3.2,-10.0)
0         (1.2,8.6,-2.8,-10.2)
0         (1.2,9.0,-2.6,-10.0)
0         (0.8,8.8,-2.8,-10.2)
0         (1.0,8.4,-2.8,-10.0)
0         (1.4,8.8,-2.8,-10.0)
0         (1.0,8.8,-2.4,-10.0)
0         (1.0,9.0,-2.4,-10.0)
0         (1.0,9.2,-3.2,-10.2)
0         (1.0,9.0,-3.2,-10.4)
0         (1.4,8.8,-2.6,-10.0)
0         (1.2,8.8,-3.2,-10.4)
0         (1.2,8.6,-3.2,-10.2)
0         (1.0,9.0,-3.4,-10.2)
0         (1.0,8.8,-3.4,-10.0)
0         (1.2,9.2,-3.4,-10.0)
0         (1.2,8.8,-3.4,-10.0)
0         (1.0,9.2,-3.6,-10.0)
0         (1.4,9.0,-3.4,-9.8)
0         (1.2,9.0,-3.6,-10.0)
0         (1.2,9.2,-3.6,-10.0)
0         (0.8,9.2,-3.4,-10.0)
0         (1.0,9.4,-3.4,-9.8)
0         (0.8,9.0,-3.6,-9.8)
0         (1.0,9.4,-3.2,-9.8)
0         (0.8,9.2,-3.4,-9.8)
0         (1.0,8.8,-3.4,-9.8)
0         (1.2,9.0,-3.4,-9.8)
0         (1.4,9.2,-3.2,-9.8)
0         (1.2,8.8,-3.4,-9.6)
0         (1.2,9.0,-3.4,-9.6)
0         (0.8,9.0,-3.2,-9.6)
0         (1.2,8.6,-3.2,-9.8)
0         (1.0,9.2,-3.2,-9.4)
0         (1.2,8.8,-3.4,-9.4)
0         (1.2,8.6,-3.2,-9.6)
0         (1.2,8.8,-2.8,-9.4)
0         (1.2,8.6,-3.0,-9.4)
0         (1.0,8.8,-2.8,-9.4)
0         (1.2,9.0,-3.2,-9.2)
0         (1.2,8.8,-3.2,-8.8)
0         (1.2,8.6,-3.0,-9.0)
0         (1.0,8.8,-3.0,-8.8)
0         (0.8,9.0,-3.2,-9.2)
1         (11.2,8.0,-21.8,22.8)
1         (-15.4,6.8,23.2,-8.4)
1         (-7.8,26.4,-12.2,1.6)
1         (-24.0,16.6,30.4,13.0)
1         (-15.2,20.0,-7.6,22.6)
1         (0.6,9.6,-4.4,9.2)
1         (30.8,-11.0,-12.6,-16.6)
1         (28.0,31.8,-10.0,-10.6)
1         (0.8,9.6,-4.4,9.2)
1         (-16.8,9.6,-4.4,-10.8)
1         (-17.0,17.0,-5.0,-10.8)
1         (-16.6,17.0,-5.0,-10.8)
1         (-16.8,17.0,-4.4,-11.0)
1         (0.4,9.6,-10.0,-10.6)
1         (1.0,9.4,-4.4,-10.8)
1         (1.4,9.0,-4.2,-11.0)
1         (1.2,8.8,-4.2,-11.0)
1         (0.8,8.8,-4.2,-11.0)
1         (0.8,9.0,-4.0,-10.6)
1         (0.8,9.2,-4.0,-10.6)
1         (0.8,8.8,-3.8,-11.0)
1         (1.0,8.8,-4.2,-11.2)
1         (0.8,8.8,-4.0,-11.2)
1         (1.2,8.8,-3.8,-11.0)
1         (0.6,9.0,-4.2,-11.2)
1         (1.2,9.2,-4.2,-10.8)
1         (1.2,9.2,-3.8,-11.2)
1         (1.0,9.0,-4.2,-11.6)
1         (1.0,9.4,-3.8,-10.8)
1         (1.2,9.2,-3.6,-11.0)
1         (1.0,9.6,-3.8,-11.0)
1         (1.4,9.2,-3.2,-11.0)
1         (0.8,9.0,-3.4,-11.0)
1         (1.2,8.8,-3.2,-10.8)
1         (1.4,8.8,-3.2,-11.0)
1         (1.4,9.0,-3.0,-11.0)
1         (1.4,9.0,-3.0,-10.8)
1         (1.0,9.0,-3.2,-11.2)
1         (1.2,9.0,-2.6,-11.0)
1         (0.8,9.2,-3.0,-11.0)
1         (0.8,9.0,-2.6,-11.0)
1         (1.0,8.6,-3.0,-11.2)
1         (0.6,9.0,-3.0,-10.8)
1         (1.0,9.0,-3.0,-10.6)
1         (1.0,9.0,-3.2,-10.6)
1         (0.8,8.8,-2.6,-10.8)
1         (1.0,9.0,-2.8,-10.4)
1         (0.8,8.8,-2.8,-10.6)
1         (1.0,9.2,-2.8,-10.6)
1         (1.0,9.2,-2.8,-11.2)
1         (1.0,9.0,-2.6,-10.0)
1         (1.0,9.0,-2.8,-9.6)
1         (0.8,8.8,-3.2,-10.0)
1         (1.0,9.4,-3.0,-9.8)
1         (1.0,9.0,-2.6,-10.2)
1         (0.8,9.0,-3.0,-10.4)
1         (0.8,9.4,-3.0,-10.0)
1         (0.6,9.2,-3.0,-10.0)
1         (0.8,9.2,-3.0,-9.6)
1         (0.6,8.8,-3.0,-9.8)
1         (0.6,9.0,-2.8,-9.8)
1         (0.6,8.8,-2.8,-9.8)
1         (0.8,8.6,-3.0,-10.2)
1         (1.0,8.6,-3.0,-9.6)
1         (1.0,8.8,-3.0,-9.6)
1         (1.2,8.6,-3.2,-10.0)
1         (1.2,8.8,-3.0,-10.4)
1         (1.4,9.0,-3.0,-9.8)
1         (0.8,8.6,-2.8,-10.0)
1         (0.6,8.8,-2.8,-10.0)
1         (1.0,8.8,-2.6,-9.8)
1         (1.0,8.8,-3.2,-10.4)
1         (0.6,8.8,-2.6,-10.0)
1         (1.2,8.8,-2.2,-10.0)
1         (1.2,9.0,-3.4,-10.0)
1         (1.4,9.2,-3.2,-10.0)
1         (1.0,9.4,-3.2,-10.0)
1         (1.0,9.2,-3.4,-9.6)
1         (1.0,9.0,-3.6,-9.8)
1         (1.2,8.6,-3.2,-9.4)
1         (1.2,9.0,-3.0,-9.4)
1         (1.2,8.8,-3.4,-9.0)
1         (1.2,8.8,-2.8,-9.0)
1         (1.2,8.6,-3.2,-9.0)
1         (1.2,9.0,-3.0,-9.0)
1         (1.4,8.8,-3.2,-9.0)
1         (0.8,9.2,-3.2,-9.0)
2         (0.6,9.6,-4.4,9.4)
2         (4.2,-11.0,5.6,8.4)
2         (0.6,9.6,-10.2,-10.8)
2         (0.6,9.6,-4.6,-10.6)
2         (0.8,9.4,-4.4,-10.8)
2         (0.6,9.6,-4.6,-10.8)
2         (0.8,9.4,-4.2,-11.2)
2         (0.8,9.6,-3.8,-10.8)
2         (0.6,9.4,-4.2,-10.8)
2         (0.6,9.2,-4.2,-11.0)
2         (0.8,9.2,-4.2,-10.8)
2         (1.0,9.2,-4.4,-10.8)
2         (0.8,9.0,-4.2,-11.0)
2         (1.2,9.0,-4.4,-11.0)
2         (0.6,8.8,-4.0,-11.0)
2         (0.6,9.0,-4.0,-11.0)
2         (1.0,8.8,-4.0,-10.6)
2         (1.0,8.6,-4.0,-11.0)
2         (1.4,9.2,-4.0,-11.0)
2         (0.8,8.8,-3.6,-11.0)
2         (1.0,9.0,-3.0,-11.4)
2         (1.0,8.4,-3.0,-11.0)
2         (0.8,8.6,-3.0,-11.0)
2         (1.0,8.6,-2.8,-11.0)
2         (1.0,9.0,-3.4,-10.8)
2         (1.2,9.2,-3.0,-10.8)
2         (1.0,9.2,-3.2,-11.2)
2         (1.0,9.2,-2.6,-11.0)
2         (1.0,9.4,-2.8,-11.0)
2         (1.4,9.0,-3.0,-10.2)
2         (1.0,9.4,-3.0,-10.0)
2         (1.0,9.2,-2.8,-10.2)
2         (0.8,9.0,-3.4,-10.0)
2         (0.8,8.8,-3.0,-10.2)
2         (0.6,9.0,-3.0,-9.8)
2         (0.8,9.0,-2.6,-9.8)
2         (0.8,8.4,-3.0,-9.8)
2         (0.6,8.6,-3.0,-10.0)
2         (1.2,8.6,-3.0,-10.2)
2         (1.0,8.6,-2.6,-10.0)
2         (1.0,8.8,-2.6,-10.2)
2         (1.0,8.6,-3.2,-10.2)
2         (0.8,8.8,-3.2,-10.2)
2         (1.4,9.0,-3.2,-10.2)
2         (1.2,9.0,-3.4,-10.2)
2         (1.2,9.4,-3.2,-10.0)
2         (1.0,9.2,-3.2,-9.6)
2         (1.0,9.0,-3.4,-9.6)
2         (1.2,9.2,-3.2,-9.8)
2         (1.4,8.8,-3.0,-9.2)
2         (1.2,8.8,-3.2,-9.2)
2         (1.0,8.8,-3.0,-9.0)
3         (-7.6,-2.6,5.8,-27.2)
3         (-19.0,-11.2,-18.6,25.0)
3         (-0.4,-2.0,21.4,2.8)
3         (15.2,5.4,-12.6,-10.2)
3         (0.6,9.6,-4.4,-11.0)
3         (0.6,9.6,-4.4,-10.6)
3         (0.6,31.8,-10.0,-10.8)
3         (0.6,9.6,-9.8,-10.8)
3         (0.8,9.6,-4.2,-11.2)
3         (0.8,9.4,-4.4,-11.0)
3         (0.6,9.8,-4.4,-11.0)
3         (0.8,10.0,-4.2,-11.0)
3         (1.0,9.2,-4.4,-11.0)
3         (1.0,9.4,-4.2,-10.8)
3         (1.0,9.0,-3.8,-11.4)
3         (0.8,9.0,-3.6,-10.8)
3         (1.2,8.8,-2.8,-11.0)
3         (0.8,9.2,-2.8,-11.0)
3         (1.0,8.8,-2.8,-10.6)
3         (1.2,9.0,-3.0,-9.6)
3         (0.8,8.8,-3.0,-9.6)
3         (1.0,8.6,-3.2,-10.0)
3         (1.0,8.4,-3.0,-10.0)
3         (1.4,8.8,-3.0,-10.0)
3         (1.2,8.8,-2.4,-10.0)
3         (1.4,9.0,-3.2,-9.6)
3         (1.2,9.2,-3.2,-9.6)
3         (1.4,8.8,-3.0,-9.4)
4         (-16.8,17.0,-5.0,-4.2)
4         (0.8,9.6,-4.4,-10.6)
4         (1.0,9.6,-4.2,-10.8)
4         (0.8,9.6,-4.2,-10.6)
4         (0.6,9.6,-4.0,-11.0)
4         (0.8,9.2,-4.4,-11.0)
4         (0.8,9.4,-4.0,-10.8)
4         (1.2,9.0,-4.2,-10.8)
4         (1.2,9.4,-4.0,-11.0)
4         (1.0,8.6,-4.0,-10.8)
4         (1.2,8.8,-4.0,-10.8)
4         (0.8,9.0,-3.8,-10.6)
4         (1.4,8.8,-4.0,-11.0)
4         (1.0,9.0,-4.2,-11.4)
4         (0.8,9.0,-4.2,-11.4)
4         (1.4,9.0,-4.0,-11.2)
4         (1.2,9.2,-3.8,-11.0)
4         (1.0,9.4,-3.8,-11.0)
4         (1.0,9.6,-4.0,-11.0)
4         (1.0,9.6,-3.8,-10.8)
4         (1.2,9.2,-2.8,-11.0)
4         (1.0,9.2,-3.0,-10.8)
4         (1.0,9.2,-3.2,-10.8)
4         (1.0,8.8,-2.8,-10.4)
4         (1.0,9.2,-2.8,-10.8)
4         (1.0,8.6,-3.0,-10.2)
4         (1.2,9.0,-3.0,-9.2)
4         (0.8,8.8,-3.2,-9.0)
5         (-16.8,17.0,-5.0,-10.8)
5         (0.8,9.6,-4.6,-10.8)
5         (0.6,9.4,-4.0,-11.0)
5         (0.8,9.4,-4.0,-11.0)
5         (1.2,8.8,-4.0,-11.2)
5         (1.0,9.0,-4.0,-11.4)
5         (0.6,9.0,-4.0,-11.2)
5         (0.8,8.8,-2.8,-11.0)
5         (1.0,8.8,-2.8,-11.2)
5         (1.0,9.0,-3.0,-10.4)
5         (1.0,9.0,-3.0,-9.6)
5         (1.2,9.2,-3.0,-9.8)
5         (1.0,9.0,-2.6,-9.8)
5         (1.4,9.0,-3.2,-10.0)
5         (0.8,9.0,-3.4,-9.8)
5         (1.0,8.8,-3.2,-9.6)
5         (1.0,9.0,-3.2,-9.4)
5         (1.0,8.8,-3.2,-9.4)
5         (1.0,8.8,-3.2,-9.2)
5         (0.8,9.0,-3.2,-9.0)
6         (-16.8,17.0,-4.4,-10.8)
6         (0.8,9.6,-4.0,-10.8)
6         (0.8,9.6,-4.0,-11.0)
6         (1.0,8.8,-4.0,-11.2)
6         (0.8,9.2,-4.0,-10.8)
6         (1.0,8.8,-3.8,-11.0)
6         (0.8,9.0,-3.6,-11.0)
6         (0.8,9.2,-4.0,-11.2)
6         (1.0,9.2,-3.8,-11.2)
6         (1.2,9.0,-3.2,-11.2)
6         (1.0,9.0,-2.8,-11.2)
6         (0.6,9.0,-3.0,-11.0)
6         (0.8,8.8,-3.0,-10.8)
6         (1.0,8.6,-3.0,-10.8)
6         (0.8,9.0,-3.0,-10.6)
6         (1.2,9.0,-3.0,-10.6)
6         (1.0,9.2,-3.0,-11.2)
6         (1.0,8.8,-3.0,-10.4)
6         (0.8,9.2,-3.0,-10.2)
6         (0.8,9.0,-3.2,-10.2)
6         (0.8,9.2,-2.8,-9.8)
6         (0.8,8.8,-3.2,-9.8)
6         (0.8,8.6,-2.8,-9.8)
6         (1.2,8.8,-2.8,-9.8)
6         (1.2,8.8,-2.6,-10.2)
7         (28.0,31.8,-10.0,-10.8)
7         (1.2,9.2,-4.2,-11.0)
7         (1.0,9.2,-4.2,-11.2)
7         (1.0,8.8,-4.2,-10.8)
7         (1.2,9.0,-4.2,-11.2)
7         (1.0,8.6,-3.2,-11.0)
7         (1.2,9.0,-2.8,-10.8)
7         (0.6,9.0,-3.2,-10.0)
7         (0.8,8.8,-2.8,-9.6)
7         (1.0,8.6,-2.8,-10.2)
7         (1.0,9.2,-3.4,-9.8)
7         (1.2,8.8,-3.2,-9.6)
7         (1.2,8.6,-3.0,-9.2)
8         (0.6,9.6,-4.2,-10.8)
8         (1.0,9.6,-4.0,-10.8)
8         (1.0,9.4,-4.2,-11.0)
8         (1.0,9.0,-4.2,-10.8)
8         (1.2,9.0,-3.6,-11.0)
8         (1.2,9.0,-3.2,-10.8)
8         (1.2,9.2,-3.0,-11.0)
8         (1.0,9.2,-3.0,-9.6)
8         (0.8,9.0,-2.8,-9.6)
9         (1.0,9.6,-4.4,-10.8)
9         (0.8,9.2,-4.0,-11.0)
9         (1.0,9.2,-3.8,-10.8)
9         (1.2,9.2,-4.0,-10.8)
9         (1.2,8.8,-3.6,-11.0)
9         (1.2,9.0,-3.0,-11.2)
9         (0.8,8.8,-3.2,-11.0)
9         (1.0,8.8,-3.2,-10.6)
9         (1.2,8.8,-3.0,-9.6)
9         (1.2,9.0,-3.2,-9.6)
9         (1.0,9.0,-3.2,-9.0)
10        (1.0,8.8,-3.4,-11.0)
10        (1.0,9.0,-3.4,-11.0)
10        (0.8,9.2,-3.2,-11.0)
10        (1.4,9.0,-3.0,-10.0)
10        (1.2,8.6,-2.8,-10.0)
11        (1.2,9.0,-3.8,-11.2)
11        (1.2,9.0,-2.8,-10.2)
11        (1.2,9.0,-2.8,-10.0)
11        (1.0,8.8,-3.0,-9.2)
12        (0.8,9.4,-4.2,-10.8)
12        (1.2,9.2,-3.2,-11.0)
12        (1.0,8.8,-3.2,-10.8)
12        (0.8,9.0,-2.6,-10.8)
12        (1.0,8.6,-2.8,-9.8)
13        (0.6,9.6,-10.0,-10.8)
13        (1.2,9.0,-3.4,-11.0)
13        (1.2,9.2,-3.0,-10.2)
14        (1.0,8.8,-4.2,-11.0)
14        (1.2,9.0,-3.8,-11.0)
14        (1.0,9.2,-3.6,-11.0)
14        (1.2,9.0,-2.8,-11.0)
14        (1.2,8.8,-3.0,-10.8)
14        (1.0,9.0,-2.8,-10.6)
14        (1.2,8.8,-2.8,-10.2)
14        (0.8,8.8,-2.6,-10.0)
15        (0.6,9.4,-4.2,-11.0)
15        (1.2,8.8,-3.0,-11.0)
16        (0.8,8.8,-4.0,-10.8)
16        (1.0,8.8,-3.6,-11.0)
16        (1.0,9.0,-2.6,-10.8)
16        (1.0,8.8,-3.2,-10.0)
17        (0.8,9.8,-4.2,-11.0)
17        (1.0,9.0,-3.6,-10.0)
17        (1.4,9.0,-3.2,-9.8)
17        (1.0,8.8,-3.0,-9.4)
19        (0.8,9.6,-4.4,-11.0)
19        (1.0,8.8,-3.8,-10.8)
19        (1.2,9.2,-4.0,-11.2)
19        (1.2,9.2,-3.0,-10.0)
19        (1.0,9.0,-3.4,-10.0)
19        (1.2,8.6,-3.0,-10.0)
19        (1.0,8.8,-3.2,-9.0)
20        (0.8,8.6,-3.0,-9.8)
21        (0.8,9.0,-2.8,-10.2)
21        (1.2,8.8,-3.2,-10.2)
21        (1.2,8.8,-2.6,-10.0)
21        (1.2,8.8,-3.0,-9.0)
22        (1.2,8.8,-3.2,-10.0)
23        (1.2,8.8,-3.2,-11.0)
23        (1.0,9.2,-2.8,-9.8)
24        (1.0,9.0,-2.6,-11.0)
24        (0.8,8.8,-3.0,-11.0)
25        (1.2,9.0,-3.2,-9.8)
26        (1.0,9.2,-2.8,-10.0)
26        (1.0,8.6,-3.0,-9.8)
27        (0.8,9.8,-4.4,-11.0)
27        (1.0,9.2,-4.0,-10.8)
27        (1.0,9.0,-3.8,-11.2)
29        (0.8,9.0,-4.2,-11.2)
30        (1.2,9.0,-2.8,-9.8)
30        (0.8,9.0,-3.2,-9.8)
30        (1.2,9.2,-3.2,-10.0)
30        (1.2,8.8,-3.2,-9.4)
30        (1.2,8.8,-3.2,-9.0)
31        (1.0,9.0,-3.6,-10.8)
31        (1.0,8.6,-3.0,-11.0)
31        (1.0,8.8,-2.8,-10.8)
31        (1.0,9.0,-3.4,-9.8)
32        (1.0,8.6,-2.8,-10.0)
33        (0.8,9.4,-4.2,-11.0)
33        (1.0,9.2,-4.2,-10.8)
33        (1.4,9.0,-4.0,-11.0)
33        (0.8,9.0,-2.8,-10.8)
33        (1.0,9.0,-3.2,-10.2)
33        (1.0,9.2,-3.0,-10.2)
33        (1.2,8.8,-3.0,-9.4)
35        (0.6,9.6,-4.4,-10.8)
35        (0.6,9.6,-4.2,-11.0)
35        (1.0,8.8,-3.2,-10.2)
36        (0.8,9.0,-3.8,-11.0)
37        (1.0,9.0,-4.2,-11.2)
37        (1.0,8.8,-2.8,-9.8)
38        (0.8,9.6,-4.2,-11.0)
38        (1.0,9.2,-3.0,-11.0)
38        (1.0,9.0,-3.0,-11.2)
38        (0.8,9.0,-3.2,-10.8)
38        (0.8,9.0,-3.0,-10.2)
39        (0.8,9.0,-2.8,-9.8)
40        (0.8,9.2,-4.2,-11.0)
40        (0.8,9.2,-3.0,-9.8)
40        (1.0,9.2,-3.2,-9.8)
41        (1.0,9.0,-3.6,-11.0)
41        (1.0,9.4,-4.0,-11.0)
41        (1.0,8.8,-2.6,-10.0)
43        (1.2,9.0,-3.8,-10.8)
43        (0.8,9.2,-3.2,-10.0)
44        (0.8,9.0,-3.8,-10.8)
44        (1.2,8.8,-3.0,-10.2)
44        (1.2,9.0,-3.2,-10.2)
44        (0.8,8.8,-2.8,-10.0)
44        (1.2,8.8,-3.2,-9.8)
45        (1.2,9.0,-4.0,-10.8)
45        (1.2,8.8,-3.0,-9.2)
46        (1.2,9.0,-4.2,-11.0)
47        (1.2,8.8,-2.8,-10.0)
48        (0.8,8.8,-4.0,-11.0)
48        (0.8,9.0,-2.8,-11.0)
48        (0.8,9.0,-3.2,-11.0)
49        (0.8,8.6,-3.0,-10.0)
50        (0.8,9.2,-3.0,-10.0)
52        (1.0,8.8,-4.0,-10.8)
52        (0.8,8.8,-3.0,-9.8)
52        (1.0,8.8,-2.8,-10.2)
55        (0.8,8.8,-2.8,-9.8)
56        (0.8,9.0,-4.0,-10.8)
56        (1.0,9.2,-4.0,-11.2)
56        (1.0,8.8,-3.0,-10.8)
56        (1.0,9.0,-2.8,-10.2)
56        (1.0,9.0,-3.2,-9.6)
57        (1.2,9.0,-3.0,-10.2)
58        (1.2,9.0,-3.2,-11.0)
58        (1.0,9.2,-2.8,-11.0)
58        (0.8,9.0,-3.2,-10.0)
60        (1.2,8.8,-4.0,-11.0)
60        (1.2,9.2,-4.0,-11.0)
60        (0.8,9.0,-4.0,-11.2)
60        (1.0,9.2,-3.0,-9.8)
61        (1.0,9.0,-3.2,-10.8)
62        (1.0,8.6,-3.0,-10.0)
63        (0.8,9.6,-4.2,-10.8)
63        (0.8,9.0,-3.0,-10.8)
64        (0.8,9.6,-4.4,-10.8)
65        (1.0,9.2,-3.2,-11.0)
65        (1.0,8.8,-2.8,-11.0)
65        (0.8,8.8,-3.0,-10.0)
66        (1.0,9.0,-3.8,-10.8)
66        (1.0,8.8,-3.2,-11.0)
66        (1.2,9.0,-3.0,-9.8)
67        (1.0,9.0,-2.8,-11.0)
67        (1.0,9.2,-3.2,-10.0)
67        (1.0,8.8,-3.2,-9.8)
68        (1.0,9.2,-4.2,-11.0)
68        (0.8,9.0,-3.0,-11.0)
69        (1.2,8.8,-3.0,-9.8)
71        (1.0,9.0,-2.8,-10.8)
74        (1.2,9.0,-3.0,-10.8)
74        (0.8,9.0,-2.8,-10.0)
76        (1.0,9.0,-4.2,-11.0)
76        (1.0,9.0,-2.8,-9.8)
77        (1.0,8.8,-3.0,-9.8)
79        (1.2,9.0,-4.0,-11.2)
79        (1.0,8.8,-3.0,-11.0)
79        (1.0,9.0,-3.0,-10.2)
80        (1.0,9.2,-3.8,-11.0)
81        (1.2,8.8,-3.0,-10.0)
83        (0.8,9.0,-4.0,-11.0)
83        (1.0,9.0,-4.0,-10.8)
86        (1.0,9.2,-3.0,-10.0)
86        (1.2,9.0,-3.2,-10.0)
87        (1.2,9.0,-3.0,-10.0)
89        (1.0,9.2,-4.0,-11.0)
90        (1.0,8.8,-4.0,-11.0)
91        (1.0,9.0,-2.8,-10.0)
91        (0.8,9.0,-3.0,-9.8)
93        (1.0,8.8,-3.0,-10.2)
94        (1.0,9.0,-3.0,-10.8)
96        (1.0,8.8,-2.8,-10.0)
99        (1.0,9.0,-3.2,-11.0)
100       (0.8,9.0,-3.0,-10.0)
103       (1.0,9.0,-4.0,-11.2)
103       (1.0,9.0,-3.2,-9.8)
104       (1.0,9.0,-3.8,-11.0)
104       (1.2,9.0,-3.0,-11.0)
111       (1.0,9.0,-3.2,-10.0)
119       (1.0,9.0,-3.0,-9.8)
122       (1.0,8.8,-3.0,-10.0)
130       (1.2,9.0,-4.0,-11.0)
134       (1.0,9.0,-4.0,-11.0)
152       (1.0,9.0,-3.0,-11.0)
163       (1.0,9.0,-3.0,-10.0)
