# run = 11
occ          S   
0         (-18.4,14.0,26.8,12.2)
0         (5.0,-3.8,-17.2,25.2)
0         (12.4,-31.6,-26.4,16.2)
0         (19.2,-15.8,28.6,7.2)
0         (26.2,23.6,19.4,31.4)
0         (10.2,24.2,23.8,-18.0)
0         (-30.8,-9.2,31.6,-18.6)
0         (-24.4,13.4,32.4,-29.2)
0         (-6.2,-21.6,30.4,6.4)
0         (8.8,22.2,-20.4,18.4)
0         (22.6,9.8,27.2,8.8)
0         (16.2,-22.0,4.2,-13.8)
0         (-17.4,5.0,15.2,13.2)
0         (-1.4,27.2,-1.2,9.4)
0         (-27.8,2.0,-29.0,7.8)
0         (-12.8,31.8,-20.4,-15.4)
0         (29.4,-31.0,20.2,-6.4)
0         (-15.0,-3.2,-23.8,-19.6)
0         (17.6,-7.6,11.0,31.4)
0         (-25.8,-17.8,26.4,-32.0)
0         (-31.4,-30.4,-1.2,-20.2)
0         (24.4,15.8,19.2,29.2)
0         (-24.0,27.6,-25.6,26.0)
0         (30.4,18.6,-28.2,-14.4)
0         (20.0,5.6,-25.4,5.2)
0         (-27.8,-24.4,24.2,21.4)
0         (6.2,-18.8,-29.4,-11.0)
0         (-20.6,30.8,29.2,26.6)
0         (-18.4,24.2,-10.0,-21.4)
0         (13.4,18.8,6.8,26.8)
0         (-12.6,-5.4,32.2,5.2)
0         (-24.8,-10.2,-29.4,-26.8)
0         (-0.4,31.0,-7.0,28.8)
0         (27.8,-31.4,-23.8,-29.6)
0         (-11.6,22.6,-17.2,9.6)
0         (-30.8,-9.0,31.6,-18.6)
0         (-18.4,24.4,-10.0,-21.4)
0         (10.2,24.2,24.0,-18.0)
0         (5.2,-3.8,-17.2,25.2)
0         (-6.2,-1.0,-9.0,2.6)
0         (-6.0,6.6,-15.2,2.6)
0         (-5.8,6.6,-15.4,2.6)
0         (-6.0,6.8,-15.4,2.6)
0         (-6.0,6.4,-15.4,-11.4)
0         (-6.2,6.6,-9.0,2.6)
0         (-6.0,6.6,-8.8,2.6)
0         (-6.0,-1.0,-8.8,2.6)
0         (12.6,2.2,-6.2,-4.6)
0         (0.8,-1.0,-8.8,2.4)
0         (1.0,-1.2,-9.0,2.6)
0         (1.2,-0.8,-9.0,2.6)
0         (1.0,-1.0,-9.2,2.4)
0         (1.0,-1.0,-9.2,1.8)
0         (1.0,-0.8,-9.2,2.0)
0         (1.0,-1.0,-9.4,2.0)
0         (0.8,-1.0,-9.2,2.0)
0         (1.4,-1.0,-9.0,2.0)
0         (1.0,-0.6,-9.0,2.0)
0         (1.0,-1.4,-9.0,2.0)
0         (1.0,-1.0,-9.0,1.6)
0         (0.6,-1.0,-9.0,2.0)
1         (20.2,24.4,-17.4,28.0)
1         (28.2,-0.4,14.6,30.8)
1         (13.2,21.6,-9.8,5.0)
1         (-13.2,26.8,-11.0,19.8)
1         (-1.8,-9.8,20.2,26.2)
1         (-0.4,8.4,3.4,9.6)
1         (-21.4,30.0,-21.2,-14.8)
1         (14.0,16.8,-24.0,-29.4)
1         (-0.6,8.4,3.4,9.6)
1         (1.0,-1.2,-9.0,2.4)
1         (1.2,-1.0,-9.0,2.2)
1         (1.0,-1.0,-9.2,2.2)
1         (1.0,-1.2,-9.0,1.8)
1         (0.8,-1.0,-8.8,2.0)
2         (13.2,-22.2,10.2,-19.6)
2         (-6.0,6.6,-15.4,-11.4)
2         (-2.6,-31.8,-0.4,-2.4)
2         (-13.4,9.6,-14.4,-12.2)
2         (-17.4,-7.6,26.6,14.8)
2         (0.8,-1.0,-9.2,2.6)
2         (0.8,-0.8,-9.0,2.6)
2         (1.2,-1.0,-9.0,2.6)
2         (0.8,-1.2,-9.0,2.0)
3         (0.8,-1.2,-9.0,2.6)
3         (1.0,-0.8,-9.0,2.6)
3         (1.0,-0.8,-9.0,2.4)
3         (0.8,-1.0,-9.0,1.8)
4         (12.6,2.2,-6.4,-4.6)
4         (-6.0,6.6,-9.0,2.6)
4         (0.8,-1.0,-8.8,2.6)
4         (1.0,-1.0,-8.8,2.4)
4         (1.0,-0.8,-9.0,1.8)
4         (1.0,-1.2,-8.8,2.0)
4         (0.8,-0.8,-9.0,2.0)
4         (1.0,-1.0,-8.6,2.0)
5         (-6.0,6.6,-15.4,2.6)
5         (-6.0,-1.0,-9.0,2.6)
5         (0.8,-1.0,-9.0,2.8)
5         (1.2,-0.8,-9.0,2.0)
6         (0.8,-1.0,-9.0,2.2)
6         (1.0,-1.0,-8.8,2.6)
6         (1.0,-0.8,-9.0,2.8)
6         (1.0,-0.8,-9.0,2.2)
6         (1.0,-0.8,-8.8,2.0)
7         (1.0,-1.0,-9.2,2.6)
7         (1.2,-1.0,-9.0,2.4)
9         (0.8,-1.0,-9.0,2.4)
9         (1.0,-1.0,-8.8,2.2)
10        (1.2,-1.0,-8.8,2.0)
97        (0.8,-1.0,-9.0,2.6)
115       (1.0,-1.0,-9.0,2.4)
122       (1.0,-1.0,-9.0,2.6)
233       (1.0,-1.2,-9.0,2.0)
248       (1.0,-1.0,-9.2,2.0)
257       (1.2,-1.0,-9.0,2.0)
276       (0.8,-1.0,-9.0,2.0)
287       (1.0,-1.0,-9.0,1.8)
288       (1.0,-0.8,-9.0,2.0)
342       (1.0,-1.0,-9.0,2.2)
366       (1.0,-1.0,-8.8,2.0)
7129      (1.0,-1.0,-9.0,2.0)
