# run = 10
occ          S   
0         (-26.0,-12.8,5.0,13.0)
0         (14.4,12.4,-28.8,19.8)
0         (-15.8,19.4,-20.6,12.4)
0         (13.4,8.2,28.0,30.2)
0         (-26.8,12.2,4.6,15.6)
0         (-16.8,-23.4,-29.4,30.0)
0         (20.0,-22.2,-4.0,13.4)
0         (23.4,-14.6,-25.2,-2.6)
0         (30.4,-8.4,8.8,7.6)
0         (8.6,-0.8,-19.4,-30.4)
0         (-14.2,21.2,20.2,-7.4)
0         (-7.4,-20.0,-31.8,-8.6)
0         (15.4,11.0,-15.0,2.0)
0         (4.6,27.4,-29.4,25.2)
0         (11.6,-15.2,-29.8,24.0)
0         (24.8,23.6,-26.4,30.8)
0         (-12.6,18.0,27.8,-27.0)
0         (21.8,-25.0,-14.8,8.4)
0         (17.2,-14.4,26.2,-24.2)
0         (26.0,20.8,28.0,-6.2)
0         (22.2,19.6,14.0,19.4)
0         (18.6,10.2,20.6,32.4)
0         (-14.4,-8.0,-32.2,20.4)
0         (29.0,-8.6,15.0,18.8)
0         (-27.4,-8.0,-13.6,-26.6)
0         (21.6,12.0,-24.8,-32.4)
0         (2.6,-7.8,-10.8,14.0)
0         (-28.0,-4.2,19.6,-4.8)
0         (19.6,-23.8,5.8,10.8)
0         (-8.8,-10.6,16.6,-32.0)
0         (4.6,-22.2,-3.2,-1.4)
0         (30.2,15.6,10.4,-7.8)
0         (21.4,-0.8,28.8,9.8)
0         (-2.0,13.6,-5.6,31.2)
0         (7.6,16.6,31.2,27.0)
0         (18.2,-4.2,-22.2,-8.4)
0         (21.8,-25.0,-14.8,8.6)
0         (21.8,-25.0,-14.6,8.4)
0         (4.2,0.4,7.6,-27.8)
0         (4.0,0.4,7.6,-27.6)
0         (4.2,21.8,0.0,-27.6)
0         (-1.0,-7.4,-18.0,15.6)
0         (-1.0,-7.4,-18.2,15.8)
0         (18.8,5.4,-16.4,10.0)
0         (1.6,14.6,20.4,-11.0)
0         (-6.2,-12.2,7.0,7.8)
0         (-1.0,-7.2,-18.0,15.8)
0         (-6.0,-12.2,10.6,-0.2)
0         (-6.0,-12.4,10.4,-0.2)
0         (0.6,-11.6,10.6,-0.2)
0         (0.6,-11.6,10.2,-0.2)
0         (0.6,-11.4,10.4,0.0)
0         (-6.0,-11.6,7.0,-0.2)
0         (-6.2,-11.8,7.0,-0.2)
0         (-6.0,-11.8,7.0,-0.4)
0         (-6.0,-12.0,6.6,0.0)
0         (-6.0,-11.8,6.6,0.0)
0         (-6.2,-11.8,6.8,0.0)
0         (-6.0,-11.6,6.8,0.0)
0         (-6.0,-11.6,6.8,-0.2)
0         (-6.0,-11.8,6.8,-0.4)
0         (-6.0,-12.2,6.6,-0.2)
0         (-5.6,-11.6,7.0,0.0)
0         (-5.8,-11.6,6.8,0.2)
0         (-5.6,-11.6,6.8,0.0)
0         (-6.4,-12.2,6.8,0.0)
0         (-6.4,-12.0,6.8,0.0)
0         (-6.2,-12.2,6.6,0.0)
0         (-6.2,-12.2,6.8,-0.2)
0         (-5.6,-11.8,7.2,0.0)
0         (-5.6,-12.0,7.4,0.0)
0         (-5.6,-11.8,7.2,0.2)
0         (-5.6,-12.2,7.2,0.2)
0         (-5.8,-12.0,7.4,0.2)
0         (-5.8,-12.0,7.0,0.4)
0         (-6.0,-12.0,7.2,0.4)
0         (-5.6,-11.8,7.0,0.2)
0         (-6.0,-12.2,7.2,0.4)
0         (-6.2,-12.0,7.4,0.2)
0         (-6.0,-12.2,7.4,0.2)
0         (-6.0,-12.2,7.4,0.0)
0         (-6.2,-11.8,7.0,0.2)
0         (-6.4,-12.0,7.0,0.4)
0         (-6.4,-12.2,7.0,0.4)
0         (-6.2,-12.0,7.0,0.6)
0         (-6.2,-12.2,6.8,0.2)
0         (-5.8,-12.2,7.0,0.2)
0         (-6.4,-12.4,7.0,0.0)
0         (-5.8,-12.2,7.0,0.4)
0         (-6.2,-12.4,7.0,0.2)
0         (-6.0,-12.6,6.8,0.2)
0         (-6.0,-12.6,7.0,0.2)
0         (-6.0,-12.4,6.6,0.2)
0         (-6.2,-12.6,7.2,-0.2)
0         (-6.0,-12.8,7.2,-0.4)
0         (-6.2,-12.8,7.0,0.2)
0         (-6.2,-12.8,7.0,-0.2)
0         (-6.2,-13.0,7.0,0.2)
0         (-6.0,-12.8,7.2,0.2)
0         (-6.0,-12.8,6.8,0.2)
0         (-5.6,-13.0,7.0,0.2)
0         (-5.8,-12.8,6.8,0.2)
0         (-5.8,-13.0,6.8,0.2)
0         (-5.8,-13.0,7.0,0.4)
0         (-6.0,-13.0,6.8,0.6)
0         (-6.0,-13.4,7.0,0.0)
0         (-6.0,-13.0,6.6,0.0)
0         (-6.0,-13.2,7.0,-0.4)
0         (-6.2,-13.4,6.8,0.0)
0         (-6.0,-13.0,7.2,-0.6)
0         (-5.8,-13.0,7.2,-0.4)
0         (-5.6,-13.0,7.2,-0.2)
0         (-5.8,-13.0,7.6,0.0)
0         (-5.8,-12.8,7.2,-0.2)
0         (-5.4,-13.0,7.0,-0.2)
0         (-5.6,-12.8,7.2,0.2)
0         (-5.6,-12.8,7.4,0.0)
0         (-5.4,-12.8,7.2,0.2)
0         (-5.4,-13.0,7.0,0.0)
0         (-6.4,-13.0,7.2,0.0)
0         (-6.4,-13.0,7.4,0.0)
0         (-6.4,-13.0,7.2,-0.2)
0         (-6.2,-13.2,7.0,0.2)
0         (-6.2,-13.2,7.0,-0.2)
0         (-6.2,-13.4,7.0,-0.2)
0         (-6.8,-13.0,7.0,0.2)
0         (-7.0,-13.0,7.0,0.2)
0         (-7.0,-12.8,6.8,0.0)
0         (-7.0,-13.2,7.4,0.0)
0         (-7.0,-13.2,7.2,0.2)
0         (-6.8,-13.0,7.4,0.0)
0         (-7.2,-12.8,7.0,-0.2)
0         (-7.4,-13.0,7.0,0.0)
0         (-7.2,-13.0,7.2,-0.2)
0         (-6.8,-12.6,7.2,0.0)
0         (-6.8,-13.0,7.0,-0.2)
0         (-7.2,-13.2,6.8,0.0)
0         (-7.2,-13.2,7.2,-0.2)
0         (-6.8,-12.8,7.2,-0.2)
0         (-6.8,-13.4,7.0,0.0)
0         (-6.8,-12.6,7.0,0.0)
0         (-6.8,-12.6,6.8,0.0)
0         (-7.0,-12.6,6.8,0.0)
0         (-6.6,-13.2,6.8,0.0)
0         (-6.6,-13.4,7.0,0.0)
0         (-6.8,-12.2,7.0,-0.2)
0         (-6.8,-12.2,6.8,0.0)
0         (-7.0,-12.2,6.8,0.4)
0         (-6.8,-12.2,6.8,0.2)
0         (-6.8,-12.4,6.8,0.0)
0         (-7.0,-12.4,7.0,-0.2)
0         (-7.0,-12.0,7.0,-0.4)
0         (-7.2,-12.0,7.0,-0.4)
0         (-7.0,-12.0,7.2,-0.2)
0         (-7.0,-12.0,7.2,0.0)
0         (-7.0,-12.0,6.8,0.0)
0         (-7.0,-12.0,6.8,0.2)
0         (-7.0,-11.6,7.0,-0.2)
0         (-7.2,-11.8,7.0,-0.4)
0         (-7.4,-12.0,7.0,0.2)
0         (-7.0,-12.0,7.2,0.4)
1         (4.2,21.8,-0.2,-5.6)
1         (-18.6,-15.6,4.4,-15.4)
1         (11.4,-2.4,3.2,-18.2)
1         (-21.6,2.8,27.6,30.8)
1         (22.2,-28.6,-5.8,-1.6)
1         (4.2,0.4,7.6,-27.6)
1         (1.8,14.8,20.4,-11.0)
1         (-1.2,-7.4,-18.0,15.8)
1         (-1.0,-7.6,-18.0,15.8)
1         (-5.6,-12.0,7.0,-0.2)
1         (-6.0,-12.0,7.4,-0.2)
1         (-5.6,-11.8,7.0,0.0)
1         (-5.8,-11.8,7.2,0.0)
1         (-5.8,-11.8,7.0,-0.2)
1         (-6.0,-12.0,7.0,0.4)
1         (-6.2,-11.8,7.0,0.0)
1         (-6.2,-12.0,6.8,0.2)
1         (-6.0,-12.2,6.8,0.2)
1         (-6.2,-12.0,7.2,-0.2)
1         (-5.8,-12.0,7.4,0.0)
1         (-5.6,-12.0,7.0,0.2)
1         (-5.8,-11.8,7.2,0.2)
1         (-6.2,-12.2,6.8,0.4)
1         (-6.4,-12.2,7.0,0.0)
1         (-6.2,-12.4,7.0,-0.2)
1         (-5.8,-12.6,7.0,0.0)
1         (-6.0,-12.6,7.2,-0.2)
1         (-5.6,-12.8,7.0,0.2)
1         (-6.0,-13.0,6.8,0.4)
1         (-6.0,-13.0,7.0,0.8)
1         (-6.0,-13.0,7.4,-0.2)
1         (-6.2,-13.0,6.8,-0.2)
1         (-5.8,-13.2,7.0,-0.2)
1         (-5.6,-13.2,7.0,0.0)
1         (-5.8,-13.2,6.8,0.2)
1         (-6.2,-13.0,7.2,-0.4)
1         (-5.6,-12.8,6.8,0.0)
1         (-5.6,-12.6,7.0,0.0)
1         (-6.2,-12.8,7.4,0.0)
1         (-6.2,-13.0,6.6,0.0)
1         (-6.6,-13.0,6.8,0.0)
1         (-7.2,-13.0,6.8,0.0)
1         (-7.0,-13.0,6.8,-0.2)
1         (-7.2,-13.2,7.0,-0.4)
1         (-6.8,-12.8,7.0,0.2)
1         (-7.2,-12.8,7.2,0.0)
1         (-6.6,-13.2,7.0,0.2)
1         (-6.6,-12.8,6.8,0.0)
1         (-7.0,-12.4,7.2,0.0)
1         (-7.0,-12.2,7.2,-0.2)
1         (-6.8,-12.0,7.0,-0.2)
1         (-7.2,-12.0,6.8,-0.2)
1         (-6.8,-11.8,7.0,-0.2)
1         (-7.0,-12.2,7.2,0.2)
2         (9.2,6.0,-21.8,16.6)
2         (31.0,19.2,-20.0,-13.6)
2         (18.8,5.4,-16.2,10.0)
2         (-11.2,-8.4,-20.2,-6.6)
2         (9.2,6.0,-21.8,16.8)
2         (-5.8,-12.0,7.0,-0.4)
2         (-6.0,-11.8,7.2,-0.2)
2         (-5.8,-12.2,6.8,-0.2)
2         (-6.0,-11.8,6.6,-0.2)
2         (-5.6,-12.2,6.8,0.0)
2         (-5.6,-12.0,6.8,-0.2)
2         (-5.8,-12.2,7.4,0.0)
2         (-6.0,-12.0,7.4,0.2)
2         (-6.0,-12.2,7.2,-0.2)
2         (-6.2,-11.8,7.0,0.4)
2         (-6.0,-12.4,6.8,0.2)
2         (-5.8,-12.2,6.8,0.4)
2         (-6.0,-12.6,7.4,0.0)
2         (-6.2,-12.8,7.2,-0.2)
2         (-6.0,-13.0,6.8,-0.2)
2         (-5.8,-13.0,6.8,0.0)
2         (-6.0,-13.2,6.6,0.0)
2         (-6.2,-13.2,6.6,0.0)
2         (-5.8,-13.2,7.4,0.0)
2         (-5.4,-12.8,7.0,0.0)
2         (-5.4,-12.8,7.0,0.2)
2         (-6.0,-12.8,7.4,0.2)
2         (-6.4,-13.0,6.8,0.0)
2         (-7.0,-12.6,7.0,-0.2)
2         (-7.2,-12.4,7.0,0.0)
2         (-7.0,-12.2,6.6,0.0)
2         (-7.0,-12.2,7.0,-0.4)
2         (-7.0,-12.0,6.8,-0.2)
3         (0.4,-11.6,10.4,-0.2)
3         (-6.0,-12.6,7.0,-0.2)
3         (-5.8,-12.0,7.2,-0.2)
3         (-6.2,-11.8,6.8,-0.2)
3         (-5.8,-11.6,7.0,0.2)
3         (-5.6,-12.2,7.0,0.0)
3         (-5.6,-12.2,7.2,0.0)
3         (-6.2,-12.0,6.8,0.4)
3         (-5.8,-12.8,7.0,-0.2)
3         (-6.0,-13.2,7.0,0.2)
3         (-6.0,-13.2,7.0,-0.2)
3         (-7.0,-13.2,6.8,0.0)
3         (-7.2,-12.8,7.0,0.0)
3         (-6.8,-13.2,7.0,-0.2)
3         (-7.0,-12.6,7.0,0.0)
3         (-7.0,-12.2,6.8,0.2)
3         (-7.0,-12.0,7.2,0.2)
3         (-7.2,-11.8,7.0,0.2)
4         (1.6,14.8,20.4,-11.0)
4         (0.6,-11.6,10.4,0.0)
4         (-5.8,-12.2,7.0,-0.2)
4         (-6.2,-12.0,7.4,0.0)
4         (-5.8,-12.4,6.8,0.0)
4         (-5.8,-12.2,7.2,-0.2)
4         (-6.0,-12.8,7.0,-0.4)
4         (-5.8,-13.2,7.0,0.2)
4         (-6.2,-13.0,7.0,-0.2)
4         (-5.8,-12.8,7.2,0.2)
4         (-6.0,-13.0,7.2,0.2)
4         (-7.2,-13.0,7.2,0.0)
5         (-6.0,-12.4,7.2,0.2)
5         (-6.2,-12.2,7.2,0.2)
5         (-6.0,-12.2,6.8,0.4)
5         (-6.0,-13.0,6.8,0.2)
5         (-6.2,-13.2,6.8,0.2)
5         (-6.8,-13.0,6.8,0.0)
5         (-6.8,-12.8,7.2,0.0)
5         (-7.0,-13.0,7.0,-0.4)
5         (-7.0,-12.0,7.0,0.4)
6         (-6.0,-11.6,10.4,-0.2)
6         (-6.0,-12.2,6.8,-0.2)
6         (-6.0,-12.2,6.6,0.0)
6         (-5.8,-12.2,7.2,0.2)
6         (-6.0,-12.8,7.0,0.4)
6         (-5.6,-13.0,6.8,0.0)
6         (-6.2,-13.2,7.2,0.0)
6         (-6.0,-13.2,7.2,-0.4)
6         (-6.0,-13.2,6.8,-0.4)
6         (-6.8,-13.2,7.2,0.0)
6         (-7.2,-12.2,6.8,0.0)
6         (-7.0,-12.4,6.8,0.0)
6         (-7.2,-12.0,7.0,0.2)
7         (4.2,21.8,-0.2,-27.6)
7         (4.2,21.8,7.6,-27.6)
7         (0.6,-11.8,10.4,-0.2)
7         (-6.2,-12.2,7.0,-0.2)
7         (-6.2,-12.2,7.2,0.0)
7         (-5.8,-13.0,7.2,0.2)
7         (-5.8,-13.0,7.4,0.0)
7         (-6.2,-13.2,7.2,-0.2)
7         (-7.0,-12.8,7.2,0.0)
7         (-7.0,-12.2,7.0,0.4)
7         (-7.0,-11.8,6.8,-0.2)
8         (-7.2,-13.2,7.0,0.0)
9         (-6.0,-12.4,6.8,0.0)
9         (-6.0,-13.4,6.8,0.0)
9         (-5.6,-13.2,7.2,0.0)
9         (-6.2,-13.0,7.2,-0.2)
9         (-7.2,-12.2,7.0,-0.2)
10        (-7.0,-13.2,7.2,0.0)
10        (-7.2,-13.0,7.0,-0.2)
10        (-7.0,-12.8,7.0,-0.4)
10        (-7.2,-11.8,7.2,0.2)
11        (-6.2,-12.8,7.2,0.0)
11        (-7.0,-13.2,7.2,-0.2)
11        (-7.0,-12.2,6.8,-0.2)
11        (-7.2,-11.8,7.0,-0.2)
11        (-7.2,-12.0,7.2,0.2)
12        (-6.0,-13.0,7.0,0.6)
12        (-6.4,-13.0,7.0,-0.2)
12        (-6.6,-13.2,7.0,0.0)
13        (-6.0,-12.2,10.4,-0.2)
13        (-5.8,-11.6,6.8,0.0)
13        (-6.0,-12.2,7.0,0.4)
13        (-6.0,-13.2,7.2,-0.2)
14        (-7.2,-13.2,7.0,-0.2)
14        (-6.8,-12.8,6.8,0.0)
15        (9.8,0.4,7.6,-27.6)
15        (-6.2,-13.0,7.0,-0.4)
16        (-6.0,-12.2,7.0,7.8)
16        (-6.0,-12.4,7.0,-0.2)
16        (-5.8,-12.8,7.4,0.0)
16        (-6.6,-13.0,7.0,-0.2)
17        (-6.2,-12.0,7.2,0.2)
17        (-6.0,-12.8,7.4,0.0)
17        (-5.6,-13.0,7.2,0.0)
18        (-5.6,-12.0,7.2,0.2)
18        (-6.4,-13.2,7.0,-0.2)
19        (-6.2,-12.2,6.8,0.0)
19        (-6.2,-12.2,7.0,0.4)
20        (-5.8,-11.6,7.0,0.0)
21        (-5.8,-12.0,6.8,0.2)
21        (-6.4,-13.2,7.0,0.0)
22        (-5.6,-13.0,7.0,-0.2)
23        (-7.0,-12.4,7.0,0.0)
24        (-6.0,-12.0,6.6,-0.2)
24        (-6.8,-12.8,7.0,-0.2)
27        (-6.8,-13.0,7.2,0.0)
27        (-6.6,-12.8,7.0,0.0)
28        (-6.0,-12.0,7.2,-0.2)
28        (-6.2,-12.4,7.0,0.0)
28        (-6.0,-13.2,6.8,0.2)
28        (-6.2,-13.0,7.4,0.0)
28        (-6.6,-13.0,7.0,0.0)
29        (-5.8,-12.8,7.0,0.2)
29        (-5.8,-13.2,6.8,0.0)
30        (-5.8,-13.0,7.0,-0.4)
31        (-5.8,-12.2,7.2,0.0)
31        (-6.0,-12.6,7.2,0.0)
32        (-6.0,-12.8,7.2,-0.2)
32        (-6.8,-12.2,7.0,0.0)
33        (-6.0,-13.0,7.0,0.4)
34        (-6.0,-13.0,7.2,-0.4)
35        (-5.6,-12.0,7.2,0.0)
35        (-7.2,-12.0,7.0,-0.2)
36        (-6.2,-12.0,7.0,-0.2)
36        (-6.0,-12.4,7.2,0.0)
37        (-1.0,-7.4,-18.0,15.8)
37        (-6.0,-12.0,7.4,0.0)
39        (-7.0,-13.0,7.2,-0.2)
41        (-5.6,-12.0,6.8,0.0)
44        (-5.8,-13.2,7.2,0.0)
46        (-5.8,-11.8,6.8,0.0)
46        (-5.8,-13.0,7.2,-0.2)
46        (-6.8,-13.2,7.0,0.0)
48        (-6.0,-12.4,7.0,0.2)
48        (-7.0,-13.2,7.0,-0.2)
49        (-6.2,-12.0,6.8,0.0)
50        (-6.0,-12.0,6.8,0.2)
50        (-7.0,-13.0,6.8,0.0)
51        (-6.0,-11.8,6.8,-0.2)
51        (-5.6,-12.8,7.0,0.0)
52        (-5.8,-12.0,6.8,-0.2)
52        (-6.2,-12.0,7.0,0.4)
53        (-5.8,-12.2,6.8,0.0)
54        (-6.0,-12.8,7.0,-0.2)
54        (-6.0,-13.0,7.4,0.0)
55        (-5.8,-12.0,7.0,-0.2)
56        (-6.2,-12.8,7.0,0.0)
57        (-6.4,-13.0,7.0,0.0)
58        (0.6,-11.6,10.4,-0.2)
58        (-5.6,-12.0,7.0,0.0)
60        (-6.2,-12.0,7.2,0.0)
60        (-6.2,-13.2,6.8,0.0)
61        (-6.0,-12.8,7.0,0.2)
62        (-5.8,-12.0,7.2,0.2)
62        (-5.6,-13.0,7.0,0.0)
63        (-7.0,-12.2,7.0,0.2)
64        (-5.8,-11.8,7.0,0.2)
64        (-6.0,-13.2,7.2,0.0)
65        (-6.0,-13.0,7.0,-0.4)
67        (-6.0,-11.8,6.8,0.0)
67        (-6.0,-12.2,6.8,0.0)
67        (-6.0,-12.2,7.2,0.2)
69        (-6.0,-11.8,7.0,-0.2)
69        (-5.8,-12.2,7.0,0.0)
72        (-6.0,-13.0,7.0,-0.2)
72        (-6.2,-13.0,6.8,0.0)
72        (-7.0,-12.2,6.8,0.0)
73        (-5.8,-13.0,7.0,0.2)
74        (-7.0,-11.8,7.0,-0.2)
76        (-5.8,-12.0,7.0,0.2)
76        (-6.0,-12.2,7.2,0.0)
76        (-6.2,-12.0,7.0,0.2)
76        (-6.0,-12.6,7.0,0.0)
77        (-5.8,-12.8,7.2,0.0)
77        (-7.0,-13.0,7.2,0.0)
78        (-5.8,-11.8,7.0,0.0)
79        (-6.0,-12.4,7.0,0.0)
79        (-6.0,-12.8,7.2,0.0)
80        (-6.0,-12.0,6.8,-0.2)
80        (-6.0,-13.2,6.8,0.0)
80        (-7.2,-13.0,7.0,0.0)
80        (-7.0,-12.2,7.0,-0.2)
81        (-6.0,-12.0,7.2,0.0)
82        (-6.2,-12.2,7.0,0.0)
82        (-6.2,-12.2,7.0,0.2)
82        (-6.0,-13.0,7.0,0.2)
82        (-5.8,-13.0,7.2,0.0)
82        (-6.0,-13.0,7.2,-0.2)
83        (-6.2,-13.2,7.0,0.0)
84        (-7.0,-13.2,7.0,0.0)
85        (-6.0,-12.0,7.2,0.2)
85        (-5.8,-12.0,6.8,0.0)
86        (-6.8,-12.8,7.0,0.0)
88        (-5.8,-13.2,7.0,0.0)
92        (-5.8,-12.0,7.2,0.0)
92        (-6.0,-13.0,6.8,0.0)
93        (-5.8,-13.0,7.0,-0.2)
93        (-7.0,-12.0,7.0,-0.2)
94        (-7.0,-12.0,7.0,0.2)
95        (-6.8,-13.0,7.0,0.0)
97        (-6.0,-11.8,7.0,0.0)
97        (-6.0,-12.0,7.0,0.2)
100       (-7.0,-12.8,7.0,-0.2)
102       (-6.0,-12.2,7.0,0.2)
102       (-6.2,-13.0,7.2,0.0)
102       (-7.0,-12.8,7.0,0.0)
102       (-7.0,-13.0,7.0,-0.2)
102       (-7.0,-12.0,7.0,0.0)
104       (-5.8,-12.8,7.0,0.0)
106       (-7.0,-13.0,7.0,0.0)
108       (-6.0,-12.0,6.8,0.0)
108       (-7.0,-12.2,7.0,0.0)
109       (-6.0,-12.0,7.0,-0.2)
109       (-6.0,-13.2,7.0,0.0)
115       (-6.0,-12.8,7.0,0.0)
118       (-6.2,-12.0,7.0,0.0)
118       (-5.8,-13.0,7.0,0.0)
121       (-5.8,-12.0,7.0,0.0)
125       (-6.0,-13.0,7.2,0.0)
137       (-6.0,-12.2,7.0,-0.2)
144       (-6.0,-12.2,7.0,0.0)
152       (-6.0,-13.0,7.0,0.0)
175       (-6.2,-13.0,7.0,0.0)
176       (-6.0,-12.0,7.0,0.0)
