# run = 15
occ          S   
0         (-11.4,-16.4,-30.6,-12.8)
0         (-10.2,12.4,-8.0,-24.4)
0         (-26.8,4.0,-22.0,-25.8)
0         (-30.4,-12.8,28.6,21.0)
0         (3.0,-0.6,-18.4,17.4)
0         (9.6,-28.8,-4.6,-11.0)
0         (-18.2,0.8,29.8,-15.4)
0         (-5.6,28.6,-32.4,-18.0)
0         (6.2,30.6,14.4,31.0)
0         (-5.0,0.0,31.0,-8.0)
0         (21.8,-21.6,-24.4,-5.6)
0         (-2.4,-28.6,-6.0,-20.2)
0         (24.6,-20.4,-14.4,14.0)
0         (18.2,-13.2,18.2,-15.8)
0         (31.4,-8.2,-32.0,16.6)
0         (-20.2,16.8,-13.2,-11.4)
0         (3.6,-28.4,-26.0,32.4)
0         (13.2,22.8,12.0,9.4)
0         (-21.6,3.8,-2.6,-28.6)
0         (20.4,-2.8,18.6,25.0)
0         (-4.6,21.6,-24.2,3.6)
0         (-8.4,-28.4,6.8,-0.8)
0         (31.6,-30.2,17.2,-27.4)
0         (24.0,-1.4,25.6,-11.4)
0         (17.6,0.6,30.2,-28.6)
0         (-22.0,15.2,9.8,-12.2)
0         (12.0,10.0,26.6,6.8)
0         (1.8,17.0,-31.8,27.8)
0         (6.4,-2.2,-1.6,30.0)
0         (-32.6,-6.4,-12.4,-17.2)
0         (30.8,-29.8,16.6,-19.6)
0         (-11.6,-26.4,-11.0,-13.6)
0         (19.8,-32.0,26.4,-32.6)
0         (1.6,4.6,29.2,30.6)
0         (-12.0,23.4,10.2,-13.6)
0         (12.0,10.2,26.6,6.8)
0         (-7.4,-0.6,-10.0,-28.8)
0         (-14.2,2.4,-3.4,-7.2)
0         (-14.0,23.2,-3.2,-7.2)
0         (-2.8,2.2,-3.2,-7.4)
0         (-2.6,2.6,-3.2,-7.2)
0         (-3.0,2.6,-3.2,-7.0)
0         (-2.8,2.8,-3.4,-7.2)
0         (-2.8,2.4,-3.2,-6.8)
0         (-3.4,2.2,-3.2,-7.0)
0         (-3.2,2.4,-3.2,-7.0)
0         (-3.2,2.2,-3.2,-6.8)
0         (-3.0,2.2,-3.4,-6.8)
0         (-3.0,2.2,-3.0,-7.2)
0         (-3.0,2.2,-2.8,-7.0)
0         (-2.6,2.0,-3.0,-7.0)
0         (-3.4,2.0,-3.0,-7.0)
0         (-3.0,2.0,-2.8,-6.8)
0         (-3.0,2.0,-3.4,-7.0)
0         (-3.0,2.0,-3.2,-7.2)
1         (24.0,15.0,27.4,-4.4)
1         (29.2,-6.0,-27.4,25.4)
1         (-18.4,-28.8,8.0,3.6)
1         (16.6,4.6,-18.4,-11.8)
1         (27.0,-18.4,23.6,-21.2)
1         (17.2,-17.2,-31.8,11.2)
1         (-14.2,23.2,24.0,-9.2)
1         (22.8,-22.2,1.4,32.0)
1         (-27.6,-25.0,14.0,-20.4)
1         (-23.4,-20.0,-31.2,-3.4)
1         (-2.8,2.4,-3.0,-7.2)
1         (-2.8,2.8,-3.2,-7.2)
1         (-2.8,2.6,-3.2,-7.0)
1         (-2.8,2.2,-3.2,-6.8)
1         (-3.0,2.4,-3.0,-7.0)
1         (-2.8,2.0,-3.2,-7.0)
1         (-3.2,1.8,-3.0,-7.0)
1         (-3.2,2.2,-3.0,-7.0)
1         (-3.2,2.0,-2.8,-7.0)
1         (-3.0,1.8,-3.0,-6.8)
1         (-3.0,1.8,-2.8,-7.0)
1         (-3.2,2.0,-3.0,-6.8)
2         (17.4,9.8,-14.4,21.2)
2         (-7.4,-0.8,-10.0,-28.8)
2         (-14.2,2.4,-3.2,-7.4)
2         (-3.0,2.4,-3.2,-7.2)
2         (-2.6,2.4,-3.2,-7.0)
2         (-2.8,1.8,-3.0,-7.0)
2         (-3.0,2.0,-3.2,-6.8)
2         (-3.0,2.0,-2.6,-7.0)
2         (-3.0,1.8,-3.0,-7.2)
2         (-3.0,2.0,-3.0,-6.6)
3         (-6.2,20.6,-7.0,-7.0)
3         (-2.8,2.4,-3.2,-7.4)
3         (-14.2,23.2,24.0,-7.2)
3         (-2.6,2.4,-3.2,-7.2)
3         (-3.0,2.6,-3.2,-7.2)
3         (-2.8,2.4,-3.4,-7.0)
3         (-3.0,2.4,-3.2,-7.0)
3         (-3.0,1.8,-3.2,-7.0)
3         (-2.8,2.0,-2.8,-7.0)
4         (-14.2,2.4,-3.2,-7.2)
4         (-2.8,2.2,-3.0,-7.2)
4         (-3.0,2.2,-3.0,-6.8)
4         (-2.8,2.0,-3.0,-6.8)
5         (-2.8,2.0,-3.0,-7.2)
6         (4.0,14.4,5.6,-10.4)
6         (-2.8,2.2,-3.0,-7.0)
7         (-14.2,23.2,-3.2,-7.2)
7         (-3.2,2.2,-3.2,-7.0)
8         (-3.0,2.2,-3.4,-7.0)
10        (-2.8,2.2,-3.2,-7.0)
12        (-3.0,2.2,-3.2,-7.2)
13        (-3.0,2.2,-3.2,-6.8)
17        (-2.8,2.2,-3.2,-7.2)
26        (-2.8,2.6,-3.2,-7.2)
36        (-2.8,2.4,-3.2,-7.0)
97        (-2.8,2.4,-3.2,-7.2)
198       (-3.0,2.2,-3.2,-7.0)
215       (-3.0,2.0,-3.2,-7.0)
243       (-3.0,2.0,-3.0,-7.2)
250       (-3.2,2.0,-3.0,-7.0)
253       (-2.8,2.0,-3.0,-7.0)
283       (-3.0,1.8,-3.0,-7.0)
294       (-3.0,2.2,-3.0,-7.0)
297       (-3.0,2.0,-2.8,-7.0)
298       (-3.0,2.0,-3.0,-6.8)
7261      (-3.0,2.0,-3.0,-7.0)
