# run = 10
ltot         F            S   
0         -1.7201e+01    (-6.0,-12.2,7.0,7.8)
1         -1.7211e+01    (-6.0,-12.2,7.0,7.8)
2         -1.7241e+01    (-6.0,-12.2,7.0,7.8)
3         -1.7271e+01    (-6.0,-12.2,7.0,7.8)
4         -1.6470e+01    (-6.0,-12.2,7.0,-0.2)
5         -1.6028e+01    (-6.0,-12.0,7.0,-0.2)
6         -1.6028e+01    (-6.0,-12.0,7.0,-0.2)
7         -1.6038e+01    (-6.0,-12.0,7.0,-0.2)
8         -1.6097e+01    (-6.0,-12.2,7.0,0.0)
9         -1.5596e+01    (-6.0,-12.0,7.0,0.0)
10        -1.6321e+01    (-6.0,-11.8,7.0,-0.2)
11        -1.5957e+01    (-6.0,-11.8,7.0,0.0)
12        -1.6361e+01    (-6.0,-12.0,6.8,-0.2)
13        -1.5957e+01    (-6.0,-11.8,7.0,0.0)
14        -1.5967e+01    (-6.0,-11.8,7.0,0.0)
15        -1.6237e+01    (-6.0,-11.8,7.0,0.0)
16        -1.5596e+01    (-6.0,-12.0,7.0,0.0)
17        -1.5606e+01    (-6.0,-12.0,7.0,0.0)
18        -1.5946e+01    (-6.0,-12.0,7.0,0.0)
19        -1.6003e+01    (-5.8,-12.0,7.0,0.0)
20        -1.5987e+01    (-6.0,-12.0,6.8,0.0)
21        -1.6079e+01    (-6.0,-12.0,7.2,0.0)
22        -1.6183e+01    (-5.8,-12.0,7.0,0.0)
23        -1.6193e+01    (-5.8,-12.0,7.0,0.0)
24        -1.6279e+01    (-6.0,-11.8,6.8,0.0)
25        -1.6315e+01    (-5.8,-12.0,6.8,0.0)
26        -1.6315e+01    (-5.8,-12.0,6.8,0.0)
27        -1.6355e+01    (-5.8,-12.0,6.8,0.0)
28        -1.6618e+01    (-5.8,-11.8,6.8,0.0)
29        -1.6631e+01    (-5.8,-12.0,6.8,-0.2)
30        -1.6590e+01    (-6.0,-12.0,6.8,-0.2)
31        -1.6624e+01    (-6.0,-11.8,6.8,-0.2)
32        -1.6692e+01    (-5.8,-11.6,7.0,0.0)
33        -1.6702e+01    (-5.8,-11.6,7.0,0.0)
34        -1.6420e+01    (-6.0,-12.2,6.8,0.0)
35        -1.6430e+01    (-6.0,-12.2,6.8,0.0)
36        -1.6356e+01    (-6.2,-11.8,7.0,0.0)
37        -1.6476e+01    (-6.2,-12.0,6.8,0.0)
38        -1.6063e+01    (-6.2,-12.0,7.0,0.0)
39        -1.6253e+01    (-6.2,-12.0,7.0,0.0)
40        -1.6476e+01    (-6.2,-12.0,7.2,0.0)
41        -1.6504e+01    (-6.2,-12.2,7.0,0.0)
42        -1.6088e+01    (-6.0,-12.0,7.2,0.0)
43        -1.6398e+01    (-6.0,-12.0,7.2,0.0)
44        -1.6678e+01    (-6.0,-12.0,7.4,0.0)
45        -1.6203e+01    (-5.8,-12.0,7.0,0.0)
46        -1.6353e+01    (-5.8,-12.0,7.0,0.0)
47        -1.6436e+01    (-5.8,-12.2,7.0,0.0)
48        -1.6526e+01    (-5.8,-12.2,7.0,0.0)
49        -1.6587e+01    (-5.6,-12.0,7.0,0.0)
50        -1.6397e+01    (-5.8,-12.0,7.2,0.0)
51        -1.6407e+01    (-5.8,-12.0,7.2,0.0)
52        -1.6487e+01    (-5.8,-12.0,7.2,0.0)
53        -1.6703e+01    (-5.8,-12.0,7.2,0.2)
54        -1.6703e+01    (-5.8,-12.0,7.2,0.2)
55        -1.6713e+01    (-5.8,-12.0,7.2,0.2)
56        -1.6743e+01    (-5.8,-12.0,7.2,0.2)
57        -1.6500e+01    (-6.0,-12.2,7.2,0.0)
58        -1.6366e+01    (-5.8,-12.0,7.0,0.2)
59        -1.6496e+01    (-5.8,-12.0,7.0,0.2)
60        -1.6601e+01    (-5.8,-11.8,7.0,0.2)
61        -1.6640e+01    (-5.8,-11.8,7.0,0.2)
62        -1.6802e+01    (-6.0,-12.0,7.2,0.2)
63        -1.6806e+01    (-6.0,-12.2,7.2,0.2)
64        -1.6500e+01    (-6.0,-12.2,7.2,0.0)
65        -1.6426e+01    (-6.2,-12.0,7.0,0.2)
66        -1.6446e+01    (-6.2,-12.0,7.0,0.2)
67        -1.6647e+01    (-6.0,-12.2,7.0,0.0)
68        -1.6800e+01    (-6.2,-12.2,7.0,0.2)
69        -1.6810e+01    (-6.2,-12.2,7.0,0.2)
70        -1.6524e+01    (-6.2,-12.2,7.0,0.0)
71        -1.6544e+01    (-6.2,-12.2,7.0,0.0)
72        -1.6470e+01    (-6.0,-12.2,7.0,0.2)
73        -1.6490e+01    (-6.0,-12.2,7.0,0.2)
74        -1.6727e+01    (-6.0,-12.2,7.0,0.0)
75        -1.6931e+01    (-6.0,-12.2,7.0,0.4)
76        -1.6724e+01    (-6.0,-12.4,7.0,0.0)
77        -1.6737e+01    (-6.0,-12.2,7.0,0.0)
78        -1.6747e+01    (-6.0,-12.2,7.0,0.0)
79        -1.6757e+01    (-6.0,-12.2,7.0,0.0)
80        -1.6787e+01    (-6.0,-12.2,7.0,0.0)
81        -1.6847e+01    (-6.0,-12.2,7.0,0.0)
82        -1.7077e+01    (-6.0,-12.6,7.0,-0.2)
83        -1.7104e+01    (-6.0,-12.6,7.2,0.0)
84        -1.7057e+01    (-6.0,-12.4,7.2,0.0)
85        -1.6701e+01    (-6.0,-12.8,7.2,0.0)
86        -1.6831e+01    (-6.0,-12.8,7.2,0.0)
87        -1.6301e+01    (-6.0,-12.8,7.0,0.0)
88        -1.6311e+01    (-6.0,-12.8,7.0,0.0)
89        -1.6331e+01    (-6.0,-12.8,7.0,0.0)
90        -1.6571e+01    (-6.0,-12.8,7.0,0.0)
91        -1.6633e+01    (-5.8,-12.8,7.0,0.0)
92        -1.6643e+01    (-5.8,-12.8,7.0,0.0)
93        -1.6369e+01    (-6.0,-13.0,7.0,0.2)
94        -1.6762e+01    (-6.2,-13.0,7.0,0.2)
95        -1.6701e+01    (-5.8,-13.0,7.0,0.2)
96        -1.6338e+01    (-5.8,-13.0,7.0,0.0)
97        -1.6338e+01    (-5.8,-13.0,7.0,0.0)
98        -1.5937e+01    (-6.0,-13.0,7.0,0.0)
99        -1.6408e+01    (-5.8,-13.0,7.0,0.0)
100       -1.6696e+01    (-6.0,-13.0,6.8,0.2)
101       -1.6767e+01    (-5.8,-13.2,7.0,0.0)
102       -1.6777e+01    (-5.8,-13.2,7.0,0.0)
103       -1.6017e+01    (-6.0,-13.0,7.0,0.0)
104       -1.6332e+01    (-6.0,-13.0,6.8,0.0)
105       -1.6343e+01    (-6.0,-13.0,6.8,0.0)
106       -1.6352e+01    (-6.0,-13.0,6.8,0.0)
107       -1.6402e+01    (-6.0,-13.0,6.8,0.0)
108       -1.6453e+01    (-6.0,-13.0,6.8,0.0)
109       -1.6492e+01    (-6.0,-13.0,6.8,0.0)
110       -1.6665e+01    (-5.8,-13.0,6.8,0.0)
111       -1.6665e+01    (-5.8,-13.0,6.8,0.0)
112       -1.6675e+01    (-5.8,-13.0,6.8,0.0)
113       -1.6897e+01    (-5.8,-13.2,7.0,0.0)
114       -1.6827e+01    (-6.2,-13.2,7.0,0.0)
115       -1.6807e+01    (-6.0,-13.2,7.0,0.2)
116       -1.7008e+01    (-6.0,-13.0,7.0,-0.4)
117       -1.7059e+01    (-6.0,-13.0,7.0,-0.2)
118       -1.7207e+01    (-6.0,-13.2,6.6,0.0)
119       -1.7233e+01    (-6.2,-13.0,7.0,-0.4)
120       -1.7172e+01    (-5.8,-13.0,7.0,-0.4)
121       -1.6731e+01    (-5.8,-13.0,7.0,-0.2)
122       -1.6771e+01    (-5.8,-13.0,7.0,-0.2)
123       -1.6811e+01    (-5.8,-13.0,7.0,-0.2)
124       -1.7043e+01    (-5.8,-13.0,7.2,-0.2)
125       -1.7043e+01    (-5.8,-13.0,7.2,-0.2)
126       -1.6747e+01    (-5.8,-13.0,7.2,0.0)
127       -1.7027e+01    (-5.8,-13.0,7.2,0.0)
128       -1.6976e+01    (-5.8,-12.8,7.2,0.0)
129       -1.7128e+01    (-5.8,-13.2,7.2,0.0)
130       -1.7138e+01    (-5.8,-13.2,7.2,0.0)
131       -1.7072e+01    (-5.6,-12.8,7.0,0.0)
132       -1.6832e+01    (-6.0,-13.2,7.2,0.0)
133       -1.6842e+01    (-6.0,-13.2,7.2,0.0)
134       -1.6862e+01    (-6.0,-13.2,7.2,0.0)
135       -1.6906e+01    (-5.6,-13.0,7.0,0.0)
136       -1.6404e+01    (-6.0,-13.0,7.2,0.0)
137       -1.6404e+01    (-6.0,-13.0,7.2,0.0)
138       -1.6654e+01    (-6.0,-13.0,7.2,0.0)
139       -1.6777e+01    (-6.0,-13.0,7.2,0.2)
140       -1.6807e+01    (-6.2,-13.0,7.2,0.0)
141       -1.6807e+01    (-6.2,-13.0,7.2,0.0)
142       -1.6787e+01    (-6.0,-13.0,7.2,0.2)
143       -1.7318e+01    (-6.0,-12.8,7.4,0.0)
144       -1.6399e+01    (-6.2,-13.0,7.0,0.0)
145       -1.6489e+01    (-6.2,-13.0,7.0,0.0)
146       -1.6839e+01    (-6.2,-13.0,7.0,0.0)
147       -1.6727e+01    (-6.2,-13.0,6.8,0.0)
148       -1.6737e+01    (-6.2,-13.0,6.8,0.0)
149       -1.6847e+01    (-6.2,-13.0,6.8,0.0)
150       -1.6997e+01    (-6.2,-13.0,6.8,0.0)
151       -1.7077e+01    (-6.2,-13.2,7.0,0.0)
152       -1.6782e+01    (-6.2,-13.0,7.0,-0.2)
153       -1.7020e+01    (-6.6,-13.0,7.0,0.0)
154       -1.7040e+01    (-6.6,-13.0,7.0,0.0)
155       -1.6495e+01    (-6.8,-13.0,7.0,0.0)
156       -1.6765e+01    (-6.8,-13.0,7.0,0.0)
157       -1.6097e+01    (-7.0,-13.0,7.0,0.0)
158       -1.6357e+01    (-7.0,-13.0,7.0,0.0)
159       -1.6466e+01    (-7.0,-12.8,7.0,0.0)
160       -1.6562e+01    (-7.0,-13.0,7.2,0.0)
161       -1.6572e+01    (-7.0,-13.0,7.2,0.0)
162       -1.6612e+01    (-7.2,-13.0,7.0,0.0)
163       -1.6622e+01    (-7.2,-13.0,7.0,0.0)
164       -1.6662e+01    (-7.2,-13.0,7.0,0.0)
165       -1.6922e+01    (-7.2,-13.0,7.0,0.0)
166       -1.6958e+01    (-7.2,-13.0,7.2,0.0)
167       -1.6589e+01    (-7.0,-13.0,7.0,-0.2)
168       -1.6829e+01    (-7.0,-12.8,7.0,-0.2)
169       -1.6829e+01    (-7.0,-12.8,7.0,-0.2)
170       -1.6849e+01    (-7.0,-12.8,7.0,-0.2)
171       -1.6909e+01    (-7.0,-12.8,7.0,-0.2)
172       -1.6476e+01    (-7.0,-12.8,7.0,0.0)
173       -1.6476e+01    (-7.0,-12.8,7.0,0.0)
174       -1.6526e+01    (-7.0,-12.8,7.0,0.0)
175       -1.6795e+01    (-6.8,-12.8,7.0,0.0)
176       -1.6855e+01    (-6.8,-12.8,7.0,0.0)
177       -1.6863e+01    (-7.0,-12.8,7.2,0.0)
178       -1.6873e+01    (-7.0,-12.8,7.2,0.0)
179       -1.6893e+01    (-7.0,-12.8,7.2,0.0)
180       -1.6897e+01    (-7.0,-12.4,7.0,0.0)
181       -1.6275e+01    (-7.0,-12.2,7.0,0.0)
182       -1.6455e+01    (-7.0,-12.2,7.0,0.0)
183       -1.6601e+01    (-7.0,-12.2,6.8,0.0)
184       -1.6611e+01    (-7.0,-12.2,6.8,0.0)
185       -1.6661e+01    (-7.0,-12.2,6.8,0.0)
186       -1.6698e+01    (-7.0,-12.2,7.0,-0.2)
187       -1.6728e+01    (-7.0,-12.2,7.0,-0.2)
188       -1.6798e+01    (-7.0,-12.2,7.0,-0.2)
189       -1.6211e+01    (-7.0,-12.0,7.0,-0.2)
190       -1.6221e+01    (-7.0,-12.0,7.0,-0.2)
191       -1.5779e+01    (-7.0,-12.0,7.0,0.0)
192       -1.5789e+01    (-7.0,-12.0,7.0,0.0)
193       -1.5819e+01    (-7.0,-12.0,7.0,0.0)
194       -1.6139e+01    (-7.0,-12.0,7.0,0.0)
195       -1.6172e+01    (-7.0,-12.0,6.8,0.0)
196       -1.6451e+01    (-7.0,-12.0,7.0,0.2)
197       -1.6536e+01    (-7.0,-12.0,6.8,0.2)
198       -1.6612e+01    (-7.0,-12.0,7.2,0.2)
199       -1.6612e+01    (-7.0,-12.0,7.2,0.2)
200       -1.6622e+01    (-7.0,-12.0,7.2,0.2)
