# run = 19
occ          S   
0         (-18.8,26.0,-14.8,-20.2)
0         (10.0,22.6,-0.6,-26.2)
0         (13.4,31.2,-19.0,16.2)
0         (9.4,15.2,14.8,9.8)
0         (12.4,26.6,-18.8,22.4)
0         (-31.8,19.2,21.8,-17.2)
0         (-19.4,-4.2,24.4,9.6)
0         (-30.6,13.6,1.0,8.4)
0         (-16.8,15.0,-18.0,-15.6)
0         (10.0,-26.6,-19.2,-14.0)
0         (-25.4,14.2,11.8,19.8)
0         (27.6,0.4,20.0,17.2)
0         (18.4,-15.6,17.4,4.8)
0         (-5.0,-12.2,30.6,-13.8)
0         (26.4,15.2,-26.0,19.2)
0         (-11.6,-16.2,-9.0,25.0)
0         (-30.4,-32.2,9.2,32.4)
0         (8.4,-18.6,1.4,29.0)
0         (-32.0,-10.4,-29.0,19.0)
0         (-31.2,-5.4,-15.6,22.8)
0         (19.6,3.0,-27.2,13.8)
0         (-5.4,-10.8,13.4,-6.8)
0         (17.8,-16.8,32.2,26.6)
0         (30.8,-9.4,1.4,13.6)
0         (21.4,-12.8,26.0,-24.6)
0         (-11.2,-25.8,1.2,16.8)
0         (21.6,31.2,-2.0,-10.4)
0         (16.8,9.0,-28.8,-27.0)
0         (7.2,-17.6,-4.4,25.6)
0         (15.0,18.2,-23.8,-30.8)
0         (22.2,22.8,-28.2,-28.0)
0         (24.0,-21.6,23.4,5.0)
0         (-1.4,-10.2,26.4,7.2)
0         (19.2,-8.8,-14.4,22.6)
0         (-8.6,18.2,-27.4,6.0)
0         (29.2,31.2,3.2,-32.8)
0         (-19.2,4.4,-1.8,-30.0)
0         (-22.8,27.8,21.2,-20.4)
0         (-17.4,0.8,12.4,-6.2)
0         (9.6,15.2,14.8,9.8)
0         (10.2,22.6,-0.6,-26.2)
0         (-3.6,12.4,-0.4,4.6)
0         (16.8,9.2,-28.8,-27.0)
0         (-17.6,0.8,12.4,-6.2)
0         (4.8,14.8,-11.2,-1.0)
0         (4.4,-9.0,-11.0,-0.8)
0         (-2.6,-9.0,-11.0,-0.6)
0         (-2.8,-9.0,-11.2,-0.6)
0         (-3.0,-9.4,-11.0,-1.0)
0         (-3.0,-8.6,-11.2,-1.2)
0         (-3.2,-8.8,-11.2,-1.0)
0         (-3.0,-9.0,-11.4,-0.8)
0         (-3.0,-8.6,-11.2,-0.8)
0         (-3.0,-9.0,-11.2,-1.4)
0         (-2.6,-8.8,-11.2,-1.0)
0         (-2.6,-8.6,-11.0,-1.0)
0         (-2.8,-8.6,-11.0,-0.8)
0         (-2.8,-8.8,-11.0,-0.6)
0         (-3.0,-8.4,-11.0,-0.6)
0         (-3.0,-8.6,-10.6,-1.2)
0         (-3.0,-8.6,-10.8,-1.2)
0         (-3.0,-8.8,-10.8,-0.6)
0         (-3.0,-9.0,-10.8,-0.6)
0         (-3.0,-9.0,-10.8,-1.4)
0         (-3.0,-9.2,-11.2,-1.2)
0         (-3.0,-9.4,-10.8,-1.2)
0         (-3.4,-9.2,-11.0,-1.0)
0         (-3.0,-9.0,-10.4,-1.2)
0         (-2.8,-8.6,-11.0,-1.2)
0         (-2.6,-9.0,-10.8,-1.2)
0         (-3.0,-9.0,-11.4,-1.2)
0         (-2.6,-9.0,-11.2,-1.2)
0         (-3.0,-8.8,-11.0,-1.6)
0         (-2.8,-9.4,-10.8,-1.0)
0         (-2.8,-9.2,-10.6,-1.2)
0         (-2.8,-9.0,-10.8,-1.6)
0         (-2.8,-8.6,-10.6,-1.0)
0         (-2.6,-8.8,-10.6,-1.0)
0         (-3.4,-9.0,-10.6,-0.8)
0         (-3.2,-9.2,-10.6,-0.8)
0         (-3.2,-9.0,-10.4,-0.6)
0         (-3.2,-9.2,-10.6,-1.0)
0         (-3.4,-9.2,-10.8,-0.8)
0         (-3.2,-8.8,-10.6,-1.0)
0         (-3.0,-9.0,-10.4,-0.6)
0         (-3.4,-9.0,-10.4,-1.2)
0         (-2.8,-9.2,-10.4,-1.0)
0         (-3.0,-8.8,-10.4,-1.2)
0         (-2.6,-9.0,-10.4,-1.0)
0         (-3.0,-8.6,-10.4,-1.0)
0         (-3.0,-8.8,-10.4,-0.8)
0         (-3.0,-9.2,-10.2,-0.8)
0         (-3.2,-9.2,-10.2,-1.2)
0         (-3.0,-9.2,-10.2,-1.4)
0         (-3.2,-9.2,-10.2,-1.4)
0         (-3.2,-9.2,-9.8,-1.0)
0         (-2.8,-9.0,-10.2,-1.2)
0         (-3.0,-9.4,-10.0,-0.8)
0         (-3.0,-9.0,-10.0,-1.4)
0         (-2.8,-9.0,-10.0,-1.2)
0         (-3.0,-9.2,-9.6,-1.0)
0         (-2.8,-8.8,-9.8,-1.2)
0         (-3.4,-8.8,-9.8,-1.0)
0         (-2.8,-8.8,-9.8,-0.8)
0         (-3.2,-8.8,-9.8,-1.2)
0         (-3.2,-8.6,-10.0,-1.0)
0         (-3.0,-8.6,-10.2,-1.0)
0         (-2.8,-8.6,-10.0,-1.2)
0         (-3.2,-8.6,-10.0,-0.8)
0         (-2.8,-9.2,-9.8,-0.8)
0         (-3.0,-8.8,-10.0,-0.6)
0         (-3.0,-9.0,-10.2,-0.6)
0         (-3.2,-9.0,-10.2,-0.8)
0         (-2.8,-9.0,-10.4,-0.8)
0         (-2.6,-9.0,-9.8,-0.8)
0         (-3.4,-9.0,-10.2,-1.0)
0         (-2.6,-9.0,-9.8,-1.2)
0         (-2.8,-9.0,-9.8,-1.4)
0         (-3.4,-9.0,-10.0,-1.2)
0         (-3.4,-9.0,-9.8,-1.0)
0         (-3.6,-9.0,-10.0,-1.0)
0         (-2.8,-9.2,-9.8,-1.2)
0         (-2.6,-9.2,-9.8,-1.0)
0         (-2.2,-8.8,-10.0,-1.2)
0         (-1.8,-9.0,-10.0,-1.4)
0         (-1.8,-9.2,-9.8,-1.2)
0         (-1.8,-9.0,-9.8,-1.4)
0         (-1.8,-9.0,-10.2,-1.2)
0         (-2.2,-9.0,-9.8,-1.2)
0         (-2.0,-9.0,-9.6,-1.2)
0         (-1.8,-9.2,-9.8,-1.0)
0         (-2.0,-9.2,-9.6,-1.0)
0         (-2.0,-9.2,-9.8,-1.2)
0         (-2.4,-9.2,-9.8,-0.8)
0         (-2.4,-9.0,-9.8,-0.8)
0         (-2.2,-9.0,-9.8,-0.6)
0         (-2.4,-9.0,-10.0,-0.6)
0         (-2.2,-9.2,-9.8,-0.6)
0         (-2.0,-9.2,-10.2,-0.6)
0         (-2.0,-9.0,-10.0,-0.4)
0         (-2.0,-9.2,-10.2,-0.8)
0         (-2.2,-9.0,-10.2,-1.2)
0         (-2.0,-8.6,-10.2,-0.8)
0         (-2.0,-8.8,-10.2,-0.6)
0         (-1.8,-9.2,-10.0,-0.4)
0         (-2.2,-8.8,-10.4,-1.2)
0         (-2.2,-8.8,-10.4,-0.8)
0         (-2.4,-9.0,-10.2,-1.0)
0         (-1.6,-9.0,-10.2,-1.0)
0         (-2.0,-8.6,-10.4,-1.0)
0         (-1.6,-8.8,-10.0,-1.0)
0         (-2.2,-8.8,-9.6,-0.8)
0         (-2.2,-8.4,-10.0,-0.8)
0         (-1.8,-8.4,-9.8,-1.0)
0         (-2.0,-8.4,-9.8,-1.2)
0         (-2.0,-8.2,-10.2,-1.2)
0         (-1.6,-8.0,-10.0,-1.0)
0         (-2.0,-8.0,-10.2,-1.0)
0         (-2.0,-8.0,-10.2,-1.2)
0         (-1.8,-8.2,-10.0,-1.2)
0         (-2.0,-8.2,-9.8,-1.0)
0         (-2.4,-8.0,-10.0,-1.2)
0         (-2.0,-8.2,-9.6,-1.0)
0         (-2.2,-7.8,-9.6,-1.0)
0         (-1.6,-8.0,-10.0,-0.8)
0         (-2.0,-8.0,-9.4,-0.6)
0         (-1.8,-8.0,-9.8,-1.4)
0         (-1.6,-8.0,-9.8,-1.2)
0         (-1.6,-7.8,-9.8,-0.8)
0         (-1.8,-8.4,-10.0,-0.8)
0         (-1.6,-7.8,-10.0,-0.8)
0         (-1.8,-7.8,-10.2,-0.8)
0         (-1.8,-7.8,-10.0,-0.6)
0         (-2.2,-8.2,-9.6,-1.0)
0         (-2.0,-7.8,-9.8,-0.6)
0         (-2.4,-8.2,-9.8,-0.8)
0         (-2.4,-8.0,-9.8,-0.6)
0         (-2.0,-7.8,-10.4,-1.0)
0         (-2.0,-7.6,-10.2,-0.8)
0         (-2.0,-8.2,-9.8,-1.2)
0         (-1.6,-8.0,-9.8,-1.0)
0         (-1.6,-7.6,-10.0,-1.0)
0         (-1.8,-7.8,-9.6,-0.8)
0         (-1.8,-7.4,-10.2,-1.0)
0         (-2.0,-7.4,-10.2,-0.8)
0         (-2.4,-7.4,-10.0,-1.0)
0         (-2.2,-7.2,-9.6,-0.8)
0         (-2.4,-7.8,-10.0,-0.8)
0         (-2.2,-7.0,-10.2,-0.8)
0         (-2.4,-7.2,-9.8,-1.0)
0         (-2.2,-6.8,-9.8,-1.0)
0         (-2.0,-7.2,-9.6,-1.0)
0         (-2.2,-7.2,-9.8,-0.6)
0         (-2.2,-7.0,-10.0,-1.0)
1         (-10.4,-15.8,21.6,-11.6)
1         (-23.0,-11.2,-31.2,30.4)
1         (-30.8,26.0,-19.8,-16.6)
1         (-30.8,4.6,-3.0,17.0)
1         (-13.4,-14.4,-4.8,-29.4)
1         (-18.6,26.0,-14.8,-20.2)
1         (-25.6,14.2,11.8,19.8)
1         (4.8,-9.0,-11.0,-1.0)
1         (-3.0,-9.2,-11.2,-1.0)
1         (-3.0,-9.0,-11.0,-0.6)
1         (-3.0,-9.0,-11.4,-1.0)
1         (-3.0,-8.6,-11.0,-1.0)
1         (-3.0,-8.8,-11.0,-0.6)
1         (-3.0,-8.8,-11.2,-0.8)
1         (-3.2,-8.8,-11.2,-0.8)
1         (-3.0,-8.4,-11.0,-0.8)
1         (-3.0,-9.0,-10.6,-0.8)
1         (-3.0,-9.2,-10.6,-1.2)
1         (-3.2,-8.8,-10.8,-1.2)
1         (-3.2,-8.6,-11.0,-1.2)
1         (-2.8,-9.0,-10.6,-0.8)
1         (-2.8,-9.0,-10.8,-1.4)
1         (-2.6,-9.0,-10.6,-1.0)
1         (-2.6,-9.2,-11.0,-1.2)
1         (-3.2,-9.2,-10.8,-0.8)
1         (-3.0,-9.2,-10.4,-0.8)
1         (-3.4,-9.0,-10.4,-1.0)
1         (-3.2,-9.2,-10.4,-1.0)
1         (-3.2,-9.2,-10.8,-1.0)
1         (-3.0,-8.8,-10.2,-0.8)
1         (-3.2,-9.2,-10.2,-1.0)
1         (-2.8,-9.4,-10.0,-1.0)
1         (-3.0,-9.0,-9.6,-1.2)
1         (-3.2,-8.8,-9.8,-0.8)
1         (-3.0,-8.4,-10.0,-1.0)
1         (-3.0,-9.0,-10.0,-0.6)
1         (-3.0,-9.0,-9.8,-0.6)
1         (-3.2,-9.2,-10.0,-0.8)
1         (-3.4,-9.0,-10.0,-0.8)
1         (-3.2,-9.0,-9.6,-0.8)
1         (-3.2,-9.0,-9.6,-1.2)
1         (-3.4,-8.8,-10.0,-1.0)
1         (-2.4,-8.8,-10.0,-1.0)
1         (-2.2,-9.0,-9.6,-1.0)
1         (-2.0,-9.0,-10.4,-1.0)
1         (-2.0,-9.0,-10.0,-1.4)
1         (-2.0,-8.6,-9.8,-1.0)
1         (-1.8,-8.8,-9.8,-0.8)
1         (-2.2,-9.2,-9.8,-1.0)
1         (-2.0,-9.0,-9.8,-0.4)
1         (-2.2,-9.4,-10.0,-1.0)
1         (-2.0,-9.4,-10.0,-1.0)
1         (-2.0,-9.4,-10.0,-0.8)
1         (-1.8,-9.2,-10.0,-0.6)
1         (-2.2,-9.0,-10.4,-0.8)
1         (-2.0,-9.0,-10.2,-0.6)
1         (-1.8,-9.0,-10.2,-0.8)
1         (-2.2,-8.8,-10.4,-1.0)
1         (-1.8,-9.2,-10.2,-1.0)
1         (-2.2,-8.8,-9.8,-1.0)
1         (-2.0,-8.4,-10.2,-1.0)
1         (-1.8,-8.2,-10.2,-1.0)
1         (-2.0,-8.2,-10.4,-1.0)
1         (-1.8,-8.2,-9.8,-1.0)
1         (-1.8,-7.8,-10.2,-1.0)
1         (-2.2,-7.8,-10.2,-1.0)
1         (-2.0,-7.8,-10.0,-1.4)
1         (-2.2,-7.8,-10.0,-1.2)
1         (-2.2,-8.2,-9.8,-0.8)
1         (-1.8,-7.8,-9.8,-1.2)
1         (-2.0,-7.6,-9.8,-1.2)
1         (-1.8,-8.0,-10.0,-0.6)
1         (-1.8,-7.6,-9.8,-0.8)
1         (-2.6,-8.0,-9.8,-1.0)
1         (-2.2,-8.0,-9.8,-1.4)
1         (-1.8,-7.6,-10.0,-0.8)
1         (-2.0,-7.6,-10.2,-1.0)
1         (-2.0,-7.4,-10.2,-1.0)
1         (-1.8,-7.4,-9.8,-1.0)
1         (-1.6,-8.0,-9.8,-0.8)
1         (-2.0,-7.4,-10.0,-0.6)
1         (-1.8,-7.4,-10.0,-0.8)
1         (-2.2,-7.6,-9.8,-1.0)
1         (-2.2,-7.2,-10.2,-1.0)
2         (-4.0,24.6,-4.0,11.0)
2         (-9.0,-16.8,0.6,3.2)
2         (5.4,-9.8,-0.6,-6.0)
2         (4.6,-9.0,-11.0,-0.8)
2         (-3.0,-8.6,-11.0,-1.2)
2         (-3.4,-8.8,-11.0,-0.8)
2         (-2.8,-8.6,-11.0,-1.0)
2         (-3.2,-9.0,-11.0,-0.6)
2         (-3.0,-9.4,-11.0,-0.8)
2         (-3.2,-8.8,-11.2,-1.2)
2         (-3.2,-9.0,-11.0,-1.4)
2         (-3.0,-9.0,-10.6,-1.4)
2         (-2.6,-9.0,-11.0,-1.2)
2         (-3.0,-8.8,-11.0,-1.4)
2         (-2.6,-9.0,-10.8,-1.0)
2         (-2.8,-9.2,-10.6,-1.0)
2         (-2.6,-9.2,-10.8,-1.0)
2         (-3.2,-9.0,-10.4,-1.2)
2         (-2.8,-9.0,-10.4,-1.2)
2         (-3.0,-9.4,-10.0,-1.0)
2         (-3.0,-9.0,-9.8,-1.2)
2         (-3.2,-8.8,-9.6,-1.0)
2         (-3.0,-8.8,-10.0,-1.2)
2         (-2.8,-8.8,-10.0,-1.2)
2         (-3.0,-8.6,-9.8,-1.0)
2         (-3.0,-8.6,-10.0,-0.8)
2         (-3.0,-8.6,-10.0,-1.2)
2         (-2.8,-9.0,-10.0,-0.6)
2         (-2.6,-8.8,-10.0,-0.8)
2         (-2.6,-9.0,-10.0,-0.8)
2         (-3.2,-9.0,-10.0,-0.6)
2         (-2.6,-9.0,-10.0,-1.2)
2         (-2.0,-8.8,-10.0,-1.4)
2         (-2.2,-9.2,-10.0,-0.6)
2         (-2.0,-9.0,-10.4,-0.8)
2         (-2.2,-9.0,-10.4,-1.0)
2         (-2.2,-8.8,-10.2,-1.2)
2         (-2.2,-8.6,-10.2,-1.0)
2         (-1.8,-8.6,-10.0,-1.0)
2         (-2.2,-8.0,-10.2,-1.0)
2         (-2.0,-8.0,-10.0,-1.4)
2         (-2.0,-8.0,-9.8,-0.6)
2         (-2.2,-7.8,-9.8,-0.8)
2         (-2.0,-8.2,-10.0,-0.6)
2         (-2.0,-8.2,-10.2,-0.8)
2         (-2.0,-7.8,-10.0,-0.6)
2         (-2.2,-8.0,-9.6,-0.8)
2         (-2.6,-8.0,-10.0,-0.8)
2         (-2.0,-7.8,-9.6,-0.8)
2         (-2.0,-7.6,-9.8,-0.8)
2         (-2.0,-7.4,-9.8,-0.8)
2         (-2.2,-7.0,-10.0,-0.8)
2         (-2.2,-7.2,-9.6,-1.0)
2         (-2.2,-7.2,-9.8,-1.2)
2         (-2.4,-7.2,-10.0,-1.0)
3         (-2.8,-9.0,-11.0,-0.6)
3         (-2.8,-8.8,-11.2,-0.8)
3         (4.8,-9.0,-11.0,-0.6)
3         (4.8,-9.0,-11.2,-0.8)
3         (-3.2,-9.0,-11.2,-1.0)
3         (-3.0,-9.2,-11.2,-0.8)
3         (-3.0,-8.6,-11.0,-0.8)
3         (-2.6,-8.8,-11.0,-1.2)
3         (-2.8,-9.2,-11.0,-1.2)
3         (-3.2,-8.8,-11.0,-1.4)
3         (-2.6,-9.2,-10.8,-1.2)
3         (-3.4,-9.0,-10.8,-0.8)
3         (-3.0,-9.2,-10.6,-1.0)
3         (-3.4,-9.0,-10.8,-1.0)
3         (-3.0,-9.2,-10.0,-1.4)
3         (-2.6,-9.2,-10.0,-1.0)
3         (-3.0,-8.8,-9.6,-1.0)
3         (-2.6,-9.0,-10.2,-1.0)
3         (-2.0,-8.8,-10.4,-1.0)
3         (-2.0,-8.6,-10.0,-1.2)
3         (-1.8,-8.4,-10.0,-1.0)
3         (-2.0,-8.4,-9.8,-1.0)
3         (-2.2,-8.4,-10.0,-1.0)
3         (-1.8,-7.8,-9.6,-1.0)
3         (-2.0,-7.8,-10.2,-0.8)
3         (-2.4,-8.0,-9.8,-1.0)
3         (-2.0,-7.4,-9.8,-1.2)
3         (-2.2,-7.6,-10.0,-1.0)
3         (-2.2,-7.4,-10.0,-0.8)
3         (-2.2,-7.6,-10.0,-0.8)
4         (4.8,14.8,-3.0,-6.2)
4         (-2.8,-9.0,-11.2,-0.8)
4         (-2.6,-8.8,-11.0,-0.8)
4         (-2.8,-9.2,-11.0,-0.8)
4         (-2.8,-9.2,-11.0,-1.0)
4         (-2.8,-8.8,-10.8,-0.8)
4         (-2.8,-8.8,-11.2,-1.0)
4         (-2.6,-8.8,-10.8,-1.0)
4         (-3.2,-9.0,-10.6,-1.2)
4         (-2.8,-9.0,-11.2,-1.2)
4         (-2.8,-9.2,-10.8,-0.8)
4         (-3.2,-9.0,-10.4,-0.8)
4         (-2.8,-8.8,-10.4,-1.0)
4         (-2.8,-9.0,-9.6,-1.0)
4         (-3.2,-9.0,-9.6,-1.0)
4         (-1.6,-9.0,-10.0,-1.0)
4         (-2.2,-9.2,-10.0,-0.8)
4         (-2.0,-8.8,-10.0,-0.6)
4         (-2.0,-8.4,-10.0,-0.8)
4         (-1.8,-8.0,-10.2,-1.0)
4         (-2.4,-8.0,-10.0,-1.0)
4         (-2.0,-7.6,-9.8,-1.0)
4         (-2.2,-8.0,-9.8,-1.2)
4         (-2.2,-7.2,-10.0,-0.8)
4         (-2.2,-7.0,-9.8,-1.0)
5         (4.8,14.8,-3.0,-0.8)
5         (4.8,14.8,-11.2,-0.8)
5         (-2.8,-9.0,-11.2,-1.0)
5         (-2.6,-9.0,-11.0,-1.0)
5         (-3.2,-9.0,-11.2,-0.8)
5         (-3.2,-8.8,-10.8,-1.0)
5         (-3.0,-9.2,-10.4,-1.0)
5         (-2.8,-9.2,-10.0,-1.2)
5         (-2.8,-8.8,-10.2,-1.0)
5         (-3.0,-9.2,-10.2,-1.2)
5         (-3.2,-9.0,-10.0,-1.2)
5         (-2.2,-9.0,-9.8,-1.0)
5         (-2.2,-9.2,-9.8,-0.8)
5         (-2.0,-9.2,-10.0,-0.4)
5         (-2.2,-9.2,-10.2,-1.0)
5         (-2.2,-8.6,-10.0,-1.0)
5         (-2.2,-8.2,-10.0,-1.0)
5         (-2.2,-8.2,-10.0,-0.8)
5         (-1.8,-8.0,-10.0,-1.2)
5         (-2.0,-8.2,-10.0,-1.2)
5         (-2.0,-8.0,-10.0,-0.6)
5         (-2.0,-8.0,-9.6,-0.8)
5         (-2.0,-7.8,-9.6,-1.0)
6         (-3.6,12.4,-0.6,4.6)
6         (-3.2,-8.8,-11.0,-1.0)
6         (-3.2,-9.2,-11.0,-0.8)
6         (-3.2,-9.0,-10.8,-1.2)
6         (-2.8,-9.0,-10.8,-0.6)
6         (-3.2,-9.0,-10.2,-1.0)
6         (-3.2,-9.2,-10.0,-1.0)
6         (-3.0,-8.8,-9.8,-1.2)
6         (-2.0,-8.8,-9.6,-1.0)
6         (-1.8,-8.8,-9.8,-1.2)
6         (-2.0,-9.0,-9.8,-0.6)
6         (-1.8,-9.2,-10.0,-1.0)
6         (-1.8,-9.0,-10.0,-0.8)
6         (-2.0,-8.8,-10.2,-0.8)
6         (-2.0,-8.0,-9.4,-1.0)
6         (-2.4,-8.0,-10.0,-0.8)
7         (-2.6,-9.0,-11.0,-0.8)
7         (-3.4,-9.0,-11.0,-1.0)
7         (-2.6,-8.8,-11.0,-1.0)
7         (-3.0,-8.8,-10.6,-1.0)
7         (-2.8,-8.8,-10.6,-1.0)
7         (-2.8,-9.2,-10.0,-0.8)
7         (-2.6,-9.0,-9.8,-1.0)
7         (-3.0,-8.8,-9.8,-0.8)
7         (-1.8,-9.2,-10.0,-0.8)
7         (-2.2,-9.0,-10.0,-0.6)
7         (-2.0,-7.6,-10.0,-1.2)
7         (-2.2,-7.8,-9.8,-1.0)
7         (-2.0,-8.2,-9.8,-0.8)
7         (-2.2,-8.2,-9.8,-1.0)
8         (-3.0,-9.2,-11.0,-1.2)
8         (-3.0,-9.2,-9.8,-1.0)
8         (-3.0,-9.2,-10.0,-0.8)
8         (-2.0,-7.8,-10.2,-1.0)
9         (-3.2,-9.0,-11.2,-1.2)
9         (-3.0,-8.6,-10.8,-1.0)
9         (-3.0,-9.2,-10.8,-0.8)
9         (-2.8,-9.2,-10.2,-1.0)
9         (-3.2,-9.0,-9.8,-1.2)
9         (-2.2,-8.8,-10.2,-1.0)
9         (-1.8,-8.8,-10.0,-1.2)
9         (-2.0,-9.0,-9.6,-0.8)
9         (-2.2,-8.8,-10.2,-0.8)
9         (-1.8,-7.6,-10.0,-1.0)
10        (-3.0,-8.8,-11.2,-1.0)
10        (-3.0,-8.8,-10.6,-1.2)
10        (-3.0,-9.0,-11.0,-1.4)
10        (-3.2,-8.8,-10.0,-0.8)
10        (-1.8,-8.8,-9.8,-1.0)
10        (-2.2,-8.0,-9.6,-1.0)
10        (-1.8,-7.8,-9.8,-0.8)
10        (-2.4,-8.0,-9.8,-0.8)
11        (-3.0,-9.2,-10.8,-1.2)
11        (-3.0,-9.0,-10.2,-1.2)
11        (-2.8,-9.0,-9.8,-0.8)
11        (-3.2,-9.0,-9.8,-0.8)
11        (-1.8,-9.0,-9.8,-1.0)
11        (-2.2,-8.8,-10.0,-0.8)
11        (-1.8,-8.0,-9.6,-1.0)
12        (4.8,14.8,-11.0,-0.8)
12        (-3.0,-9.2,-10.8,-1.0)
12        (-3.0,-8.8,-11.2,-1.2)
12        (-3.0,-9.0,-10.2,-0.8)
12        (-3.0,-9.0,-10.0,-1.2)
12        (-2.2,-9.0,-10.0,-1.2)
12        (-2.0,-9.2,-10.2,-1.0)
12        (-2.2,-8.0,-10.0,-1.2)
13        (-3.2,-9.2,-11.0,-1.0)
13        (-2.8,-9.0,-10.6,-1.2)
13        (-3.2,-8.8,-9.8,-1.0)
13        (-2.0,-9.2,-10.0,-1.2)
13        (-1.8,-8.8,-10.2,-1.0)
13        (-2.0,-7.4,-10.0,-1.2)
13        (-2.2,-7.4,-9.8,-1.0)
14        (-3.0,-8.8,-10.8,-1.2)
14        (-2.0,-9.0,-10.2,-1.2)
14        (-1.8,-9.0,-9.8,-1.2)
14        (-2.2,-9.0,-10.2,-0.8)
15        (-3.0,-9.0,-10.4,-0.8)
15        (-3.0,-9.2,-10.2,-1.0)
15        (-2.8,-9.0,-9.8,-1.2)
15        (-2.0,-8.6,-10.0,-1.0)
15        (-2.2,-8.8,-9.8,-0.8)
15        (-2.0,-9.2,-10.0,-0.6)
15        (-2.2,-8.0,-10.0,-0.8)
15        (-1.8,-8.0,-9.8,-0.8)
15        (-2.2,-7.2,-9.8,-0.8)
16        (-2.2,-7.4,-10.0,-1.0)
17        (-2.0,-8.2,-10.2,-1.0)
17        (-2.2,-8.0,-9.8,-0.8)
18        (-2.8,-8.8,-10.8,-1.2)
18        (-3.0,-8.8,-10.4,-1.0)
18        (-2.8,-8.8,-9.8,-1.0)
18        (-2.8,-9.0,-10.2,-0.8)
18        (-2.0,-9.2,-9.8,-0.8)
19        (-2.8,-9.2,-9.8,-1.0)
19        (-3.0,-8.8,-10.0,-0.8)
19        (-3.0,-9.0,-9.6,-1.0)
19        (-2.0,-9.2,-9.8,-1.0)
19        (-2.2,-7.8,-10.0,-0.8)
20        (-3.0,-9.0,-11.2,-0.8)
20        (-3.4,-9.0,-10.0,-1.0)
20        (-2.0,-9.0,-9.6,-1.0)
20        (-2.0,-8.6,-10.2,-1.0)
20        (-2.0,-8.0,-9.8,-1.2)
20        (-2.0,-7.6,-10.0,-0.8)
21        (-3.0,-9.2,-11.0,-1.0)
22        (-1.8,-7.8,-10.0,-0.8)
22        (-1.8,-8.2,-10.0,-0.8)
23        (-2.8,-9.2,-10.8,-1.2)
23        (-2.8,-9.0,-10.2,-1.0)
23        (-2.0,-9.0,-9.8,-1.2)
23        (-1.8,-8.2,-10.0,-1.0)
23        (-2.0,-7.8,-10.0,-1.2)
24        (-2.0,-8.8,-9.8,-0.8)
25        (-3.0,-9.0,-9.8,-0.8)
25        (-2.0,-7.4,-9.8,-1.0)
27        (-3.2,-9.0,-10.4,-1.0)
27        (-2.2,-7.8,-10.0,-1.0)
27        (-1.8,-7.8,-9.8,-1.0)
28        (-2.8,-8.8,-10.0,-0.8)
28        (-2.0,-7.6,-10.0,-1.0)
29        (-2.8,-9.0,-10.8,-0.8)
29        (-2.0,-8.8,-9.8,-1.2)
29        (-2.0,-8.4,-10.0,-1.0)
30        (-3.0,-9.0,-10.6,-1.2)
30        (-3.2,-8.8,-10.0,-1.0)
30        (-3.0,-8.6,-10.0,-1.0)
30        (-1.8,-9.0,-10.2,-1.0)
31        (-2.0,-8.0,-9.6,-1.0)
31        (-2.0,-7.8,-9.8,-1.2)
31        (-2.0,-7.4,-10.0,-0.8)
32        (-3.2,-9.0,-10.6,-0.8)
32        (-2.8,-9.0,-10.4,-1.0)
32        (-2.0,-7.8,-9.8,-0.8)
33        (-3.2,-9.0,-11.0,-0.8)
33        (-3.2,-8.8,-11.0,-0.8)
33        (-3.2,-8.8,-11.0,-1.2)
35        (-1.8,-8.0,-9.8,-1.2)
36        (-2.8,-8.8,-11.0,-1.2)
36        (-2.0,-9.2,-10.0,-0.8)
37        (-2.2,-9.2,-10.0,-1.0)
37        (-1.8,-7.8,-10.0,-1.0)
38        (4.8,-9.0,-11.0,-0.8)
38        (-2.0,-8.0,-9.4,-0.8)
39        (-3.2,-9.0,-10.6,-1.0)
39        (-2.6,-9.0,-10.0,-1.0)
39        (-2.4,-9.0,-10.0,-1.0)
40        (-2.8,-8.8,-11.0,-0.8)
40        (-3.0,-8.8,-10.2,-1.0)
40        (-2.2,-9.0,-9.8,-0.8)
40        (-2.0,-8.2,-10.0,-0.8)
41        (-3.0,-8.8,-10.8,-0.8)
42        (-1.8,-9.0,-10.0,-1.2)
42        (-2.0,-8.0,-10.0,-1.2)
43        (-1.8,-9.0,-10.0,-1.0)
44        (-2.2,-7.2,-9.8,-1.0)
45        (-3.0,-9.2,-11.0,-0.8)
45        (-2.0,-8.8,-10.0,-1.2)
46        (-2.8,-8.8,-10.8,-1.0)
47        (-2.8,-9.0,-10.6,-1.0)
47        (-2.2,-8.8,-10.0,-1.0)
47        (-2.2,-8.0,-10.0,-1.0)
49        (-2.8,-9.2,-10.0,-1.0)
49        (-1.8,-8.8,-10.0,-1.0)
49        (-1.8,-8.0,-9.8,-1.0)
49        (-1.8,-8.0,-10.0,-0.8)
52        (-2.0,-8.8,-10.0,-0.8)
52        (-2.0,-9.0,-10.0,-0.6)
53        (-2.8,-9.2,-10.8,-1.0)
54        (-2.2,-7.2,-10.0,-1.0)
55        (-2.2,-9.0,-10.0,-0.8)
56        (-3.2,-9.0,-10.8,-0.8)
56        (-2.0,-7.4,-10.0,-1.0)
57        (-3.2,-9.0,-10.0,-0.8)
57        (-2.0,-8.0,-9.8,-0.8)
58        (-3.0,-9.0,-11.2,-1.0)
58        (-2.2,-8.0,-9.8,-1.0)
59        (-2.8,-8.8,-10.0,-1.0)
61        (-3.0,-9.0,-10.8,-0.8)
62        (-2.8,-9.0,-10.8,-1.2)
62        (-3.0,-8.8,-9.8,-1.0)
62        (-2.0,-8.8,-9.8,-1.0)
63        (-3.2,-9.0,-10.8,-1.0)
63        (-3.0,-9.0,-10.6,-1.0)
65        (-3.0,-9.0,-11.0,-0.8)
65        (-3.0,-9.0,-10.8,-1.2)
65        (-3.0,-9.0,-11.2,-1.2)
65        (-2.2,-9.0,-10.2,-1.0)
65        (-1.8,-8.0,-10.0,-1.0)
65        (-2.0,-7.8,-10.0,-0.8)
66        (-2.8,-9.0,-11.0,-1.2)
67        (-3.0,-9.2,-10.0,-1.2)
67        (-2.2,-9.0,-10.0,-1.0)
67        (-2.0,-9.0,-9.8,-0.8)
68        (-2.0,-7.8,-9.8,-1.0)
70        (-3.0,-8.8,-11.0,-1.2)
70        (-2.8,-9.0,-9.8,-1.0)
72        (-3.2,-9.0,-11.0,-1.0)
73        (-3.0,-8.8,-11.0,-0.8)
73        (-2.0,-8.2,-10.0,-1.0)
74        (-3.2,-9.0,-11.0,-1.2)
77        (-2.8,-8.8,-11.0,-1.0)
77        (-3.2,-9.0,-9.8,-1.0)
78        (-2.0,-9.2,-10.0,-1.0)
82        (-2.0,-9.0,-10.0,-1.2)
83        (-2.0,-8.8,-10.2,-1.0)
85        (-2.8,-9.0,-11.0,-0.8)
86        (-3.2,-9.0,-10.0,-1.0)
87        (-2.8,-9.0,-10.0,-0.8)
87        (-2.0,-9.0,-10.2,-0.8)
89        (-2.0,-8.0,-10.0,-0.8)
90        (-3.0,-9.0,-10.0,-0.8)
91        (-3.0,-9.0,-10.4,-1.0)
91        (-2.8,-9.0,-10.0,-1.0)
93        (-3.0,-8.8,-10.8,-1.0)
94        (-2.8,-9.0,-11.0,-1.0)
99        (-3.0,-9.2,-10.0,-1.0)
100       (-3.0,-8.8,-10.0,-1.0)
101       (-2.0,-8.0,-9.8,-1.0)
103       (-3.0,-9.0,-11.0,-1.2)
103       (-3.0,-9.0,-9.8,-1.0)
105       (-2.0,-9.0,-9.8,-1.0)
108       (-3.0,-8.8,-11.0,-1.0)
108       (-2.0,-7.8,-10.0,-1.0)
113       (-3.0,-9.0,-10.0,-1.0)
123       (-3.0,-9.0,-10.8,-1.0)
123       (-3.0,-9.0,-10.2,-1.0)
123       (-2.0,-9.0,-10.2,-1.0)
125       (-2.8,-9.0,-10.8,-1.0)
126       (-2.0,-8.8,-10.0,-1.0)
126       (-2.0,-8.0,-10.0,-1.0)
129       (-2.0,-9.0,-10.0,-0.8)
142       (-2.0,-9.0,-10.0,-1.0)
150       (-3.0,-9.0,-11.0,-1.0)
