# run = 17
ltot         F            S   
0         -1.8308e+01    (-15.6,7.0,3.4,-1.2)
1         -1.7917e+01    (11.0,11.4,0.0,10.0)
2         -1.7793e+01    (11.0,11.2,4.0,9.8)
3         -1.7651e+01    (11.0,11.2,0.0,9.8)
4         -1.7384e+01    (11.0,11.0,4.0,9.8)
5         -1.6985e+01    (11.0,11.0,4.0,10.0)
6         -1.7145e+01    (11.0,11.0,4.0,10.0)
7         -1.7381e+01    (10.8,11.0,4.0,10.0)
8         -1.7391e+01    (10.8,11.0,4.0,10.0)
9         -1.7441e+01    (11.0,10.8,4.0,10.0)
10        -1.7461e+01    (11.0,11.2,4.0,10.0)
11        -1.7471e+01    (11.0,11.2,4.0,10.0)
12        -1.7454e+01    (11.0,11.0,3.8,10.0)
13        -1.7481e+01    (11.2,11.0,4.0,10.0)
14        -1.7631e+01    (11.0,11.2,4.0,10.0)
15        -1.7731e+01    (11.0,11.2,4.0,10.0)
16        -1.7791e+01    (10.8,11.0,3.8,10.0)
17        -1.7712e+01    (10.8,11.0,4.0,9.8)
18        -1.7850e+01    (11.0,11.0,4.2,9.8)
19        -1.7528e+01    (11.0,11.0,4.0,10.2)
20        -1.7491e+01    (11.2,11.0,4.0,10.0)
21        -1.7561e+01    (11.2,11.0,4.0,10.0)
22        -1.7641e+01    (11.2,11.0,4.0,10.0)
23        -1.7671e+01    (11.0,10.8,4.0,10.0)
24        -1.7701e+01    (11.0,10.8,4.0,10.0)
25        -1.7780e+01    (11.2,10.8,4.0,10.0)
26        -1.7813e+01    (11.2,11.0,4.0,9.8)
27        -1.7708e+01    (10.8,10.8,4.0,10.0)
28        -1.7708e+01    (10.8,10.8,4.0,10.0)
29        -1.7718e+01    (10.8,10.8,4.0,10.0)
30        -1.7728e+01    (10.8,10.8,4.0,10.0)
31        -1.7758e+01    (10.8,10.8,4.0,10.0)
32        -1.7391e+01    (10.8,11.0,4.0,10.0)
33        -1.7401e+01    (10.8,11.0,4.0,10.0)
34        -1.7421e+01    (10.8,11.0,4.0,10.0)
35        -1.7561e+01    (10.8,11.0,4.0,10.0)
36        -1.7722e+01    (10.8,11.0,4.0,9.8)
37        -1.7852e+01    (10.8,11.0,4.0,9.8)
38        -1.7904e+01    (11.0,11.0,4.0,9.8)
39        -1.7914e+01    (11.0,11.0,4.0,9.8)
40        -1.7765e+01    (11.0,11.0,3.8,9.8)
41        -1.7780e+01    (10.8,11.2,4.0,10.0)
42        -1.7780e+01    (10.8,11.2,4.0,10.0)
43        -1.7790e+01    (10.8,11.2,4.0,10.0)
44        -1.7722e+01    (11.0,10.8,4.0,9.8)
45        -1.7870e+01    (10.8,11.2,4.0,10.0)
46        -1.8134e+01    (11.0,11.0,3.8,9.8)
47        -1.8098e+01    (10.8,11.2,4.2,10.0)
48        -1.7904e+01    (10.6,11.0,4.0,10.0)
49        -1.7722e+01    (11.0,10.8,4.0,9.8)
50        -1.8024e+01    (11.0,10.8,3.8,9.8)
51        -1.7917e+01    (11.0,11.2,4.2,10.0)
52        -1.8127e+01    (11.0,11.2,4.2,10.0)
53        -1.8149e+01    (11.0,11.0,4.2,10.0)
54        -1.7767e+01    (10.8,11.0,4.2,10.0)
55        -1.7787e+01    (10.8,11.0,4.2,10.0)
56        -1.7887e+01    (10.8,11.8,4.0,10.0)
57        -1.7947e+01    (10.8,11.8,4.0,10.0)
58        -1.7569e+01    (10.8,12.0,4.0,10.0)
59        -1.7160e+01    (11.0,12.0,4.0,10.0)
60        -1.7160e+01    (11.0,12.0,4.0,10.0)
61        -1.7180e+01    (11.0,12.0,4.0,10.0)
62        -1.7400e+01    (11.0,12.0,4.0,10.0)
63        -1.7610e+01    (11.0,12.0,4.0,10.0)
64        -1.7636e+01    (11.0,12.2,4.0,10.0)
65        -1.7580e+01    (11.0,12.0,3.8,10.0)
66        -1.7572e+01    (11.0,12.0,4.0,9.8)
67        -1.7592e+01    (11.0,12.0,4.0,9.8)
68        -1.7656e+01    (11.0,12.2,4.0,10.0)
69        -1.7666e+01    (11.0,12.2,4.0,10.0)
70        -1.7686e+01    (11.0,12.2,4.0,10.0)
71        -1.7696e+01    (11.0,12.2,4.0,10.0)
72        -1.7716e+01    (11.0,12.2,4.0,10.0)
73        -1.7826e+01    (11.0,12.2,4.0,10.0)
74        -1.7971e+01    (11.0,12.2,4.0,9.8)
75        -1.7980e+01    (11.0,12.2,4.0,9.8)
76        -1.7991e+01    (11.0,12.2,4.0,9.8)
77        -1.7602e+01    (11.0,12.0,4.0,9.8)
78        -1.7612e+01    (11.0,12.0,4.0,9.8)
79        -1.7722e+01    (11.0,12.0,4.0,9.8)
80        -1.7930e+01    (11.0,11.8,4.0,9.8)
81        -1.7950e+01    (11.0,11.8,4.0,9.8)
82        -1.7912e+01    (10.8,12.0,4.0,9.8)
83        -1.8060e+01    (11.0,11.8,4.0,9.8)
84        -1.8172e+01    (10.8,11.8,4.0,9.8)
85        -1.8172e+01    (10.8,11.8,4.0,9.8)
86        -1.7993e+01    (11.0,12.0,3.8,9.8)
87        -1.8014e+01    (11.0,12.0,3.8,9.8)
88        -1.8023e+01    (11.0,12.0,3.8,9.8)
89        -1.7950e+01    (10.8,12.0,3.8,10.0)
90        -1.7970e+01    (10.8,12.0,3.8,10.0)
91        -1.7922e+01    (10.8,12.0,4.0,9.8)
92        -1.7873e+01    (11.0,12.0,4.2,10.0)
93        -1.7883e+01    (11.0,12.0,4.2,10.0)
94        -1.7893e+01    (11.0,12.0,4.2,10.0)
95        -1.7903e+01    (11.0,12.0,4.2,10.0)
96        -1.7941e+01    (11.0,11.8,4.2,10.0)
97        -1.7941e+01    (11.0,11.8,4.2,10.0)
98        -1.7951e+01    (11.0,11.8,4.2,10.0)
99        -1.7961e+01    (11.0,11.8,4.2,10.0)
100       -1.8022e+01    (10.8,12.0,4.0,10.2)
101       -1.8035e+01    (11.2,12.0,4.0,10.2)
102       -1.8045e+01    (11.2,12.0,4.0,10.2)
103       -1.7971e+01    (11.0,11.8,4.2,10.0)
104       -1.7991e+01    (11.0,11.8,4.2,10.0)
105       -1.8105e+01    (11.2,12.0,4.0,10.2)
106       -1.8286e+01    (11.2,11.8,4.0,10.2)
107       -1.8222e+01    (11.2,11.8,4.0,10.0)
108       -1.8039e+01    (11.0,11.8,4.0,10.2)
109       -1.8059e+01    (11.0,11.8,4.0,10.2)
110       -1.8001e+01    (11.0,11.8,4.2,10.0)
111       -1.8031e+01    (11.0,11.8,4.2,10.0)
112       -1.8061e+01    (11.0,11.8,4.2,10.0)
113       -1.8072e+01    (10.8,12.0,4.0,10.2)
114       -1.8317e+01    (11.0,11.8,4.2,9.8)
115       -1.8433e+01    (11.0,11.8,4.4,10.0)
116       -1.8426e+01    (11.0,11.8,4.6,10.0)
117       -1.8496e+01    (11.0,11.6,4.2,10.0)
118       -1.8341e+01    (11.0,11.4,4.2,10.0)
119       -1.8256e+01    (11.2,11.8,3.8,10.0)
120       -1.8256e+01    (11.2,11.8,3.8,10.0)
121       -1.8266e+01    (11.2,11.8,3.8,10.0)
122       -1.8366e+01    (11.0,11.4,3.8,10.0)
123       -1.8424e+01    (11.0,11.4,4.0,10.0)
124       -1.8209e+01    (11.2,11.2,4.0,10.0)
125       -1.8229e+01    (11.2,11.2,4.0,10.0)
126       -1.8278e+01    (11.2,11.8,4.0,9.8)
127       -1.8233e+01    (11.4,12.0,4.0,10.0)
128       -1.8275e+01    (10.8,12.2,4.2,10.0)
129       -1.8245e+01    (11.6,12.0,4.0,10.0)
130       -1.8285e+01    (11.6,12.0,4.0,10.0)
131       -1.8335e+01    (11.6,12.0,4.0,10.0)
132       -1.7719e+01    (11.8,12.0,4.0,10.0)
133       -1.7879e+01    (11.8,12.0,4.0,10.0)
134       -1.7330e+01    (12.0,12.0,4.0,10.0)
135       -1.7550e+01    (12.0,12.0,4.0,10.0)
136       -1.7739e+01    (12.0,11.8,4.0,10.0)
137       -1.7735e+01    (12.0,12.0,4.0,9.8)
138       -1.7755e+01    (12.0,12.0,4.0,9.8)
139       -1.7828e+01    (12.0,12.0,4.0,10.2)
140       -1.7881e+01    (12.0,12.0,3.8,10.0)
141       -1.7921e+01    (12.0,12.0,3.8,10.0)
142       -1.8001e+01    (12.0,12.0,3.8,10.0)
143       -1.8089e+01    (12.0,11.8,4.0,10.0)
144       -1.8050e+01    (11.8,11.8,4.0,10.0)
145       -1.8060e+01    (11.8,11.8,4.0,10.0)
146       -1.8070e+01    (11.8,11.8,4.0,10.0)
147       -1.8171e+01    (12.0,12.0,3.8,10.2)
148       -1.7838e+01    (12.0,12.0,4.0,10.2)
149       -1.7783e+01    (12.2,12.0,4.0,10.0)
150       -1.7783e+01    (12.2,12.0,4.0,10.0)
151       -1.7793e+01    (12.2,12.0,4.0,10.0)
152       -1.7762e+01    (12.0,12.0,4.2,10.0)
153       -1.7952e+01    (12.0,12.0,4.2,10.0)
154       -1.8018e+01    (12.0,12.0,4.0,10.2)
155       -1.8103e+01    (11.8,12.0,4.2,10.0)
156       -1.8113e+01    (11.8,12.0,4.2,10.0)
157       -1.8109e+01    (12.0,11.8,4.0,10.2)
158       -1.8109e+01    (12.0,11.8,4.0,10.2)
159       -1.8119e+01    (12.0,11.8,4.0,10.2)
160       -1.7803e+01    (12.2,12.0,4.0,10.0)
161       -1.7833e+01    (12.2,12.0,4.0,10.0)
162       -1.7863e+01    (12.2,12.0,4.0,10.0)
163       -1.8130e+01    (12.2,12.0,4.0,9.8)
164       -1.8145e+01    (12.2,11.8,4.0,10.0)
165       -1.8165e+01    (12.2,11.8,4.0,10.0)
166       -1.8185e+01    (12.2,11.8,4.0,10.0)
167       -1.8113e+01    (12.0,12.2,4.0,10.0)
168       -1.8143e+01    (12.0,12.2,4.0,10.0)
169       -1.8130e+01    (12.0,12.2,4.0,9.8)
170       -1.8140e+01    (12.0,12.2,4.0,9.8)
171       -1.8300e+01    (12.0,12.2,4.0,9.8)
172       -1.8403e+01    (12.0,12.4,4.0,10.0)
173       -1.8216e+01    (12.0,12.2,3.8,10.0)
174       -1.8246e+01    (12.0,12.2,3.8,10.0)
175       -1.8417e+01    (12.0,12.0,3.8,9.8)
176       -1.8255e+01    (11.8,12.0,4.0,9.8)
177       -1.8265e+01    (11.8,12.0,4.0,9.8)
178       -1.8256e+01    (12.0,12.0,4.0,9.6)
179       -1.8404e+01    (11.8,12.2,4.0,9.8)
180       -1.8413e+01    (11.8,12.2,4.0,9.8)
181       -1.8125e+01    (11.8,12.2,4.0,10.0)
182       -1.8150e+01    (11.8,11.8,4.0,10.0)
183       -1.8220e+01    (11.8,11.8,4.0,10.0)
184       -1.8245e+01    (12.0,11.8,4.0,9.8)
185       -1.8119e+01    (12.0,11.8,4.0,10.0)
186       -1.8139e+01    (12.0,11.8,4.0,10.0)
187       -1.8143e+01    (11.8,12.0,4.2,10.0)
188       -1.8123e+01    (12.0,11.8,4.2,10.0)
189       -1.8245e+01    (12.0,11.6,4.0,10.0)
190       -1.8365e+01    (12.2,11.8,4.0,10.0)
191       -1.8382e+01    (12.0,11.8,4.2,9.8)
192       -1.8255e+01    (12.0,11.6,4.0,10.0)
193       -1.8213e+01    (12.0,11.4,4.0,10.0)
194       -1.8213e+01    (12.0,11.4,4.0,10.0)
195       -1.8423e+01    (12.0,11.4,4.0,10.0)
196       -1.7623e+01    (12.0,11.2,4.0,10.0)
197       -1.7933e+01    (12.0,11.2,4.0,10.0)
198       -1.7620e+01    (12.0,11.0,4.0,10.2)
199       -1.7603e+01    (12.0,11.0,4.2,10.0)
200       -1.7603e+01    (12.0,11.0,4.2,10.0)
