# run = 14
occ          S   
0         (12.6,5.0,-27.6,10.4)
0         (3.4,-28.2,29.2,4.2)
0         (23.6,16.8,-11.4,-32.0)
0         (-24.6,6.2,-9.2,17.2)
0         (-24.0,13.2,-21.8,-23.6)
0         (-15.8,-10.4,-24.8,9.8)
0         (-21.4,2.4,10.8,21.0)
0         (1.6,18.6,-17.8,-14.6)
0         (8.8,29.4,-23.6,-30.8)
0         (-11.4,17.4,29.2,9.8)
0         (3.0,29.2,-10.8,-32.4)
0         (-2.0,14.2,32.6,3.2)
0         (29.8,-28.8,25.0,21.0)
0         (30.4,20.4,-27.4,31.0)
0         (1.8,-31.8,-15.6,-25.4)
0         (-10.6,5.2,-28.2,-12.2)
0         (5.2,22.4,31.6,-30.6)
0         (-2.2,15.4,24.8,12.4)
0         (-30.8,2.6,20.6,20.2)
0         (-25.8,-15.6,-13.4,-19.0)
0         (-25.4,27.4,-11.8,20.8)
0         (-7.8,1.2,-4.4,-32.2)
0         (-26.0,13.0,30.4,12.0)
0         (2.0,-32.2,-15.6,-25.0)
0         (-6.8,-6.8,-10.2,-32.4)
0         (-5.6,-13.4,-26.4,-14.0)
0         (-28.0,-30.0,-3.2,-15.4)
0         (-7.4,-23.0,29.8,0.6)
0         (-29.6,4.6,-1.6,26.6)
0         (-3.0,-29.0,25.4,14.4)
0         (-9.0,-19.4,23.6,1.6)
0         (-1.2,20.2,-25.0,-25.6)
0         (-24.6,-5.6,-23.6,17.8)
0         (27.4,13.4,29.0,6.6)
0         (31.2,10.2,-7.2,20.2)
0         (-15.8,-10.6,-24.8,9.8)
0         (23.6,16.8,-11.6,-32.0)
0         (19.8,-16.0,0.8,7.6)
0         (-10.6,5.2,-28.2,-12.0)
0         (4.2,-9.0,15.8,0.4)
0         (5.6,-3.4,16.0,0.6)
0         (5.6,-3.4,15.8,0.6)
0         (4.2,-9.2,15.8,0.6)
0         (5.6,-3.4,15.8,0.8)
0         (5.6,-3.2,-7.0,0.6)
0         (5.6,-3.4,-7.0,0.8)
0         (5.8,-3.4,-7.2,0.6)
0         (5.6,-3.4,15.4,0.6)
0         (5.8,-3.2,-7.0,0.6)
0         (5.6,-3.4,0.2,5.8)
0         (5.6,-3.4,-0.2,5.8)
0         (8.2,2.6,0.0,5.6)
0         (5.8,-3.4,0.2,5.8)
0         (5.4,-3.4,0.0,5.8)
0         (5.8,-3.4,-0.2,5.8)
0         (5.4,-3.4,-7.0,6.0)
0         (5.8,-3.2,0.0,5.8)
0         (8.2,2.6,0.2,5.6)
0         (6.0,-3.4,0.2,5.8)
0         (6.0,-3.4,0.0,6.0)
0         (6.0,-3.2,0.0,5.8)
0         (5.8,2.4,0.2,5.8)
0         (5.8,2.4,0.0,5.6)
0         (6.0,2.6,-0.2,5.8)
0         (5.8,2.4,0.0,6.0)
0         (5.8,2.6,-0.2,6.0)
0         (6.0,2.8,-0.2,5.8)
0         (6.0,2.8,0.2,5.8)
0         (5.6,2.8,0.2,5.8)
0         (5.8,3.0,0.0,5.6)
0         (5.6,3.0,0.2,6.0)
0         (6.0,3.2,0.2,6.0)
0         (6.2,2.8,0.0,6.0)
0         (6.0,3.0,0.4,6.0)
0         (6.0,3.0,-0.2,6.2)
0         (6.0,2.8,0.0,6.2)
0         (6.0,3.2,0.0,5.8)
0         (6.0,3.2,-0.2,6.0)
0         (6.4,3.0,0.0,6.0)
0         (6.0,3.0,0.2,6.2)
1         (-6.8,-7.6,9.6,28.0)
1         (3.0,26.8,-2.2,-20.6)
1         (19.8,-15.8,0.8,7.6)
1         (-2.2,-6.2,-17.4,31.8)
1         (-32.4,8.8,-15.8,27.0)
1         (29.6,2.8,-13.8,8.2)
1         (-0.6,6.6,-31.2,-1.6)
1         (-12.0,31.0,-17.2,-21.0)
1         (26.2,19.0,9.8,23.0)
1         (-26.8,23.8,-25.8,11.2)
1         (5.6,-3.4,15.6,0.6)
1         (5.4,-3.4,-7.0,0.6)
1         (5.6,-3.4,-6.8,0.6)
1         (5.6,-3.4,-6.6,0.6)
1         (5.6,-3.4,0.0,6.0)
1         (5.6,-3.2,-7.0,5.8)
1         (5.6,-3.6,0.0,5.8)
1         (5.4,-3.4,0.0,6.0)
1         (6.0,-3.4,0.0,5.6)
1         (6.2,2.6,0.0,5.8)
1         (6.0,2.6,0.0,6.0)
1         (6.0,2.8,0.0,5.6)
1         (6.0,3.0,-0.4,6.0)
2         (11.4,-22.4,-4.4,-12.6)
2         (5.8,-3.4,-7.0,0.6)
2         (5.6,-3.4,0.0,5.8)
2         (5.6,2.6,0.0,6.0)
2         (5.8,3.2,0.0,5.8)
2         (6.0,2.8,0.2,6.0)
2         (6.0,3.0,0.0,5.6)
2         (6.0,3.0,-0.2,5.8)
3         (16.0,-22.2,3.0,18.2)
3         (5.4,-3.4,-7.0,5.8)
3         (5.8,2.6,0.0,5.6)
3         (5.8,2.8,0.0,5.6)
3         (5.8,3.0,-0.2,5.8)
3         (5.6,3.0,0.0,5.8)
3         (6.0,2.8,-0.2,6.0)
3         (6.0,3.0,0.2,5.8)
4         (5.6,-3.4,-7.2,0.6)
4         (6.0,2.6,0.2,5.8)
4         (5.8,2.8,0.2,5.8)
4         (5.8,3.0,0.2,5.8)
5         (5.8,2.6,0.2,5.8)
5         (5.8,2.8,-0.2,5.8)
5         (6.2,3.0,0.0,5.8)
6         (5.8,2.6,0.0,6.0)
6         (5.8,2.6,-0.2,5.8)
6         (5.6,2.8,0.0,5.8)
7         (5.6,-3.4,-7.0,-7.4)
7         (5.8,2.4,0.0,5.8)
7         (5.8,3.0,0.0,6.2)
8         (5.6,-3.4,-7.0,0.4)
8         (5.8,3.0,-0.2,6.0)
10        (4.2,-9.0,15.8,0.6)
10        (5.6,-9.0,15.8,0.6)
10        (6.0,-3.4,0.0,5.8)
11        (8.2,2.6,0.0,5.8)
11        (5.6,-3.4,-7.0,5.8)
12        (6.0,-3.6,0.0,5.8)
13        (5.8,3.2,0.0,6.0)
14        (5.6,3.0,0.0,6.0)
15        (5.8,2.8,0.0,6.0)
16        (5.8,-3.4,0.0,5.8)
17        (5.8,3.0,0.2,6.0)
19        (5.8,-3.6,0.0,5.8)
26        (6.0,2.8,0.0,5.8)
27        (5.6,2.6,0.0,5.8)
32        (6.0,2.6,0.0,5.8)
46        (5.6,-3.4,-7.0,0.6)
85        (5.8,2.6,0.0,5.8)
111       (5.8,3.0,0.0,5.8)
146       (5.8,2.8,0.0,5.8)
208       (6.0,3.0,0.0,6.2)
220       (6.2,3.0,0.0,6.0)
226       (6.0,3.2,0.0,6.0)
231       (6.0,3.0,0.2,6.0)
248       (6.0,3.0,-0.2,6.0)
263       (6.0,2.8,0.0,6.0)
276       (6.0,3.0,0.0,5.8)
603       (5.8,3.0,0.0,6.0)
6833      (6.0,3.0,0.0,6.0)
