# run = 18
occ          S   
0         (8.8,9.6,6.0,-24.4)
0         (3.2,-8.8,11.8,-5.4)
0         (11.2,-13.6,15.0,8.2)
0         (-20.4,-15.8,-13.8,14.4)
0         (-29.6,22.6,3.6,15.6)
0         (12.0,-12.4,13.4,-18.4)
0         (21.4,9.2,-23.6,-9.6)
0         (-6.6,10.0,-10.2,-11.8)
0         (-29.0,28.8,6.8,19.2)
0         (-0.6,13.8,-23.6,5.8)
0         (4.4,29.4,30.8,7.8)
0         (-7.8,8.4,28.8,-5.0)
0         (-9.0,-0.4,22.4,14.8)
0         (6.2,-13.6,18.8,25.4)
0         (-31.6,-31.4,13.4,-9.8)
0         (16.0,30.0,-17.8,-15.6)
0         (-30.4,-3.6,-25.8,21.0)
0         (-32.0,18.6,-19.6,26.8)
0         (-1.0,18.0,-22.2,-18.2)
0         (-18.6,21.8,8.4,-26.6)
0         (-1.4,26.8,-18.2,10.6)
0         (-21.0,28.8,-18.2,19.2)
0         (29.6,18.2,7.6,-18.8)
0         (12.2,-14.4,23.0,-19.6)
0         (25.6,-31.2,-4.8,16.8)
0         (-6.6,-2.4,-22.6,24.6)
0         (-17.0,-31.4,-9.2,-4.0)
0         (29.0,11.2,-7.2,31.6)
0         (23.2,31.0,4.6,-27.8)
0         (-1.0,30.2,26.0,10.2)
0         (28.4,-16.4,22.2,-31.0)
0         (-15.2,7.0,28.6,21.0)
0         (13.4,-17.4,-7.0,-11.8)
0         (27.4,6.6,-18.2,6.4)
0         (-14.8,-18.0,-2.6,-22.4)
0         (15.0,-28.2,27.2,-15.2)
0         (-1.0,18.0,-22.2,-18.4)
0         (-9.0,-0.4,22.4,14.6)
0         (-15.2,7.0,28.6,21.2)
0         (-10.0,-2.6,6.6,-14.2)
0         (28.8,11.2,-7.2,31.6)
0         (29.0,11.2,-7.4,31.6)
0         (0.8,-23.0,8.0,-2.8)
0         (0.8,-23.0,7.8,5.2)
0         (1.0,8.6,-5.6,5.4)
0         (-3.6,8.8,-5.6,5.4)
0         (0.6,8.6,-5.6,5.2)
0         (0.6,8.4,-5.6,5.6)
0         (0.6,8.6,-5.6,5.6)
0         (-4.0,8.6,-5.4,5.4)
0         (-4.0,8.4,-5.6,5.4)
0         (-3.8,8.6,-5.4,5.2)
0         (-3.6,8.2,-5.6,5.4)
0         (0.6,8.4,-5.8,5.4)
0         (-3.6,8.4,-5.2,5.4)
0         (-4.0,8.4,-5.8,5.2)
0         (-3.6,8.2,-5.2,5.4)
0         (0.6,8.4,-5.2,5.0)
0         (-4.0,8.2,-5.2,5.4)
0         (0.4,8.2,-5.4,5.4)
0         (0.6,8.0,-4.8,5.6)
0         (0.6,8.2,-5.0,5.2)
0         (0.6,8.0,-5.4,5.2)
0         (0.6,8.0,-5.2,5.6)
0         (0.4,8.0,-5.2,5.2)
0         (0.6,8.0,-4.8,5.2)
0         (0.6,7.6,-5.0,5.2)
0         (0.4,8.0,-5.0,5.6)
0         (0.8,8.0,-5.2,5.4)
0         (0.4,7.8,-5.0,5.2)
0         (0.6,7.8,-4.8,5.2)
0         (1.0,8.4,-5.0,5.0)
0         (1.4,8.0,-5.0,4.8)
0         (1.0,7.8,-5.0,4.6)
0         (1.0,7.8,-5.2,4.8)
0         (1.0,7.8,-4.8,4.6)
0         (1.2,7.8,-5.0,4.6)
0         (1.4,7.8,-5.0,5.0)
0         (1.4,8.0,-5.0,5.2)
0         (1.0,8.0,-5.0,5.4)
0         (1.2,8.0,-4.6,5.0)
0         (1.0,8.4,-4.8,5.0)
0         (0.8,8.2,-4.8,4.8)
0         (0.6,8.0,-4.8,4.8)
0         (1.0,8.0,-4.8,4.6)
0         (0.8,7.8,-4.6,4.8)
0         (1.0,8.2,-4.8,4.8)
0         (1.0,8.4,-4.8,4.8)
0         (0.6,8.2,-5.0,4.8)
0         (0.8,8.2,-5.4,5.0)
0         (0.6,7.8,-5.2,5.0)
0         (0.6,8.2,-5.0,5.0)
0         (1.2,7.4,-5.2,5.0)
0         (1.0,7.4,-4.8,5.2)
0         (1.0,6.6,-4.8,4.8)
0         (1.2,6.8,-5.0,4.6)
0         (1.4,7.0,-4.8,5.0)
0         (1.2,7.0,-4.8,5.4)
0         (1.0,7.0,-4.6,4.8)
0         (1.2,7.0,-4.6,5.0)
0         (1.0,7.0,-5.4,5.2)
0         (1.2,6.8,-5.4,5.0)
0         (1.4,7.2,-5.2,5.0)
0         (1.0,6.6,-5.4,4.8)
0         (1.2,6.6,-5.0,5.2)
0         (1.2,6.8,-4.8,5.4)
0         (0.8,7.0,-5.0,5.4)
0         (1.2,6.8,-4.8,4.6)
0         (0.6,7.0,-5.0,4.8)
0         (0.8,7.0,-5.4,4.8)
0         (0.8,7.2,-5.2,4.8)
0         (1.0,7.4,-5.0,4.6)
0         (1.0,7.2,-4.8,4.6)
0         (1.0,7.0,-5.4,4.8)
0         (1.0,7.2,-5.2,4.6)
0         (1.2,7.0,-5.4,4.8)
0         (1.0,7.4,-5.2,4.8)
0         (1.2,6.8,-5.2,4.6)
0         (0.8,7.0,-4.8,4.4)
0         (1.4,7.2,-5.0,4.8)
0         (1.2,7.2,-5.0,5.2)
0         (1.2,7.4,-5.0,4.8)
0         (1.0,7.0,-5.4,4.6)
0         (0.8,7.2,-4.8,4.8)
0         (0.6,7.0,-4.8,5.0)
0         (0.6,7.0,-4.6,5.0)
0         (0.8,6.8,-4.8,4.6)
0         (0.6,6.8,-5.0,4.8)
0         (0.6,6.8,-4.8,4.8)
0         (0.8,7.2,-4.8,5.2)
0         (0.8,7.2,-4.6,5.0)
0         (1.0,7.2,-4.8,5.2)
0         (1.0,7.2,-4.6,5.0)
0         (1.0,6.8,-4.6,4.8)
0         (0.8,6.4,-4.8,5.2)
0         (1.0,6.4,-4.8,5.2)
0         (0.8,6.2,-4.6,4.8)
0         (1.2,6.4,-4.8,5.2)
0         (0.8,6.0,-4.8,5.0)
0         (1.0,6.2,-4.8,5.2)
0         (0.6,6.2,-4.8,4.8)
0         (0.6,6.2,-5.0,4.8)
0         (1.0,5.6,-5.0,4.8)
0         (1.0,5.6,-5.0,5.2)
0         (1.0,5.6,-5.2,5.2)
0         (1.2,5.6,-5.0,5.0)
0         (1.0,5.8,-5.0,4.6)
0         (1.0,5.8,-4.6,5.0)
0         (1.0,5.6,-4.8,5.0)
0         (1.0,5.6,-4.8,4.8)
0         (1.2,5.8,-4.8,5.2)
0         (1.2,6.0,-4.6,4.8)
0         (1.4,6.0,-4.8,4.8)
0         (0.8,6.0,-4.8,4.8)
0         (1.2,6.0,-5.0,4.6)
0         (1.4,6.0,-5.0,5.2)
0         (1.4,6.0,-5.0,4.8)
0         (1.2,6.0,-5.2,4.6)
0         (1.0,5.8,-5.0,4.4)
0         (1.0,6.0,-5.4,4.8)
0         (0.8,6.0,-5.2,4.8)
0         (1.2,6.0,-5.0,4.4)
0         (1.0,5.8,-4.8,4.4)
0         (1.2,6.0,-4.8,4.4)
0         (1.0,6.0,-5.2,5.2)
0         (1.0,6.2,-5.0,4.2)
0         (1.0,6.0,-4.6,5.2)
0         (1.0,6.2,-5.2,4.2)
0         (1.2,6.0,-4.8,4.2)
0         (0.8,6.0,-4.8,3.8)
0         (0.8,6.2,-4.8,4.0)
0         (1.0,6.2,-4.6,4.0)
0         (1.2,6.0,-4.6,4.0)
0         (0.8,6.0,-4.8,4.2)
0         (1.0,6.0,-4.6,4.2)
0         (1.0,5.8,-5.4,3.8)
0         (1.0,5.6,-4.8,4.0)
0         (1.0,6.2,-4.6,3.8)
0         (1.0,5.8,-5.2,3.6)
0         (1.0,5.6,-5.0,4.0)
0         (0.8,5.6,-5.0,4.0)
0         (1.2,5.8,-5.2,4.0)
0         (1.4,5.8,-5.0,3.8)
0         (1.4,6.0,-5.2,3.8)
0         (0.8,6.0,-5.0,3.8)
0         (1.2,6.4,-5.0,3.8)
0         (0.8,6.2,-5.0,3.8)
0         (1.0,6.4,-5.0,3.8)
0         (1.2,6.2,-5.0,3.6)
0         (1.0,5.8,-4.6,3.6)
0         (1.2,5.8,-4.8,3.6)
0         (1.0,5.6,-4.8,3.6)
0         (1.0,6.2,-5.4,3.8)
0         (0.8,6.0,-5.0,3.6)
0         (0.8,5.8,-5.0,3.4)
0         (1.0,6.0,-5.0,3.2)
1         (12.4,13.0,-22.4,14.4)
1         (-16.6,-31.0,15.8,-0.4)
1         (0.0,8.2,19.6,26.8)
1         (-19.0,-14.6,-20.0,-8.0)
1         (3.6,32.2,10.0,-18.6)
1         (3.8,-9.0,-18.2,-23.0)
1         (-8.2,10.0,16.2,-11.8)
1         (18.0,21.0,10.4,-18.0)
1         (0.8,8.4,-5.6,5.4)
1         (-3.8,8.6,-5.6,5.6)
1         (-3.8,8.8,-5.6,5.4)
1         (-3.8,8.6,-5.8,5.4)
1         (-3.6,8.6,-5.4,5.4)
1         (-3.6,8.4,-5.4,5.4)
1         (-4.2,8.4,-5.4,5.4)
1         (-3.6,8.4,-5.6,5.4)
1         (-3.8,8.2,-5.2,5.6)
1         (0.6,8.4,-5.2,5.6)
1         (0.6,8.2,-5.2,5.6)
1         (0.2,8.4,-5.2,5.4)
1         (0.4,8.2,-5.2,5.2)
1         (0.2,8.2,-5.2,5.4)
1         (-3.8,8.4,-5.2,5.2)
1         (0.4,8.2,-5.0,5.4)
1         (1.0,8.0,-4.6,5.0)
1         (0.8,8.0,-5.2,4.8)
1         (0.8,8.0,-5.0,4.6)
1         (1.2,7.8,-4.8,4.8)
1         (1.2,7.8,-5.2,5.0)
1         (1.4,8.0,-5.0,5.0)
1         (1.4,8.0,-5.2,5.0)
1         (1.2,8.0,-5.4,5.0)
1         (1.0,8.0,-4.6,5.2)
1         (0.8,8.2,-4.8,5.0)
1         (0.8,8.0,-4.6,4.8)
1         (1.2,7.8,-4.8,5.2)
1         (1.0,7.6,-4.8,5.0)
1         (0.8,7.4,-5.2,5.0)
1         (0.6,8.0,-5.0,4.8)
1         (0.6,7.4,-5.0,5.0)
1         (0.8,7.4,-5.0,4.8)
1         (1.0,7.4,-5.0,5.2)
1         (1.0,6.6,-5.0,4.8)
1         (1.2,6.8,-4.8,4.8)
1         (1.0,6.8,-4.8,5.2)
1         (1.0,7.0,-5.0,5.4)
1         (1.2,6.6,-5.2,5.0)
1         (1.2,7.0,-5.2,4.6)
1         (1.4,6.8,-5.2,5.0)
1         (1.0,6.6,-5.2,4.6)
1         (1.4,6.8,-4.8,5.0)
1         (0.6,6.8,-5.0,5.2)
1         (0.8,6.6,-5.0,5.2)
1         (0.8,6.8,-5.0,5.4)
1         (0.8,7.2,-5.2,5.0)
1         (0.8,7.0,-4.6,5.2)
1         (1.0,6.8,-4.8,4.6)
1         (1.0,7.2,-4.8,4.8)
1         (0.6,7.0,-4.8,4.4)
1         (1.0,6.8,-5.2,4.6)
1         (0.6,6.8,-4.8,5.0)
1         (1.2,6.4,-4.8,5.0)
1         (1.0,6.4,-4.8,4.8)
1         (1.0,6.2,-4.6,5.0)
1         (0.6,6.2,-4.8,5.0)
1         (1.0,6.2,-4.6,4.8)
1         (1.0,6.4,-5.0,5.2)
1         (1.0,6.2,-5.0,5.2)
1         (0.8,6.4,-5.0,4.8)
1         (0.8,5.8,-5.2,5.0)
1         (0.8,5.8,-5.0,4.8)
1         (0.8,5.8,-4.8,4.8)
1         (1.0,5.8,-4.6,4.8)
1         (1.4,6.0,-5.0,5.0)
1         (0.8,6.0,-4.6,5.0)
1         (1.0,5.8,-4.6,4.0)
1         (0.8,5.8,-5.0,4.2)
1         (1.4,6.0,-4.8,4.0)
1         (1.0,5.6,-5.0,4.2)
1         (1.4,5.8,-5.0,4.0)
1         (1.0,5.8,-4.8,4.2)
1         (1.2,5.8,-5.0,4.2)
1         (1.2,5.6,-5.0,3.8)
1         (1.2,6.0,-5.2,3.8)
1         (1.0,6.2,-5.2,3.6)
1         (1.0,5.8,-5.0,3.2)
1         (1.2,6.0,-5.0,3.4)
1         (0.8,6.0,-5.0,3.4)
2         (-10.0,-2.6,6.8,-14.2)
2         (0.8,-23.0,7.8,-2.8)
2         (9.8,0.2,-17.6,13.6)
2         (-6.2,-5.6,-1.6,-28.0)
2         (-26.4,24.0,1.0,-1.8)
2         (0.8,-22.8,7.8,5.4)
2         (-3.8,8.4,-5.6,5.2)
2         (-3.8,8.2,-5.4,5.4)
2         (-3.8,8.4,-5.4,5.6)
2         (-4.0,8.4,-5.6,5.2)
2         (-3.8,8.4,-5.0,5.4)
2         (0.4,8.4,-5.2,5.6)
2         (0.6,7.8,-5.0,5.2)
2         (0.8,8.2,-5.2,5.2)
2         (0.8,7.6,-5.0,5.2)
2         (0.8,8.4,-5.0,5.2)
2         (1.0,7.6,-5.2,5.0)
2         (1.2,7.8,-5.0,4.8)
2         (1.0,7.8,-4.6,4.8)
2         (1.2,8.0,-5.2,5.2)
2         (1.4,8.0,-4.8,5.0)
2         (0.8,8.0,-4.8,4.6)
2         (1.0,8.0,-4.8,5.4)
2         (0.8,8.4,-5.0,5.0)
2         (0.8,8.0,-5.4,5.0)
2         (0.8,7.6,-5.2,5.0)
2         (0.8,7.4,-4.8,5.0)
2         (1.2,7.0,-5.0,4.6)
2         (1.0,6.6,-4.8,5.2)
2         (0.8,7.0,-5.2,5.2)
2         (1.0,7.2,-5.2,5.2)
2         (0.8,6.6,-5.2,5.0)
2         (1.0,6.8,-5.4,4.8)
2         (1.2,6.8,-5.2,4.8)
2         (1.2,6.8,-5.0,5.4)
2         (1.2,6.6,-5.0,5.0)
2         (0.6,7.0,-5.0,5.0)
2         (0.8,7.0,-4.8,4.6)
2         (0.8,6.8,-4.6,5.0)
2         (0.8,6.6,-5.0,4.8)
2         (1.0,6.0,-4.8,5.2)
2         (1.2,6.0,-4.8,5.2)
2         (1.2,5.8,-5.0,4.8)
2         (1.4,5.8,-5.0,5.0)
2         (1.2,5.8,-4.8,4.8)
2         (1.2,6.0,-4.8,4.6)
2         (1.2,6.0,-5.2,5.0)
2         (1.0,6.0,-5.2,4.6)
2         (1.0,5.8,-5.2,4.2)
2         (1.2,6.0,-5.0,4.2)
2         (0.8,6.0,-5.0,4.2)
2         (0.8,5.8,-4.8,3.8)
2         (1.2,5.8,-4.8,4.0)
2         (1.4,6.0,-5.0,3.8)
2         (1.2,6.2,-5.0,4.0)
2         (1.0,5.8,-4.8,3.4)
3         (-4.0,8.6,-5.6,5.4)
3         (-3.8,8.2,-5.6,5.4)
3         (-4.0,8.4,-5.4,5.4)
3         (-3.8,8.2,-5.2,5.2)
3         (0.6,7.8,-5.2,5.4)
3         (0.8,7.8,-5.2,5.2)
3         (0.8,8.2,-5.0,5.4)
3         (1.2,8.2,-5.0,4.8)
3         (1.2,7.8,-4.8,5.0)
3         (1.2,7.6,-5.0,5.0)
3         (1.2,8.2,-4.8,5.0)
3         (1.0,8.0,-4.6,4.8)
3         (1.0,7.6,-5.0,5.2)
3         (0.8,8.2,-5.0,4.8)
3         (0.6,8.0,-5.2,5.0)
3         (1.0,7.2,-5.2,5.0)
3         (1.0,6.8,-5.4,5.0)
3         (0.8,6.8,-5.2,5.0)
3         (1.2,7.2,-5.2,5.0)
3         (0.6,6.8,-5.0,5.0)
3         (1.2,7.2,-5.0,4.6)
3         (1.4,7.2,-5.0,5.0)
3         (1.0,6.4,-5.0,5.0)
3         (1.0,5.6,-5.0,5.0)
3         (1.2,6.2,-4.8,5.0)
3         (0.8,6.0,-5.0,4.8)
3         (0.8,6.0,-5.2,4.2)
3         (1.0,6.2,-4.8,4.0)
3         (1.4,6.0,-5.0,4.0)
3         (1.4,6.2,-5.0,3.8)
4         (0.6,8.0,-5.2,5.2)
4         (0.6,8.0,-5.0,5.6)
4         (0.4,8.0,-5.0,5.2)
4         (0.6,7.8,-5.2,5.2)
4         (1.0,8.2,-5.0,5.2)
4         (1.2,8.0,-4.8,5.2)
4         (1.0,8.2,-4.8,5.2)
4         (0.8,7.4,-5.0,5.2)
4         (1.0,7.2,-5.0,5.2)
4         (1.4,7.0,-5.0,5.0)
4         (1.4,7.0,-5.0,5.2)
4         (1.4,7.0,-5.2,5.0)
4         (1.2,6.8,-5.2,5.2)
4         (1.2,7.2,-4.8,4.8)
4         (1.2,7.2,-5.2,4.8)
4         (0.8,7.0,-4.6,5.0)
4         (0.8,7.2,-5.0,5.2)
4         (0.6,7.2,-4.8,5.0)
4         (0.8,5.8,-5.0,5.0)
4         (1.0,5.8,-4.8,5.2)
4         (1.2,6.0,-5.0,5.2)
4         (0.8,6.0,-5.0,4.0)
4         (1.0,6.2,-5.0,4.0)
4         (0.8,5.8,-4.8,4.0)
4         (1.2,6.0,-5.2,4.0)
4         (0.8,5.8,-5.2,4.0)
4         (1.0,6.0,-4.8,3.6)
5         (0.8,-23.0,7.8,5.4)
5         (0.6,8.6,-5.2,5.4)
5         (-3.8,8.4,-5.8,5.4)
5         (0.4,8.0,-5.0,5.4)
5         (0.6,7.8,-5.0,5.0)
5         (1.2,8.0,-5.0,5.2)
5         (1.0,8.2,-5.0,5.0)
5         (1.2,8.0,-4.8,4.8)
5         (1.0,7.8,-5.2,5.0)
5         (1.0,7.6,-5.0,4.8)
5         (0.8,8.0,-4.6,5.0)
5         (1.0,6.8,-5.0,4.6)
5         (1.4,6.8,-5.0,5.2)
5         (1.2,6.8,-4.6,5.0)
5         (1.0,5.8,-5.2,5.0)
5         (1.0,5.8,-5.2,4.8)
5         (1.0,6.0,-4.8,4.6)
5         (1.0,6.0,-5.2,3.8)
5         (1.0,6.2,-4.8,3.8)
5         (1.0,6.0,-5.2,3.6)
6         (0.8,8.6,-5.4,5.4)
6         (-3.8,8.6,-5.2,5.4)
6         (0.8,8.2,-4.8,5.2)
6         (0.8,7.8,-4.8,4.8)
6         (0.8,8.2,-5.2,5.0)
6         (1.0,7.4,-5.2,5.0)
6         (1.2,7.0,-4.8,5.2)
6         (0.8,6.8,-4.8,5.2)
6         (0.8,7.2,-5.0,4.8)
6         (1.0,6.2,-5.2,3.8)
7         (0.8,-23.0,-5.6,5.4)
7         (0.8,8.0,-5.0,5.4)
7         (1.0,8.0,-5.2,5.2)
7         (1.0,7.0,-4.6,5.0)
7         (1.0,6.6,-4.6,5.0)
7         (0.8,7.0,-5.2,5.0)
7         (0.8,6.8,-5.2,4.8)
7         (0.8,7.0,-5.0,4.6)
7         (0.8,6.4,-4.8,4.8)
7         (1.0,6.0,-5.0,4.6)
7         (1.0,6.2,-5.0,4.4)
7         (0.8,6.0,-4.8,4.0)
7         (1.2,5.8,-5.0,3.8)
7         (1.2,6.0,-5.0,3.6)
8         (0.6,8.2,-5.0,5.4)
8         (0.6,8.0,-5.2,5.4)
8         (1.2,7.8,-5.0,5.2)
8         (1.0,6.6,-4.8,5.0)
8         (1.4,6.8,-5.0,5.0)
8         (1.0,6.6,-5.2,4.8)
8         (1.0,6.0,-5.2,4.4)
8         (1.2,6.0,-4.8,3.8)
9         (0.6,8.2,-5.2,5.2)
9         (1.2,8.0,-5.2,4.8)
9         (0.8,7.8,-5.0,4.8)
9         (1.2,6.8,-4.8,5.2)
9         (1.0,7.2,-5.2,4.8)
9         (0.6,7.2,-5.0,5.0)
9         (0.8,6.2,-5.0,4.8)
9         (0.8,5.8,-4.8,5.0)
9         (1.0,6.0,-5.0,3.4)
10        (0.6,8.4,-5.6,5.4)
10        (1.2,8.2,-5.0,5.0)
10        (1.2,6.8,-5.0,4.8)
10        (1.0,6.0,-5.0,5.2)
11        (1.0,7.4,-5.0,4.8)
11        (0.8,7.0,-4.8,5.2)
11        (1.2,6.0,-5.2,4.8)
12        (1.0,7.8,-5.0,5.2)
12        (0.8,6.0,-5.0,5.0)
12        (1.2,5.8,-4.8,5.0)
12        (1.0,6.0,-4.6,4.8)
13        (0.8,7.8,-5.0,5.2)
13        (1.0,8.0,-5.2,4.8)
13        (1.0,8.2,-4.8,5.0)
13        (1.2,7.0,-4.8,5.0)
13        (1.0,7.0,-5.2,4.6)
13        (1.0,7.0,-4.8,4.4)
13        (1.0,5.8,-5.0,5.2)
14        (0.8,7.8,-4.8,5.2)
14        (1.0,7.4,-4.8,5.0)
14        (1.0,6.8,-5.2,5.2)
14        (0.8,6.2,-5.0,5.0)
14        (1.0,6.2,-5.0,3.6)
15        (0.8,8.6,-5.6,5.4)
15        (0.8,6.8,-4.8,4.8)
15        (1.2,7.2,-4.8,5.0)
15        (1.2,6.2,-5.0,5.0)
15        (1.0,5.8,-5.2,3.8)
16        (0.8,7.8,-4.8,5.0)
16        (1.2,7.0,-5.2,5.2)
16        (1.0,6.0,-4.8,4.2)
16        (1.2,6.2,-5.0,3.8)
17        (-3.8,8.4,-5.6,5.4)
17        (0.4,8.4,-5.2,5.4)
17        (1.2,7.4,-5.0,5.0)
17        (1.0,6.6,-5.0,5.0)
17        (0.8,7.0,-5.2,4.8)
17        (1.0,5.8,-4.8,3.8)
18        (0.6,8.4,-5.2,5.2)
18        (1.0,7.0,-4.8,5.2)
18        (1.0,5.8,-5.0,4.2)
18        (1.0,5.8,-4.8,3.6)
19        (1.2,7.0,-4.8,4.8)
19        (1.0,6.2,-5.0,4.8)
19        (1.0,6.0,-4.6,4.0)
20        (0.6,8.6,-5.6,5.4)
20        (-3.8,8.2,-5.2,5.4)
20        (0.8,7.8,-5.2,5.0)
20        (0.8,6.2,-4.8,4.8)
20        (1.0,5.8,-5.2,4.0)
21        (1.0,6.0,-4.8,4.4)
22        (0.8,7.0,-5.0,5.2)
22        (1.0,7.2,-5.0,4.6)
22        (1.0,6.0,-4.6,5.0)
22        (1.0,5.8,-5.0,3.4)
23        (0.8,8.0,-5.2,5.2)
23        (0.8,8.0,-4.8,4.8)
23        (0.6,8.0,-5.0,5.0)
24        (0.8,6.6,-5.0,5.0)
25        (1.0,5.8,-4.8,4.0)
26        (0.8,8.0,-4.8,5.2)
26        (1.0,7.0,-4.8,4.6)
26        (0.8,6.4,-4.8,5.0)
27        (1.2,7.0,-5.2,4.8)
27        (1.0,5.8,-5.0,3.8)
27        (1.0,6.0,-5.0,3.6)
28        (1.0,6.4,-4.8,5.0)
29        (0.6,8.6,-5.4,5.4)
29        (0.8,8.0,-5.2,5.0)
30        (0.8,6.2,-4.8,5.0)
31        (1.0,6.0,-5.2,4.2)
32        (-3.8,8.4,-5.2,5.4)
32        (0.6,8.2,-5.2,5.4)
32        (1.0,6.6,-5.2,5.0)
32        (1.2,5.8,-5.0,5.0)
33        (1.0,6.2,-4.8,4.8)
33        (1.0,6.0,-5.2,5.0)
33        (1.0,6.0,-5.0,4.4)
35        (0.8,8.2,-5.0,5.2)
35        (1.2,8.0,-4.8,5.0)
35        (0.8,6.6,-4.8,5.0)
37        (0.6,8.0,-5.0,5.2)
37        (1.2,6.8,-5.2,5.0)
37        (1.0,6.0,-4.8,3.8)
38        (-3.8,8.4,-5.4,5.4)
39        (1.2,5.8,-5.0,4.0)
40        (1.2,8.0,-5.2,5.0)
40        (0.8,6.8,-5.0,5.2)
40        (1.2,6.0,-4.8,4.0)
41        (0.8,7.6,-5.0,5.0)
41        (1.2,7.2,-5.0,4.8)
41        (1.0,5.8,-5.0,3.6)
42        (1.0,7.8,-4.8,4.8)
42        (1.2,6.8,-4.8,5.0)
42        (1.0,6.8,-4.6,5.0)
43        (-3.8,8.6,-5.4,5.4)
43        (1.0,6.2,-4.8,5.0)
43        (1.2,6.0,-4.8,4.8)
43        (1.0,6.0,-5.0,4.2)
43        (1.0,6.2,-5.0,3.8)
44        (1.2,6.8,-5.0,5.2)
44        (0.8,5.8,-5.0,4.0)
45        (0.8,7.4,-5.0,5.0)
46        (0.4,8.2,-5.2,5.4)
46        (1.0,6.0,-5.2,4.8)
47        (1.0,7.0,-5.2,5.2)
47        (1.0,5.8,-4.8,4.8)
48        (1.0,6.8,-4.8,4.8)
48        (1.0,6.8,-5.0,5.2)
48        (1.0,6.8,-5.2,4.8)
49        (0.8,8.0,-5.0,4.8)
50        (1.0,8.0,-4.8,5.2)
51        (1.0,7.2,-5.0,4.8)
52        (0.6,8.0,-5.0,5.4)
53        (1.2,7.8,-5.0,5.0)
54        (-3.8,8.6,-5.6,5.4)
54        (0.8,6.8,-5.0,4.8)
55        (0.6,8.4,-5.2,5.4)
55        (1.2,8.0,-5.0,4.8)
55        (0.8,8.2,-5.0,5.0)
58        (1.0,7.8,-4.8,5.2)
58        (1.2,7.0,-5.0,5.2)
58        (1.0,6.0,-5.2,4.0)
59        (1.0,7.6,-5.0,5.0)
59        (1.0,6.0,-4.8,4.8)
61        (0.8,7.0,-4.8,4.8)
61        (1.2,6.0,-5.0,4.8)
63        (0.8,7.2,-4.8,5.0)
64        (0.8,7.2,-5.0,5.0)
64        (1.2,6.0,-5.0,3.8)
65        (1.0,7.8,-4.8,5.0)
65        (1.0,7.8,-5.0,4.8)
65        (1.0,8.0,-4.8,4.8)
65        (1.2,6.8,-5.0,5.0)
65        (1.0,5.8,-5.0,4.8)
66        (0.8,6.8,-4.8,5.0)
67        (1.2,6.0,-5.0,5.0)
69        (1.0,7.4,-5.0,5.0)
69        (1.2,7.0,-5.0,4.8)
70        (1.0,8.0,-5.0,4.8)
71        (1.0,7.0,-5.0,4.6)
72        (0.8,8.0,-4.8,5.0)
72        (0.8,7.8,-5.0,5.0)
72        (1.2,7.2,-5.0,5.0)
73        (1.0,8.0,-5.2,5.0)
73        (1.0,6.8,-5.0,4.8)
73        (1.2,6.0,-4.8,5.0)
73        (1.0,6.0,-4.8,4.0)
74        (1.0,5.8,-4.8,5.0)
75        (0.8,8.0,-5.0,5.2)
75        (1.2,6.0,-5.0,4.0)
79        (1.0,8.0,-5.0,5.2)
79        (0.8,7.0,-4.8,5.0)
79        (1.0,6.0,-5.0,4.8)
80        (0.8,7.0,-5.0,4.8)
80        (0.8,6.8,-5.0,5.0)
81        (1.0,7.2,-4.8,5.0)
82        (1.2,7.0,-5.2,5.0)
85        (1.0,6.8,-4.8,5.0)
86        (1.0,7.0,-4.8,4.8)
88        (1.0,7.0,-5.2,4.8)
89        (1.2,8.0,-5.0,5.0)
89        (1.0,6.2,-5.0,5.0)
90        (1.0,7.2,-5.0,5.0)
91        (1.0,5.8,-5.0,5.0)
91        (1.0,6.0,-4.8,5.0)
92        (1.0,6.8,-5.2,5.0)
92        (1.0,5.8,-5.0,4.0)
94        (1.0,7.0,-5.0,5.2)
94        (0.8,7.0,-5.0,5.0)
97        (1.0,8.0,-4.8,5.0)
99        (1.2,7.0,-5.0,5.0)
99        (1.0,6.8,-5.0,5.0)
100       (1.0,7.0,-4.8,5.0)
102       (1.0,6.0,-5.0,4.0)
110       (1.0,7.8,-5.0,5.0)
110       (1.0,7.0,-5.2,5.0)
117       (0.8,8.0,-5.0,5.0)
122       (1.0,6.0,-5.0,5.0)
126       (1.0,6.0,-5.0,3.8)
142       (1.0,8.0,-5.0,5.0)
142       (1.0,7.0,-5.0,5.0)
147       (1.0,7.0,-5.0,4.8)
