# run = 16
occ          S   
0         (26.6,-6.6,2.0,8.4)
0         (-26.4,22.6,-30.2,20.0)
0         (24.4,6.4,-25.2,19.6)
0         (20.0,-5.0,-27.0,-30.0)
0         (10.2,14.4,-29.0,-11.6)
0         (-31.4,27.8,0.4,-25.6)
0         (-25.4,-26.0,27.4,9.2)
0         (22.2,7.2,12.8,9.8)
0         (19.4,32.0,17.4,19.2)
0         (23.2,17.6,25.2,8.2)
0         (18.4,3.2,12.6,3.6)
0         (19.8,-3.6,-13.4,-29.6)
0         (-16.6,-31.0,4.0,-25.0)
0         (-31.6,-18.2,15.4,-16.6)
0         (15.0,-0.2,-0.4,19.0)
0         (10.2,32.0,28.2,27.2)
0         (8.0,24.2,-2.2,29.6)
0         (23.6,-14.0,10.0,-3.4)
0         (4.4,-10.2,26.8,-26.6)
0         (-23.0,-8.0,-20.6,30.6)
0         (19.4,-1.2,-25.0,-8.4)
0         (25.4,-26.4,26.8,11.6)
0         (-22.4,-24.4,14.2,16.0)
0         (21.0,23.4,-17.2,10.0)
0         (0.0,11.4,-27.8,-2.2)
0         (5.0,-19.2,26.6,-10.6)
0         (-6.4,-20.2,-6.6,21.2)
0         (-28.2,20.2,-7.8,-14.0)
0         (-6.0,-16.0,-17.8,30.8)
0         (12.2,30.8,22.0,8.6)
0         (22.0,-22.8,-31.8,-32.8)
0         (-20.2,-0.4,-15.0,20.4)
0         (5.0,13.6,32.2,9.0)
0         (1.6,-8.8,-6.6,1.4)
0         (1.4,-9.0,-6.6,1.4)
0         (1.6,-9.2,-6.4,1.4)
0         (1.4,-9.0,-6.8,1.4)
0         (1.6,-9.0,-6.6,1.0)
0         (1.8,-9.2,-6.6,1.4)
0         (1.8,-9.2,-6.6,1.0)
0         (2.0,-8.8,-7.0,1.4)
0         (2.2,-9.0,-7.0,0.6)
0         (2.0,-8.6,-7.0,1.0)
0         (2.2,-8.8,-7.0,1.0)
0         (2.0,-9.2,-7.2,0.8)
0         (2.2,-9.0,-7.2,0.8)
0         (2.2,-9.0,-7.4,1.0)
0         (2.4,-9.0,-6.8,1.0)
0         (1.6,-9.0,-6.8,1.0)
0         (2.4,-9.2,-7.0,1.0)
0         (1.8,-9.2,-7.2,1.2)
0         (1.8,-9.2,-7.0,1.4)
0         (1.6,-9.0,-7.2,1.0)
0         (1.8,-8.8,-7.2,1.0)
0         (1.8,-9.2,-6.8,0.8)
0         (2.2,-9.2,-7.2,0.8)
0         (1.8,-8.8,-7.2,1.2)
0         (2.0,-9.2,-6.6,1.0)
0         (2.0,-9.0,-7.4,1.2)
0         (1.8,-8.6,-7.2,1.0)
0         (2.0,-8.6,-7.4,1.0)
0         (2.0,-8.6,-7.2,0.8)
0         (1.4,-8.8,-7.2,1.0)
0         (1.4,-8.8,-7.2,1.2)
0         (1.4,-8.8,-7.0,1.2)
0         (2.0,-8.4,-7.0,0.8)
0         (2.0,-8.4,-6.8,1.2)
0         (1.4,-9.0,-7.0,1.0)
0         (2.2,-8.2,-6.8,0.8)
0         (2.2,-8.4,-6.8,1.0)
0         (1.4,-9.0,-7.0,1.2)
0         (2.0,-8.2,-6.6,1.2)
0         (1.8,-8.0,-7.0,1.2)
0         (2.0,-7.8,-7.2,0.8)
0         (2.0,-8.0,-7.4,0.8)
0         (2.2,-8.0,-7.2,1.2)
0         (2.2,-8.0,-7.4,1.0)
0         (2.2,-8.0,-6.8,1.2)
0         (2.4,-8.0,-7.0,1.2)
0         (2.0,-8.0,-6.8,0.6)
0         (2.2,-7.6,-7.0,0.8)
0         (2.2,-7.8,-7.4,1.0)
0         (2.0,-8.0,-6.6,0.6)
0         (2.2,-7.8,-6.8,1.2)
0         (2.0,-8.0,-6.4,0.8)
0         (2.2,-7.6,-7.0,1.0)
0         (2.0,-7.8,-6.6,1.2)
0         (2.0,-7.8,-7.4,1.0)
0         (2.2,-7.6,-7.2,1.0)
0         (2.0,-7.8,-7.2,1.2)
0         (2.0,-7.6,-6.8,1.2)
0         (2.2,-7.8,-7.0,1.2)
0         (1.8,-7.6,-7.0,1.0)
0         (2.0,-8.2,-7.2,0.8)
0         (2.0,-7.8,-6.6,0.8)
0         (2.0,-8.2,-7.4,1.0)
0         (1.8,-7.8,-7.0,0.6)
0         (2.2,-7.4,-7.0,1.0)
0         (2.0,-7.4,-7.0,0.8)
0         (1.6,-6.8,-7.0,1.0)
0         (2.0,-7.2,-6.8,1.2)
0         (2.4,-7.2,-7.0,1.0)
0         (2.2,-6.8,-7.2,1.2)
0         (2.2,-7.0,-6.8,1.4)
0         (2.2,-7.2,-6.8,1.2)
0         (2.2,-6.6,-7.0,1.0)
0         (2.4,-6.8,-7.0,1.0)
0         (2.4,-6.6,-7.0,1.0)
0         (2.0,-6.6,-7.2,1.0)
0         (2.0,-6.6,-7.0,0.6)
0         (2.0,-7.2,-7.2,1.2)
0         (2.2,-7.2,-7.2,1.0)
0         (1.8,-7.0,-7.0,1.2)
0         (1.6,-7.0,-7.0,0.8)
0         (1.8,-7.0,-7.0,0.6)
0         (1.8,-7.2,-6.8,0.8)
0         (1.6,-7.2,-7.0,0.8)
0         (2.4,-7.0,-7.0,1.2)
0         (2.2,-7.0,-7.0,1.4)
0         (2.4,-7.0,-7.2,1.2)
0         (2.4,-7.0,-6.6,1.0)
0         (2.2,-7.2,-6.8,0.8)
0         (2.4,-6.8,-6.8,1.0)
0         (2.4,-7.2,-6.8,1.0)
0         (1.8,-7.2,-6.8,1.2)
0         (2.0,-6.6,-6.6,1.0)
0         (1.8,-7.0,-6.6,0.8)
0         (1.8,-6.8,-6.6,0.8)
0         (2.2,-7.2,-7.2,0.8)
0         (2.0,-7.0,-7.2,0.6)
0         (2.2,-7.0,-7.2,0.6)
0         (2.0,-7.0,-6.8,0.6)
0         (2.2,-7.0,-6.4,0.8)
0         (2.0,-7.2,-6.8,0.8)
0         (2.2,-7.0,-6.4,1.2)
0         (1.8,-7.0,-6.4,1.0)
0         (2.2,-7.0,-6.2,0.8)
0         (2.0,-7.0,-6.0,0.6)
0         (2.0,-7.0,-5.6,0.8)
0         (2.2,-7.2,-5.8,0.8)
0         (1.6,-7.0,-5.8,0.8)
0         (2.0,-6.8,-6.2,0.8)
0         (2.2,-6.8,-6.0,1.2)
0         (1.6,-6.8,-5.8,1.0)
0         (1.8,-6.8,-6.2,1.0)
0         (2.2,-6.8,-6.2,1.0)
0         (2.0,-6.8,-5.6,1.0)
0         (2.0,-6.8,-5.6,0.8)
0         (2.0,-6.6,-5.8,0.8)
0         (2.2,-7.0,-5.6,1.0)
0         (2.2,-6.6,-5.8,0.8)
0         (1.8,-7.0,-6.0,0.8)
0         (2.4,-7.0,-5.8,1.0)
0         (1.8,-7.0,-6.2,1.2)
0         (1.8,-6.8,-5.6,1.2)
0         (2.2,-7.0,-5.6,1.2)
0         (2.0,-6.8,-5.6,1.4)
0         (2.0,-7.0,-5.4,1.2)
0         (2.0,-6.8,-5.8,1.4)
0         (1.8,-7.2,-5.6,1.0)
0         (1.8,-6.6,-5.8,1.0)
0         (2.0,-7.0,-5.4,0.8)
0         (2.0,-6.8,-5.4,1.2)
0         (1.8,-7.2,-5.4,1.0)
0         (1.8,-7.0,-5.4,0.8)
0         (1.8,-6.4,-5.2,1.0)
0         (2.0,-7.0,-5.2,0.8)
0         (2.0,-7.2,-5.2,1.2)
0         (1.8,-6.6,-4.8,1.0)
0         (2.2,-6.8,-5.2,1.0)
0         (2.0,-6.8,-4.6,1.0)
0         (2.2,-6.8,-4.8,1.0)
0         (2.0,-7.4,-4.8,1.0)
0         (2.2,-7.2,-5.2,1.0)
0         (1.8,-7.2,-4.8,1.0)
0         (2.0,-7.4,-5.2,1.0)
0         (1.8,-7.0,-5.0,1.4)
0         (1.6,-7.0,-5.2,1.2)
0         (1.6,-7.2,-5.0,0.8)
0         (2.2,-7.2,-5.0,1.2)
0         (1.8,-7.2,-4.8,0.8)
0         (2.0,-7.0,-4.6,1.0)
0         (2.0,-6.8,-4.8,0.6)
0         (2.2,-6.8,-4.6,0.8)
0         (2.2,-6.6,-4.8,0.8)
0         (2.2,-7.0,-4.6,0.8)
0         (2.4,-7.0,-4.6,1.0)
0         (2.0,-6.8,-4.6,0.8)
0         (2.2,-7.0,-5.0,0.6)
0         (2.2,-7.0,-5.2,1.2)
0         (2.2,-6.8,-5.0,1.4)
0         (2.2,-7.2,-5.2,1.2)
0         (2.4,-7.2,-5.0,1.0)
0         (2.4,-6.8,-5.0,1.0)
0         (2.4,-6.8,-5.0,1.2)
0         (2.4,-7.0,-5.0,0.8)
0         (1.8,-7.2,-4.8,1.2)
0         (2.0,-6.8,-4.6,1.2)
0         (1.8,-6.8,-4.8,1.2)
0         (1.8,-7.0,-4.8,1.4)
0         (1.8,-6.4,-5.0,0.8)
0         (2.0,-6.6,-4.8,0.8)
0         (2.2,-6.4,-5.0,0.8)
0         (2.2,-6.4,-4.8,0.8)
0         (2.0,-6.0,-5.0,0.8)
0         (2.0,-6.2,-5.0,0.6)
0         (2.0,-6.2,-4.8,0.8)
0         (1.8,-6.2,-5.0,0.8)
1         (-7.8,14.2,19.0,20.8)
1         (-26.6,-2.0,3.0,-15.4)
1         (32.2,22.0,8.2,29.4)
1         (-32.8,-32.0,11.8,5.0)
1         (-8.2,-8.2,-2.6,22.4)
1         (-30.0,-26.8,12.2,-16.0)
1         (14.4,28.0,-2.2,-11.0)
1         (2.6,28.8,13.2,-15.6)
1         (17.0,-4.2,-19.2,-5.4)
1         (32.6,11.6,-20.8,-8.8)
1         (1.6,-9.0,-6.6,1.6)
1         (1.6,-9.2,-6.6,1.2)
1         (2.0,-9.2,-6.6,1.2)
1         (1.6,-9.0,-6.4,1.2)
1         (1.6,-9.2,-6.8,1.2)
1         (1.8,-9.2,-6.4,1.2)
1         (1.8,-8.8,-6.2,1.2)
1         (2.0,-9.2,-6.8,1.4)
1         (1.8,-9.0,-6.4,1.4)
1         (2.0,-9.0,-6.8,1.4)
1         (2.0,-9.4,-6.8,1.2)
1         (2.0,-9.0,-6.6,1.0)
1         (2.0,-8.6,-6.8,1.0)
1         (2.0,-9.0,-7.0,1.4)
1         (2.0,-8.8,-7.2,1.2)
1         (1.8,-8.8,-7.0,0.8)
1         (1.6,-9.0,-7.0,0.8)
1         (1.8,-9.0,-7.2,0.8)
1         (1.8,-8.8,-6.8,0.8)
1         (2.2,-9.0,-6.6,1.0)
1         (1.6,-9.0,-7.0,1.2)
1         (1.6,-9.2,-7.0,1.2)
1         (1.8,-9.0,-7.4,1.0)
1         (2.0,-8.6,-7.2,1.2)
1         (1.6,-8.8,-6.8,1.0)
1         (2.0,-8.4,-6.8,0.8)
1         (2.0,-8.8,-6.6,1.0)
1         (2.2,-8.2,-6.6,1.0)
1         (2.0,-8.0,-7.2,1.2)
1         (2.0,-8.0,-7.0,1.4)
1         (2.0,-8.2,-7.0,1.2)
1         (2.4,-8.0,-7.0,0.8)
1         (1.8,-8.0,-7.2,0.8)
1         (2.2,-8.0,-6.8,0.6)
1         (2.0,-7.6,-7.4,1.0)
1         (1.8,-7.8,-6.8,1.0)
1         (1.8,-7.8,-6.8,0.8)
1         (2.0,-8.0,-7.4,1.0)
1         (1.8,-8.0,-7.2,1.2)
1         (1.8,-7.8,-7.0,0.8)
1         (1.6,-8.0,-7.2,1.0)
1         (1.8,-8.2,-7.2,1.0)
1         (1.8,-7.4,-7.0,1.0)
1         (2.0,-7.0,-7.2,1.2)
1         (2.2,-7.0,-6.6,1.2)
1         (2.0,-7.0,-7.4,1.0)
1         (2.4,-6.8,-7.2,1.0)
1         (2.0,-7.2,-7.2,0.8)
1         (2.4,-7.0,-6.8,1.0)
1         (2.0,-7.2,-6.6,1.0)
1         (2.2,-7.0,-7.2,0.8)
1         (2.0,-6.6,-6.0,0.8)
1         (2.2,-7.0,-5.8,0.8)
1         (2.2,-7.0,-6.2,1.0)
1         (2.0,-7.0,-5.8,0.6)
1         (2.0,-6.6,-6.0,1.0)
1         (1.8,-6.8,-5.8,0.8)
1         (2.0,-7.2,-5.8,1.2)
1         (2.0,-7.4,-5.8,1.0)
1         (2.0,-7.0,-6.0,1.4)
1         (2.0,-7.0,-5.6,1.4)
1         (1.8,-6.8,-5.6,1.0)
1         (2.0,-6.8,-5.4,0.8)
1         (2.2,-6.8,-5.4,1.0)
1         (1.8,-6.8,-5.2,0.8)
1         (1.6,-6.8,-5.0,1.0)
1         (1.8,-6.8,-4.8,1.0)
1         (1.8,-6.8,-4.8,0.8)
1         (2.0,-7.2,-5.2,0.8)
1         (1.6,-7.0,-5.0,0.8)
1         (2.0,-7.0,-4.8,0.6)
1         (2.4,-7.0,-4.8,1.0)
1         (2.4,-7.0,-4.8,0.8)
1         (2.2,-7.2,-4.6,1.0)
1         (2.2,-6.6,-4.8,1.0)
1         (2.6,-7.0,-5.0,1.0)
1         (2.4,-7.0,-5.0,1.4)
1         (2.0,-7.0,-4.8,1.4)
1         (1.8,-6.6,-5.0,0.8)
1         (2.0,-6.4,-4.8,0.8)
2         (5.0,13.8,32.2,9.0)
2         (17.6,22.2,-11.2,-24.8)
2         (-3.8,-21.8,-0.2,14.6)
2         (13.2,-21.0,-14.2,-16.8)
2         (-28.2,-2.0,30.0,-32.8)
2         (1.4,-9.0,-6.8,1.6)
2         (1.8,-9.0,-6.2,1.2)
2         (2.0,-8.8,-7.0,1.2)
2         (2.0,-9.0,-7.4,1.0)
2         (2.0,-8.8,-7.4,1.0)
2         (2.0,-9.2,-7.0,0.6)
2         (1.8,-9.2,-7.0,0.8)
2         (2.0,-9.0,-7.0,0.6)
2         (1.8,-9.0,-7.0,0.6)
2         (2.0,-9.4,-7.0,1.0)
2         (2.0,-8.8,-7.4,0.8)
2         (2.0,-8.4,-7.2,1.2)
2         (2.0,-8.2,-6.8,1.2)
2         (2.4,-8.2,-6.8,1.0)
2         (1.8,-8.0,-7.0,0.8)
2         (2.2,-8.0,-7.0,1.2)
2         (2.4,-8.0,-7.0,1.0)
2         (2.0,-7.0,-7.0,1.4)
2         (2.4,-7.0,-7.0,1.0)
2         (2.0,-6.6,-7.0,1.0)
2         (1.8,-6.8,-7.0,1.2)
2         (1.8,-6.8,-6.6,1.0)
2         (1.8,-7.0,-7.2,1.2)
2         (1.8,-7.0,-6.8,0.6)
2         (2.2,-7.2,-7.0,1.2)
2         (1.8,-7.0,-7.2,0.8)
2         (2.2,-7.0,-6.6,1.0)
2         (1.8,-6.8,-6.8,0.8)
2         (2.2,-6.8,-6.8,0.8)
2         (2.0,-7.0,-6.4,1.2)
2         (1.8,-7.0,-6.2,1.0)
2         (2.0,-7.0,-6.2,0.6)
2         (1.8,-7.2,-6.0,1.0)
2         (2.2,-7.0,-6.0,0.8)
2         (1.8,-7.0,-5.8,0.8)
2         (2.2,-6.8,-6.0,0.8)
2         (2.2,-6.6,-6.0,1.0)
2         (2.0,-7.2,-5.6,1.0)
2         (1.6,-7.0,-5.8,1.0)
2         (1.8,-6.8,-5.2,1.2)
2         (2.2,-7.0,-5.2,1.0)
2         (2.2,-6.8,-5.0,1.2)
2         (2.0,-6.6,-5.0,1.0)
2         (2.2,-7.2,-4.8,1.0)
2         (1.6,-7.2,-5.0,1.0)
2         (1.8,-7.2,-5.0,1.2)
2         (2.0,-7.4,-5.0,0.8)
2         (2.2,-7.2,-5.0,0.8)
2         (1.6,-7.0,-5.2,1.0)
2         (2.2,-7.0,-4.6,1.2)
2         (2.4,-7.0,-4.8,1.2)
2         (2.0,-6.4,-5.2,0.8)
2         (2.0,-6.4,-5.0,0.6)
2         (2.2,-6.2,-5.0,0.8)
2         (2.0,-6.2,-5.2,0.8)
3         (-8.2,-4.2,11.0,-0.2)
3         (10.8,-9.2,-0.8,6.8)
3         (1.6,-9.0,-6.8,1.4)
3         (1.6,-8.8,-6.4,1.4)
3         (1.8,-8.8,-6.8,1.2)
3         (2.0,-9.2,-7.0,1.2)
3         (2.2,-9.0,-7.2,1.0)
3         (2.2,-9.2,-7.2,1.0)
3         (2.0,-9.4,-7.0,0.8)
3         (2.2,-9.0,-7.0,1.2)
3         (2.4,-9.0,-7.0,1.0)
3         (2.0,-8.4,-6.6,1.0)
3         (2.2,-8.8,-6.8,1.0)
3         (1.8,-8.2,-7.0,1.0)
3         (2.2,-8.2,-7.0,1.0)
3         (2.4,-7.8,-7.0,1.0)
3         (1.8,-8.0,-6.6,1.0)
3         (2.0,-7.8,-6.6,1.0)
3         (2.0,-7.4,-6.8,1.0)
3         (1.6,-7.0,-7.0,1.0)
3         (2.0,-7.0,-7.0,0.6)
3         (2.2,-6.8,-7.0,0.8)
3         (2.0,-6.8,-7.2,1.2)
3         (2.0,-6.8,-7.0,0.6)
3         (2.0,-7.0,-6.6,0.8)
3         (2.0,-6.8,-6.6,0.8)
3         (2.0,-7.2,-6.2,0.8)
3         (2.0,-7.4,-6.0,1.0)
3         (1.6,-6.8,-6.0,1.0)
3         (1.8,-6.8,-6.0,1.2)
3         (2.2,-7.2,-5.8,1.0)
3         (2.0,-7.0,-5.0,1.4)
3         (1.8,-7.4,-5.0,1.0)
3         (2.0,-6.8,-5.0,0.6)
4         (1.8,-8.8,-6.8,1.0)
4         (2.2,-9.2,-7.0,0.8)
4         (2.2,-8.8,-7.2,1.0)
4         (2.0,-8.4,-7.0,1.0)
4         (1.8,-8.0,-6.8,1.0)
4         (2.0,-8.0,-7.0,0.6)
4         (2.0,-8.2,-7.0,0.8)
4         (2.4,-8.0,-6.8,0.8)
4         (2.2,-7.8,-6.8,1.0)
4         (2.0,-7.0,-6.6,1.2)
4         (2.0,-7.0,-6.8,1.4)
4         (2.0,-6.6,-6.8,0.8)
4         (2.2,-7.0,-6.8,0.8)
4         (2.0,-7.2,-6.0,0.8)
4         (2.0,-7.0,-5.6,1.0)
4         (1.8,-6.8,-5.8,1.2)
4         (2.0,-7.0,-5.8,1.4)
4         (2.2,-6.8,-5.8,1.2)
4         (1.8,-7.0,-5.4,1.2)
4         (1.6,-6.8,-5.2,1.0)
4         (1.8,-7.0,-5.2,0.8)
4         (2.0,-6.8,-4.8,1.2)
4         (2.4,-7.0,-5.0,1.0)
4         (2.0,-6.4,-5.0,1.0)
5         (1.8,-9.0,-6.6,1.0)
5         (2.0,-9.0,-6.8,0.8)
5         (2.0,-9.2,-6.8,0.8)
5         (2.0,-8.8,-6.8,0.8)
5         (2.2,-9.0,-7.0,0.8)
5         (1.8,-8.8,-7.0,1.2)
5         (2.2,-9.2,-7.0,1.2)
5         (2.2,-9.2,-6.8,1.0)
5         (2.2,-8.6,-7.2,1.0)
5         (2.0,-8.0,-6.8,1.2)
5         (1.8,-7.8,-7.0,1.2)
5         (2.0,-7.8,-6.8,0.8)
5         (2.0,-8.0,-6.6,0.8)
5         (2.0,-7.2,-7.0,1.2)
5         (2.0,-7.2,-7.0,0.8)
5         (2.0,-6.8,-6.4,1.0)
5         (2.0,-7.2,-6.4,1.0)
5         (2.0,-6.6,-5.8,1.0)
5         (2.0,-6.8,-5.6,1.2)
5         (1.8,-7.0,-5.8,1.2)
5         (1.8,-6.6,-5.2,1.0)
5         (1.8,-7.2,-5.2,1.0)
5         (1.8,-6.8,-5.0,1.2)
5         (1.8,-7.0,-5.2,1.2)
5         (1.8,-6.6,-5.0,1.0)
5         (2.0,-7.0,-5.2,1.2)
5         (2.0,-6.6,-4.8,1.0)
5         (1.8,-7.2,-5.0,0.8)
5         (1.6,-7.0,-5.0,1.2)
5         (2.2,-7.2,-4.8,0.8)
6         (1.6,-9.2,-6.6,1.4)
6         (1.6,-8.8,-6.6,1.2)
6         (1.8,-9.0,-7.2,1.2)
6         (1.8,-9.2,-7.2,1.0)
6         (2.0,-8.2,-6.8,0.8)
6         (2.0,-7.8,-7.0,0.8)
6         (1.8,-7.2,-7.0,1.0)
6         (2.0,-6.8,-6.6,1.2)
6         (2.2,-7.0,-6.0,1.0)
6         (1.8,-7.2,-5.8,1.0)
6         (2.0,-6.8,-6.0,1.2)
6         (2.2,-6.8,-4.8,0.8)
7         (2.0,-9.0,-7.2,1.2)
7         (2.2,-8.0,-6.8,1.0)
7         (2.2,-7.8,-7.2,1.0)
7         (2.0,-7.6,-7.0,1.0)
7         (2.0,-7.6,-7.2,1.0)
7         (2.0,-7.6,-7.0,1.2)
7         (2.0,-7.0,-6.6,1.0)
7         (2.2,-7.2,-7.0,1.0)
7         (2.2,-6.8,-6.8,1.2)
7         (2.2,-7.2,-6.8,1.0)
7         (2.0,-7.0,-6.4,0.8)
7         (2.2,-7.0,-6.4,1.0)
7         (2.0,-7.2,-4.8,0.8)
8         (1.8,-9.0,-6.6,1.4)
8         (2.0,-9.0,-6.6,1.2)
8         (2.0,-9.0,-6.4,1.2)
8         (2.0,-8.2,-6.6,1.0)
8         (1.8,-7.0,-6.8,1.2)
8         (2.2,-6.8,-6.8,1.0)
8         (2.0,-6.8,-6.2,1.0)
8         (2.2,-6.8,-5.8,1.0)
8         (1.8,-6.8,-5.0,0.8)
8         (1.6,-7.0,-5.0,1.0)
8         (1.8,-7.0,-4.8,1.0)
8         (2.0,-6.6,-5.0,0.8)
9         (2.0,-9.2,-6.8,1.2)
9         (2.0,-8.8,-7.0,0.8)
9         (1.6,-9.0,-7.0,1.0)
9         (2.2,-7.0,-6.8,1.2)
9         (2.2,-7.2,-5.0,1.0)
9         (2.0,-7.0,-4.6,1.2)
10        (1.6,-9.0,-6.8,1.2)
10        (2.0,-8.8,-6.8,1.2)
10        (2.0,-7.6,-7.2,1.2)
10        (1.8,-7.2,-6.8,1.0)
10        (2.0,-7.0,-6.0,1.2)
10        (2.0,-7.2,-5.2,1.0)
10        (2.0,-6.8,-5.0,1.2)
10        (2.0,-7.2,-4.8,1.2)
11        (1.8,-9.2,-6.6,1.2)
11        (2.0,-9.0,-7.2,0.8)
11        (1.8,-9.0,-6.8,0.8)
11        (2.2,-7.8,-7.0,0.8)
11        (2.0,-7.8,-7.0,1.2)
11        (2.0,-7.2,-6.8,1.0)
11        (2.2,-7.0,-7.0,0.8)
11        (2.2,-7.0,-5.8,1.2)
11        (2.0,-6.8,-5.2,1.0)
11        (2.0,-7.2,-4.8,1.0)
11        (1.8,-7.0,-4.8,1.2)
12        (1.8,-7.0,-7.2,1.0)
12        (2.0,-7.2,-5.8,0.8)
12        (2.0,-7.0,-6.2,1.2)
12        (2.0,-7.2,-5.0,1.2)
13        (2.2,-7.8,-6.8,0.8)
13        (2.0,-7.6,-6.8,1.0)
13        (2.0,-6.8,-5.8,0.8)
13        (1.8,-7.0,-4.8,0.8)
14        (2.2,-6.8,-7.0,1.2)
14        (2.0,-6.8,-6.8,1.2)
15        (2.2,-9.0,-6.8,1.0)
15        (2.0,-8.2,-7.2,1.0)
15        (1.8,-7.0,-6.8,0.8)
15        (1.8,-7.0,-6.6,1.0)
15        (1.8,-7.0,-6.0,1.0)
15        (2.4,-7.0,-5.0,1.2)
16        (1.4,-8.8,-7.0,1.0)
16        (1.8,-7.8,-7.2,1.0)
16        (2.2,-6.8,-7.2,1.0)
16        (1.8,-6.8,-5.4,1.0)
17        (2.0,-6.8,-7.2,0.8)
18        (1.8,-6.8,-6.8,1.0)
19        (2.0,-8.4,-7.2,1.0)
19        (2.2,-8.0,-7.2,1.0)
19        (2.0,-7.0,-5.6,1.2)
20        (1.8,-9.2,-6.8,1.0)
20        (1.8,-9.2,-7.0,1.2)
21        (1.6,-9.0,-6.6,1.2)
21        (2.0,-7.2,-7.2,1.0)
22        (2.2,-6.8,-5.0,1.0)
23        (2.0,-9.2,-6.8,1.0)
23        (2.0,-9.2,-7.2,1.0)
23        (2.0,-6.8,-5.8,1.2)
24        (2.0,-9.2,-7.0,0.8)
24        (2.2,-8.2,-6.8,1.0)
24        (1.8,-7.8,-7.0,1.0)
24        (2.2,-7.0,-4.6,1.0)
26        (1.8,-9.2,-6.8,1.2)
26        (2.0,-8.4,-6.8,1.0)
26        (2.0,-6.6,-7.0,0.8)
27        (2.0,-7.0,-6.2,0.8)
27        (2.0,-6.8,-5.4,1.0)
27        (2.2,-7.0,-4.8,0.8)
28        (1.8,-8.0,-7.2,1.0)
28        (2.0,-8.0,-7.2,0.8)
29        (2.0,-8.8,-7.2,0.8)
30        (2.2,-7.0,-5.0,0.8)
31        (1.8,-9.0,-7.0,0.8)
31        (1.8,-9.0,-7.0,1.2)
31        (2.0,-8.0,-6.6,1.0)
31        (1.8,-8.0,-7.0,1.0)
31        (1.8,-7.0,-5.4,1.0)
31        (2.0,-6.8,-4.8,0.8)
32        (2.2,-9.2,-7.0,1.0)
32        (2.0,-6.8,-7.0,1.2)
33        (2.0,-6.8,-7.0,0.8)
34        (1.6,-9.0,-6.4,1.4)
34        (2.2,-8.0,-6.8,0.8)
34        (2.2,-7.0,-7.2,1.0)
35        (2.2,-6.8,-6.0,1.0)
36        (1.6,-8.8,-7.0,1.0)
37        (2.2,-7.8,-7.0,1.0)
37        (2.0,-7.0,-5.4,1.0)
38        (2.0,-7.8,-7.2,1.0)
38        (1.8,-6.8,-5.8,1.0)
39        (1.8,-9.0,-7.2,1.0)
39        (2.2,-8.0,-7.0,0.8)
40        (1.8,-7.0,-5.6,1.0)
40        (2.0,-7.2,-5.0,0.8)
42        (1.8,-7.0,-7.0,0.8)
42        (2.0,-7.2,-6.0,1.0)
43        (2.0,-6.8,-6.0,0.8)
44        (1.8,-9.0,-6.4,1.2)
44        (1.8,-9.0,-6.8,1.2)
44        (2.0,-8.6,-7.2,1.0)
44        (1.8,-6.8,-7.0,1.0)
44        (1.8,-6.8,-5.0,1.0)
44        (1.8,-7.2,-5.0,1.0)
46        (2.2,-7.0,-5.0,1.2)
47        (2.0,-6.8,-7.2,1.0)
48        (2.0,-7.4,-7.0,1.0)
48        (1.8,-6.8,-6.0,1.0)
48        (1.8,-7.0,-5.0,0.8)
49        (1.8,-8.8,-7.0,1.0)
49        (1.8,-9.2,-7.0,1.0)
49        (2.0,-8.0,-7.0,1.2)
49        (2.0,-7.2,-7.0,1.0)
49        (2.2,-7.0,-7.0,1.2)
49        (2.0,-6.8,-6.6,1.0)
51        (2.0,-9.0,-7.0,1.2)
51        (2.0,-7.8,-6.8,1.0)
51        (2.0,-6.4,-5.0,0.8)
52        (2.0,-9.0,-6.8,1.2)
52        (2.0,-7.2,-5.8,1.0)
53        (2.0,-8.2,-7.0,1.0)
53        (2.0,-8.0,-7.0,0.8)
55        (1.8,-9.0,-6.6,1.2)
55        (1.8,-9.0,-6.8,1.0)
55        (2.0,-7.0,-5.8,0.8)
55        (2.2,-7.0,-5.8,1.0)
55        (2.0,-7.2,-5.0,1.0)
56        (1.8,-7.0,-6.8,1.0)
56        (2.0,-7.0,-5.2,1.0)
57        (2.0,-8.0,-6.8,0.8)
57        (2.0,-7.0,-6.8,1.2)
58        (2.2,-7.0,-6.8,1.0)
60        (1.8,-6.8,-5.2,1.0)
61        (2.0,-6.8,-6.8,0.8)
61        (2.0,-6.8,-4.8,1.0)
62        (2.2,-8.0,-7.0,1.0)
63        (2.0,-7.0,-7.2,0.8)
63        (2.0,-6.8,-5.8,1.0)
67        (2.0,-7.0,-4.8,0.8)
67        (2.0,-7.0,-4.8,1.2)
68        (2.0,-7.0,-6.8,0.8)
68        (1.8,-7.0,-5.0,1.2)
68        (2.2,-7.0,-4.8,1.0)
68        (2.0,-6.2,-5.0,0.8)
69        (2.0,-9.0,-7.0,0.8)
69        (2.0,-6.8,-5.0,1.0)
71        (2.0,-8.0,-6.8,1.0)
71        (2.0,-6.8,-6.8,1.0)
71        (2.2,-6.8,-7.0,1.0)
72        (2.0,-8.8,-7.2,1.0)
72        (2.0,-7.0,-6.0,0.8)
73        (2.2,-9.0,-7.0,1.0)
73        (2.0,-7.0,-5.8,1.2)
74        (2.0,-7.0,-6.2,1.0)
75        (1.8,-7.0,-5.8,1.0)
75        (1.8,-7.0,-5.2,1.0)
76        (2.0,-9.2,-7.0,1.0)
80        (2.0,-6.8,-5.0,0.8)
81        (2.0,-8.8,-6.8,1.0)
81        (2.0,-7.0,-6.4,1.0)
82        (2.0,-7.0,-5.0,0.8)
83        (2.0,-7.0,-7.0,1.2)
84        (1.6,-9.0,-6.6,1.4)
84        (2.0,-8.2,-6.8,1.0)
86        (2.0,-7.0,-7.2,1.0)
86        (2.0,-6.8,-6.0,1.0)
88        (2.2,-7.0,-7.0,1.0)
89        (2.0,-8.0,-7.2,1.0)
89        (2.2,-7.0,-5.0,1.0)
91        (2.0,-9.0,-6.8,1.0)
91        (2.0,-9.0,-7.2,1.0)
97        (2.0,-7.0,-7.0,0.8)
99        (2.0,-6.8,-7.0,1.0)
102       (2.0,-7.0,-5.0,1.2)
102       (2.0,-7.0,-4.8,1.0)
103       (2.0,-7.8,-7.0,1.0)
105       (2.0,-8.8,-7.0,1.0)
108       (1.8,-9.0,-7.0,1.0)
109       (1.8,-7.0,-5.0,1.0)
112       (2.0,-7.0,-6.8,1.0)
113       (1.8,-7.0,-7.0,1.0)
126       (2.0,-7.0,-5.0,1.0)
129       (2.0,-9.0,-7.0,1.0)
129       (2.0,-7.0,-6.0,1.0)
129       (2.0,-7.0,-5.8,1.0)
136       (2.0,-8.0,-7.0,1.0)
173       (2.0,-7.0,-7.0,1.0)
