# run = 19
ltot         F            S   
0         -1.6106e+01    (-2.8,-9.0,-11.0,-0.8)
1         -1.6146e+01    (-2.8,-9.0,-11.0,-0.8)
2         -1.5749e+01    (-2.8,-9.0,-11.0,-1.0)
3         -1.5759e+01    (-2.8,-9.0,-11.0,-1.0)
4         -1.5759e+01    (-2.8,-9.0,-11.0,-1.0)
5         -1.5337e+01    (-3.0,-9.0,-11.0,-1.0)
6         -1.5347e+01    (-3.0,-9.0,-11.0,-1.0)
7         -1.5587e+01    (-3.0,-9.0,-11.0,-1.0)
8         -1.5697e+01    (-3.0,-9.0,-10.8,-1.0)
9         -1.5856e+01    (-3.0,-9.2,-11.0,-1.0)
10        -1.5697e+01    (-3.0,-9.0,-10.8,-1.0)
11        -1.5710e+01    (-3.0,-8.8,-11.0,-1.0)
12        -1.5848e+01    (-3.0,-9.0,-11.2,-1.0)
13        -1.5707e+01    (-3.0,-9.0,-10.8,-1.0)
14        -1.5750e+01    (-3.0,-8.8,-11.0,-1.0)
15        -1.5770e+01    (-3.0,-8.8,-11.0,-1.0)
16        -1.5900e+01    (-3.0,-8.8,-11.0,-1.0)
17        -1.6031e+01    (-3.0,-8.8,-10.8,-1.0)
18        -1.6061e+01    (-3.0,-8.8,-10.8,-1.0)
19        -1.6064e+01    (-2.8,-8.8,-11.0,-1.0)
20        -1.6054e+01    (-3.0,-9.0,-10.8,-0.8)
21        -1.6114e+01    (-2.8,-8.8,-11.0,-1.0)
22        -1.6164e+01    (-2.8,-8.8,-11.0,-1.0)
23        -1.6193e+01    (-3.0,-9.2,-11.0,-0.8)
24        -1.6210e+01    (-3.0,-8.8,-11.0,-1.2)
25        -1.6215e+01    (-3.0,-8.8,-11.2,-1.0)
26        -1.6220e+01    (-3.0,-8.8,-11.0,-1.2)
27        -1.6016e+01    (-3.0,-9.2,-11.0,-1.0)
28        -1.6240e+01    (-3.0,-8.8,-11.0,-1.2)
29        -1.6113e+01    (-3.2,-8.8,-11.0,-1.0)
30        -1.6290e+01    (-3.0,-8.8,-11.0,-1.2)
31        -1.5775e+01    (-3.0,-9.0,-11.0,-1.2)
32        -1.5775e+01    (-3.0,-9.0,-11.0,-1.2)
33        -1.5835e+01    (-3.0,-9.0,-11.0,-1.2)
34        -1.6117e+01    (-3.0,-9.0,-10.8,-1.2)
35        -1.6147e+01    (-3.0,-9.0,-10.8,-1.2)
36        -1.6178e+01    (-3.2,-9.0,-11.0,-1.2)
37        -1.6188e+01    (-3.2,-9.0,-11.0,-1.2)
38        -1.6239e+01    (-2.8,-9.0,-11.0,-1.2)
39        -1.6259e+01    (-2.8,-9.0,-11.0,-1.2)
40        -1.6269e+01    (-2.8,-9.0,-11.0,-1.2)
41        -1.6279e+01    (-2.8,-9.0,-11.0,-1.2)
42        -1.6041e+01    (-2.8,-9.0,-10.8,-1.0)
43        -1.6365e+01    (-3.0,-9.0,-11.2,-0.8)
44        -1.6375e+01    (-3.0,-9.0,-11.2,-0.8)
45        -1.6515e+01    (-2.8,-9.0,-11.2,-1.2)
46        -1.6140e+01    (-3.2,-9.0,-10.8,-1.0)
47        -1.6350e+01    (-2.8,-9.0,-10.8,-0.8)
48        -1.6350e+01    (-2.8,-9.0,-10.8,-0.8)
49        -1.6194e+01    (-3.0,-9.0,-10.6,-1.0)
50        -1.6199e+01    (-3.0,-9.2,-10.8,-1.0)
51        -1.6440e+01    (-2.8,-9.0,-10.8,-0.8)
52        -1.6204e+01    (-3.0,-9.0,-10.6,-1.0)
53        -1.6234e+01    (-3.0,-9.0,-10.6,-1.0)
54        -1.6314e+01    (-3.0,-9.0,-10.6,-1.0)
55        -1.6123e+01    (-3.2,-8.8,-11.0,-1.0)
56        -1.6133e+01    (-3.2,-8.8,-11.0,-1.0)
57        -1.6184e+01    (-3.0,-9.0,-10.8,-0.8)
58        -1.6122e+01    (-3.0,-9.0,-10.4,-1.0)
59        -1.6122e+01    (-3.0,-9.0,-10.4,-1.0)
60        -1.6142e+01    (-3.0,-9.0,-10.4,-1.0)
61        -1.6162e+01    (-3.0,-9.0,-10.4,-1.0)
62        -1.6209e+01    (-3.0,-9.2,-10.8,-1.0)
63        -1.6219e+01    (-3.0,-9.2,-10.8,-1.0)
64        -1.6366e+01    (-2.8,-9.0,-10.4,-1.0)
65        -1.5482e+01    (-3.0,-9.0,-10.2,-1.0)
66        -1.5522e+01    (-3.0,-9.0,-10.2,-1.0)
67        -1.4979e+01    (-3.0,-9.0,-10.0,-1.0)
68        -1.4979e+01    (-3.0,-9.0,-10.0,-1.0)
69        -1.4989e+01    (-3.0,-9.0,-10.0,-1.0)
70        -1.4999e+01    (-3.0,-9.0,-10.0,-1.0)
71        -1.5418e+01    (-3.0,-9.0,-10.0,-1.2)
72        -1.5009e+01    (-3.0,-9.0,-10.0,-1.0)
73        -1.5029e+01    (-3.0,-9.0,-10.0,-1.0)
74        -1.5049e+01    (-3.0,-9.0,-10.0,-1.0)
75        -1.5069e+01    (-3.0,-9.0,-10.0,-1.0)
76        -1.5199e+01    (-3.0,-9.0,-10.0,-1.0)
77        -1.5337e+01    (-3.0,-9.0,-9.8,-1.0)
78        -1.5347e+01    (-3.0,-9.0,-9.8,-1.0)
79        -1.5367e+01    (-3.0,-9.0,-9.8,-1.0)
80        -1.5462e+01    (-3.2,-9.0,-10.0,-1.0)
81        -1.5518e+01    (-3.0,-9.0,-10.0,-1.2)
82        -1.5633e+01    (-3.0,-8.8,-9.8,-1.0)
83        -1.5643e+01    (-3.0,-8.8,-9.8,-1.0)
84        -1.5345e+01    (-3.0,-8.8,-10.0,-1.0)
85        -1.5345e+01    (-3.0,-8.8,-10.0,-1.0)
86        -1.5354e+01    (-3.0,-8.8,-10.0,-1.0)
87        -1.5354e+01    (-3.0,-8.8,-10.0,-1.0)
88        -1.5585e+01    (-3.0,-8.8,-10.0,-1.0)
89        -1.5696e+01    (-2.8,-8.8,-10.0,-1.0)
90        -1.5489e+01    (-2.8,-9.0,-10.0,-1.0)
91        -1.5509e+01    (-2.8,-9.0,-10.0,-1.0)
92        -1.5559e+01    (-2.8,-9.0,-10.0,-1.0)
93        -1.5619e+01    (-2.8,-9.0,-10.0,-1.0)
94        -1.5669e+01    (-2.8,-9.0,-10.0,-1.0)
95        -1.5689e+01    (-2.8,-9.0,-10.0,-1.0)
96        -1.5729e+01    (-2.8,-9.0,-10.0,-1.0)
97        -1.5779e+01    (-2.8,-9.0,-10.0,-1.0)
98        -1.5869e+01    (-3.2,-9.0,-10.0,-0.8)
99        -1.5899e+01    (-3.2,-9.0,-10.0,-0.8)
100       -1.5923e+01    (-3.0,-9.0,-9.8,-0.8)
101       -1.5977e+01    (-2.6,-9.0,-10.0,-1.0)
102       -1.5943e+01    (-3.2,-9.0,-9.8,-1.0)
103       -1.5987e+01    (-2.6,-9.0,-10.0,-1.0)
104       -1.5997e+01    (-2.6,-9.0,-10.0,-1.0)
105       -1.5908e+01    (-2.4,-9.0,-10.0,-1.0)
106       -1.5918e+01    (-2.4,-9.0,-10.0,-1.0)
107       -1.5333e+01    (-2.2,-9.0,-10.0,-1.0)
108       -1.4886e+01    (-2.0,-9.0,-10.0,-1.0)
109       -1.4886e+01    (-2.0,-9.0,-10.0,-1.0)
110       -1.5126e+01    (-2.0,-9.0,-10.0,-1.0)
111       -1.5250e+01    (-2.0,-8.8,-10.0,-1.0)
112       -1.5262e+01    (-2.0,-9.0,-9.8,-1.0)
113       -1.5412e+01    (-2.0,-9.0,-10.2,-1.0)
114       -1.5336e+01    (-2.0,-9.0,-10.0,-1.2)
115       -1.5356e+01    (-2.0,-9.0,-10.0,-1.2)
116       -1.5586e+01    (-2.0,-9.0,-10.0,-1.2)
117       -1.5624e+01    (-2.0,-9.0,-9.8,-1.2)
118       -1.5634e+01    (-2.0,-9.0,-9.8,-1.2)
119       -1.5303e+01    (-1.8,-9.0,-10.0,-1.0)
120       -1.5654e+01    (-2.0,-9.0,-9.8,-1.2)
121       -1.5272e+01    (-2.0,-9.0,-9.8,-1.0)
122       -1.5472e+01    (-2.0,-9.0,-9.8,-1.0)
123       -1.5611e+01    (-1.8,-9.0,-9.8,-1.0)
124       -1.5608e+01    (-2.0,-9.0,-9.8,-0.8)
125       -1.5311e+01    (-2.0,-9.0,-10.0,-0.8)
126       -1.5321e+01    (-2.0,-9.0,-10.0,-0.8)
127       -1.5351e+01    (-2.0,-9.0,-10.0,-0.8)
128       -1.5401e+01    (-2.0,-9.0,-10.0,-0.8)
129       -1.5531e+01    (-2.0,-9.0,-10.0,-0.8)
130       -1.5651e+01    (-2.0,-9.0,-10.0,-0.8)
131       -1.5616e+01    (-2.0,-8.8,-10.0,-0.8)
132       -1.5729e+01    (-2.2,-9.0,-10.0,-0.8)
133       -1.5626e+01    (-2.0,-8.8,-10.0,-0.8)
134       -1.5636e+01    (-2.0,-8.8,-10.0,-0.8)
135       -1.5656e+01    (-2.0,-8.8,-10.0,-0.8)
136       -1.5659e+01    (-1.8,-9.0,-10.0,-0.8)
137       -1.5779e+01    (-2.0,-9.0,-10.2,-0.8)
138       -1.5799e+01    (-2.0,-9.0,-10.2,-0.8)
139       -1.5790e+01    (-2.2,-9.0,-10.2,-1.0)
140       -1.5810e+01    (-2.2,-9.0,-10.2,-1.0)
141       -1.5988e+01    (-2.0,-8.8,-10.2,-0.8)
142       -1.5963e+01    (-2.2,-9.0,-10.0,-1.0)
143       -1.6050e+01    (-2.2,-8.8,-10.2,-1.0)
144       -1.5751e+01    (-1.8,-9.0,-10.2,-1.0)
145       -1.5830e+01    (-2.0,-8.8,-10.0,-1.0)
146       -1.5850e+01    (-2.0,-8.8,-10.0,-1.0)
147       -1.5699e+01    (-2.2,-8.8,-10.0,-1.0)
148       -1.5608e+01    (-1.8,-8.8,-10.0,-1.0)
149       -1.5638e+01    (-1.8,-8.8,-10.0,-1.0)
150       -1.5799e+01    (-2.2,-8.8,-10.0,-1.0)
151       -1.5829e+01    (-2.2,-8.8,-10.0,-1.0)
152       -1.5874e+01    (-2.0,-8.8,-9.8,-0.8)
153       -1.5313e+01    (-1.8,-9.0,-10.0,-1.0)
154       -1.5048e+01    (-2.0,-8.2,-10.0,-1.0)
155       -1.5068e+01    (-2.0,-8.2,-10.0,-1.0)
156       -1.5188e+01    (-2.0,-8.2,-10.0,-1.0)
157       -1.4965e+01    (-1.8,-8.0,-10.0,-1.0)
158       -1.5015e+01    (-1.8,-8.0,-10.0,-1.0)
159       -1.5195e+01    (-1.8,-8.0,-10.0,-1.0)
160       -1.4549e+01    (-2.0,-8.0,-10.0,-1.0)
161       -1.4759e+01    (-2.0,-8.0,-10.0,-1.0)
162       -1.4924e+01    (-2.0,-7.8,-10.0,-1.0)
163       -1.4973e+01    (-2.0,-8.0,-10.0,-0.8)
164       -1.5010e+01    (-2.0,-8.0,-10.0,-1.2)
165       -1.4896e+01    (-2.0,-8.0,-9.8,-1.0)
166       -1.4906e+01    (-2.0,-8.0,-9.8,-1.0)
167       -1.4906e+01    (-2.0,-8.0,-9.8,-1.0)
168       -1.4916e+01    (-2.0,-8.0,-9.8,-1.0)
169       -1.4936e+01    (-2.0,-8.0,-9.8,-1.0)
170       -1.5076e+01    (-2.0,-8.0,-9.8,-1.0)
171       -1.5197e+01    (-2.0,-8.0,-9.8,-1.0)
172       -1.5200e+01    (-2.0,-7.8,-9.8,-1.0)
173       -1.5350e+01    (-1.8,-8.0,-10.0,-0.8)
174       -1.5360e+01    (-1.8,-8.0,-10.0,-0.8)
175       -1.5309e+01    (-2.0,-8.0,-9.8,-1.2)
176       -1.5284e+01    (-2.0,-8.0,-9.4,-1.0)
177       -1.5304e+01    (-2.0,-8.0,-9.4,-1.0)
178       -1.5314e+01    (-2.0,-8.0,-9.4,-1.0)
179       -1.5324e+01    (-2.0,-8.0,-9.4,-1.0)
180       -1.5289e+01    (-2.0,-7.8,-10.0,-0.8)
181       -1.5299e+01    (-2.0,-7.8,-10.0,-0.8)
182       -1.5329e+01    (-2.0,-7.8,-10.0,-0.8)
183       -1.5387e+01    (-2.2,-8.0,-9.8,-1.0)
184       -1.5417e+01    (-2.2,-8.0,-9.8,-1.0)
185       -1.5507e+01    (-2.2,-8.0,-9.8,-1.0)
186       -1.5438e+01    (-2.2,-8.0,-10.0,-1.0)
187       -1.5448e+01    (-2.2,-8.0,-10.0,-1.0)
188       -1.5466e+01    (-2.0,-7.8,-10.0,-1.2)
189       -1.5372e+01    (-2.0,-7.8,-10.2,-1.0)
190       -1.5338e+01    (-2.0,-7.4,-10.0,-1.0)
191       -1.5412e+01    (-2.0,-7.8,-10.2,-1.0)
192       -1.5348e+01    (-2.0,-7.4,-10.0,-1.0)
193       -1.5421e+01    (-1.8,-8.0,-10.2,-1.0)
194       -1.5431e+01    (-1.8,-8.0,-10.2,-1.0)
195       -1.5544e+01    (-2.2,-7.8,-10.0,-1.0)
196       -1.5311e+01    (-2.2,-7.2,-9.8,-1.0)
197       -1.5023e+01    (-2.2,-7.0,-10.0,-0.8)
198       -1.4938e+01    (-2.2,-7.0,-9.8,-1.0)
199       -1.4948e+01    (-2.2,-7.0,-9.8,-1.0)
200       -1.4669e+01    (-2.2,-7.0,-10.0,-1.0)
