# run = 20
ltot         F            S   
0         -1.7415e+01    (0.6,9.6,-4.4,9.4)
1         -1.7207e+01    (0.6,9.6,-4.4,9.2)
2         -1.7022e+01    (0.8,9.6,-4.4,9.2)
3         -1.6954e+01    (0.8,9.4,-4.4,9.2)
4         -1.7068e+01    (1.0,9.6,-4.2,-10.8)
5         -1.7038e+01    (0.8,9.6,-4.0,-10.8)
6         -1.7078e+01    (1.0,9.6,-4.2,-10.8)
7         -1.6981e+01    (0.8,9.8,-4.2,-10.8)
8         -1.6813e+01    (1.0,9.6,-4.0,-10.8)
9         -1.6871e+01    (0.8,9.6,-4.0,-11.0)
10        -1.6621e+01    (0.8,9.2,-4.2,-11.0)
11        -1.6641e+01    (0.8,9.2,-4.2,-11.0)
12        -1.6321e+01    (1.0,9.2,-4.2,-11.0)
13        -1.5903e+01    (1.0,9.0,-4.2,-11.0)
14        -1.5913e+01    (1.0,9.0,-4.2,-11.0)
15        -1.5933e+01    (1.0,9.0,-4.2,-11.0)
16        -1.5943e+01    (1.0,9.2,-4.0,-11.0)
17        -1.5447e+01    (1.0,9.0,-4.0,-11.0)
18        -1.5823e+01    (1.0,8.8,-4.0,-11.0)
19        -1.5883e+01    (1.0,8.8,-4.0,-11.0)
20        -1.5487e+01    (1.0,9.0,-4.0,-11.0)
21        -1.5577e+01    (1.0,9.0,-4.0,-11.0)
22        -1.5810e+01    (1.0,9.0,-4.0,-10.8)
23        -1.5820e+01    (1.0,9.0,-4.0,-10.8)
24        -1.5850e+01    (1.0,9.0,-4.0,-10.8)
25        -1.5900e+01    (1.0,9.0,-4.0,-10.8)
26        -1.5940e+01    (1.0,9.0,-4.0,-10.8)
27        -1.6020e+01    (1.0,9.0,-4.0,-10.8)
28        -1.6072e+01    (0.8,9.0,-4.0,-11.0)
29        -1.6116e+01    (1.0,8.8,-4.0,-10.8)
30        -1.6082e+01    (0.8,9.0,-4.0,-11.0)
31        -1.6102e+01    (0.8,9.0,-4.0,-11.0)
32        -1.6193e+01    (1.0,8.8,-4.0,-11.0)
33        -1.6112e+01    (0.8,9.0,-4.0,-11.0)
34        -1.6132e+01    (0.8,9.0,-4.0,-11.0)
35        -1.6181e+01    (1.0,8.8,-3.8,-11.0)
36        -1.5945e+01    (1.0,9.0,-4.0,-11.2)
37        -1.5945e+01    (1.0,9.0,-4.0,-11.2)
38        -1.5965e+01    (1.0,9.0,-4.0,-11.2)
39        -1.6255e+01    (1.2,9.0,-4.0,-11.0)
40        -1.6294e+01    (1.0,8.8,-4.0,-11.2)
41        -1.6333e+01    (1.0,9.0,-4.2,-11.2)
42        -1.6365e+01    (1.2,9.0,-4.0,-11.2)
43        -1.6375e+01    (1.2,9.0,-4.0,-11.2)
44        -1.6270e+01    (0.8,9.0,-4.2,-11.0)
45        -1.6521e+01    (1.2,9.0,-4.2,-10.8)
46        -1.6275e+01    (1.2,9.0,-4.0,-11.0)
47        -1.6305e+01    (1.2,9.0,-4.0,-11.0)
48        -1.6313e+01    (1.2,9.2,-4.0,-11.0)
49        -1.6323e+01    (1.2,9.2,-4.0,-11.0)
50        -1.6450e+01    (1.2,9.0,-4.0,-10.8)
51        -1.6233e+01    (1.0,9.2,-4.0,-11.0)
52        -1.6263e+01    (1.0,9.2,-4.0,-11.0)
53        -1.6283e+01    (1.0,9.2,-3.8,-11.0)
54        -1.6400e+01    (1.0,9.2,-4.0,-10.8)
55        -1.6420e+01    (1.0,9.2,-4.0,-10.8)
56        -1.6430e+01    (1.0,9.2,-4.0,-10.8)
57        -1.6554e+01    (1.0,9.0,-3.8,-11.0)
58        -1.6398e+01    (1.0,9.0,-3.6,-11.0)
59        -1.6191e+01    (1.0,8.8,-3.8,-11.0)
60        -1.6201e+01    (1.0,8.8,-3.8,-11.0)
61        -1.6333e+01    (1.2,9.0,-3.8,-11.0)
62        -1.6343e+01    (1.2,9.0,-3.8,-11.0)
63        -1.6466e+01    (1.0,8.8,-3.8,-10.8)
64        -1.6158e+01    (1.2,9.0,-3.2,-11.0)
65        -1.5788e+01    (1.0,9.0,-3.2,-11.0)
66        -1.5798e+01    (1.0,9.0,-3.2,-11.0)
67        -1.5775e+01    (1.2,9.0,-3.0,-11.0)
68        -1.5337e+01    (1.0,9.0,-3.0,-11.0)
69        -1.5347e+01    (1.0,9.0,-3.0,-11.0)
70        -1.5387e+01    (1.0,9.0,-3.0,-11.0)
71        -1.5447e+01    (1.0,9.0,-3.0,-11.0)
72        -1.5697e+01    (1.0,9.0,-3.0,-10.8)
73        -1.5848e+01    (1.0,9.0,-3.0,-11.2)
74        -1.5749e+01    (1.0,9.0,-2.8,-11.0)
75        -1.5720e+01    (1.0,8.8,-3.0,-11.0)
76        -1.5697e+01    (1.0,9.0,-3.0,-10.8)
77        -1.5707e+01    (1.0,9.0,-3.0,-10.8)
78        -1.5770e+01    (1.0,8.8,-3.0,-11.0)
79        -1.5780e+01    (1.0,8.8,-3.0,-11.0)
80        -1.5880e+01    (1.0,8.8,-3.0,-11.0)
81        -1.5990e+01    (1.0,8.8,-3.0,-11.0)
82        -1.6001e+01    (1.0,8.8,-3.0,-10.8)
83        -1.5707e+01    (1.0,9.0,-3.0,-10.8)
84        -1.5727e+01    (1.0,9.0,-3.0,-10.8)
85        -1.5737e+01    (1.0,9.0,-3.0,-10.8)
86        -1.5757e+01    (1.0,9.0,-3.0,-10.8)
87        -1.5877e+01    (1.0,9.0,-3.0,-10.8)
88        -1.6117e+01    (1.2,9.0,-3.0,-10.8)
89        -1.6112e+01    (1.0,9.0,-3.0,-10.4)
90        -1.6139e+01    (1.0,9.2,-3.0,-10.8)
91        -1.6340e+01    (1.0,9.0,-3.2,-10.8)
92        -1.6340e+01    (0.8,8.8,-3.0,-10.8)
93        -1.6145e+01    (0.8,9.0,-3.2,-11.0)
94        -1.6195e+01    (0.8,9.0,-3.2,-11.0)
95        -1.5938e+01    (1.0,9.0,-3.2,-11.0)
96        -1.6168e+01    (1.0,9.0,-3.2,-11.0)
97        -1.6220e+01    (1.0,9.0,-3.2,-11.2)
98        -1.6303e+01    (1.0,8.8,-3.2,-11.0)
99        -1.6191e+01    (1.0,9.0,-2.8,-10.8)
100       -1.6211e+01    (1.0,9.0,-2.8,-10.8)
101       -1.6339e+01    (1.0,9.0,-2.8,-11.0)
102       -1.6366e+01    (1.0,9.0,-2.8,-10.4)
103       -1.6180e+01    (1.0,9.2,-2.8,-11.0)
104       -1.5825e+01    (1.0,9.0,-2.8,-10.2)
105       -1.6123e+01    (0.8,9.0,-2.8,-10.2)
106       -1.5936e+01    (1.0,9.2,-3.0,-11.0)
107       -1.5853e+01    (1.2,9.0,-3.0,-10.2)
108       -1.5846e+01    (1.2,9.2,-3.0,-10.0)
109       -1.5418e+01    (1.2,9.0,-3.0,-10.0)
110       -1.4979e+01    (1.0,9.0,-3.0,-10.0)
111       -1.5019e+01    (1.0,9.0,-3.0,-10.0)
112       -1.5239e+01    (1.0,9.0,-3.0,-10.0)
113       -1.5357e+01    (1.0,9.0,-3.0,-9.8)
114       -1.5367e+01    (1.0,9.0,-3.0,-9.8)
115       -1.5377e+01    (1.0,9.0,-3.0,-9.8)
116       -1.5397e+01    (1.0,9.0,-3.0,-9.8)
117       -1.5647e+01    (1.0,9.0,-3.0,-9.8)
118       -1.5696e+01    (1.0,8.8,-2.8,-10.0)
119       -1.5568e+01    (1.2,9.0,-3.0,-10.0)
120       -1.5713e+01    (0.8,9.0,-3.0,-9.8)
121       -1.5578e+01    (1.2,9.0,-3.0,-10.0)
122       -1.5608e+01    (1.2,9.0,-3.0,-10.0)
123       -1.5485e+01    (1.0,9.2,-3.0,-10.0)
124       -1.5535e+01    (1.0,9.2,-3.0,-10.0)
125       -1.5704e+01    (1.0,8.8,-3.0,-10.0)
126       -1.5633e+01    (1.0,8.8,-3.0,-9.8)
127       -1.5633e+01    (1.0,8.8,-3.0,-9.8)
128       -1.5653e+01    (1.0,8.8,-3.0,-9.8)
129       -1.5423e+01    (0.8,9.0,-3.0,-10.0)
130       -1.5433e+01    (0.8,9.0,-3.0,-10.0)
131       -1.5453e+01    (0.8,9.0,-3.0,-10.0)
132       -1.5463e+01    (0.8,9.0,-3.0,-10.0)
133       -1.5493e+01    (0.8,9.0,-3.0,-10.0)
134       -1.5513e+01    (0.8,9.0,-3.0,-10.0)
135       -1.5583e+01    (0.8,9.0,-3.0,-10.0)
136       -1.5623e+01    (0.8,9.0,-3.0,-10.0)
137       -1.5743e+01    (0.8,9.0,-3.0,-10.0)
138       -1.5733e+01    (0.8,9.0,-3.0,-9.8)
139       -1.5743e+01    (0.8,9.0,-3.0,-9.8)
140       -1.5793e+01    (0.8,9.0,-3.0,-9.8)
141       -1.5833e+01    (0.8,9.0,-3.0,-9.8)
142       -1.5883e+01    (0.8,9.0,-3.0,-9.8)
143       -1.5797e+01    (1.0,9.2,-3.0,-9.8)
144       -1.5817e+01    (1.0,9.2,-3.0,-9.8)
145       -1.5941e+01    (0.8,8.8,-3.0,-9.8)
146       -1.5951e+01    (0.8,8.8,-3.0,-9.8)
147       -1.6081e+01    (0.8,8.8,-3.0,-9.8)
148       -1.6100e+01    (1.2,9.2,-3.0,-9.8)
149       -1.6104e+01    (0.8,8.6,-3.0,-10.0)
150       -1.6178e+01    (1.0,9.0,-2.8,-9.8)
151       -1.6188e+01    (1.0,9.0,-2.8,-9.8)
152       -1.6035e+01    (1.0,8.6,-3.0,-9.8)
153       -1.5837e+01    (1.0,8.6,-3.0,-10.0)
154       -1.5733e+01    (1.0,8.8,-3.0,-9.8)
155       -1.5790e+01    (1.0,8.8,-3.2,-10.0)
156       -1.5746e+01    (1.0,8.8,-2.8,-10.0)
157       -1.5776e+01    (1.0,8.8,-2.8,-10.0)
158       -1.5850e+01    (1.0,8.8,-3.2,-10.0)
159       -1.5771e+01    (1.0,8.4,-3.0,-10.0)
160       -1.5781e+01    (1.0,8.4,-3.0,-10.0)
161       -1.5781e+01    (1.0,8.4,-3.0,-10.0)
162       -1.5850e+01    (1.2,9.0,-2.8,-10.0)
163       -1.6056e+01    (1.0,8.8,-2.8,-9.8)
164       -1.6089e+01    (1.0,8.6,-2.8,-10.0)
165       -1.6109e+01    (1.0,8.6,-2.8,-10.0)
166       -1.6023e+01    (1.0,8.4,-2.8,-10.0)
167       -1.6086e+01    (1.0,8.8,-2.8,-10.2)
168       -1.6116e+01    (1.0,8.8,-2.4,-10.0)
169       -1.5908e+01    (1.0,9.0,-2.4,-10.0)
170       -1.6221e+01    (1.2,8.8,-2.8,-9.8)
171       -1.6119e+01    (1.0,8.8,-3.2,-10.2)
172       -1.5947e+01    (1.0,9.0,-3.2,-10.2)
173       -1.5823e+01    (1.2,9.0,-3.2,-10.0)
174       -1.5943e+01    (1.2,8.8,-2.2,-10.0)
175       -1.6024e+01    (1.0,9.0,-3.4,-10.0)
176       -1.5843e+01    (1.2,9.0,-3.2,-10.0)
177       -1.5900e+01    (1.0,9.2,-3.2,-10.0)
178       -1.5910e+01    (1.0,9.2,-3.2,-10.0)
179       -1.6064e+01    (1.2,8.8,-3.2,-10.0)
180       -1.5920e+01    (1.0,9.2,-3.2,-10.0)
181       -1.6006e+01    (1.2,9.2,-3.0,-10.0)
182       -1.6016e+01    (1.2,9.2,-3.0,-10.0)
183       -1.6033e+01    (1.0,9.0,-3.2,-9.8)
184       -1.6063e+01    (1.0,9.0,-3.2,-9.8)
185       -1.6062e+01    (1.0,8.8,-3.2,-9.8)
186       -1.6082e+01    (1.0,8.8,-3.2,-9.8)
187       -1.6112e+01    (1.0,8.8,-3.2,-9.8)
188       -1.6130e+01    (1.0,9.0,-3.2,-9.6)
189       -1.6139e+01    (1.0,9.0,-3.2,-9.6)
190       -1.6216e+01    (1.2,9.0,-3.2,-9.8)
191       -1.5841e+01    (1.0,9.0,-3.0,-9.6)
192       -1.5851e+01    (1.0,9.0,-3.0,-9.6)
193       -1.5722e+01    (1.2,8.8,-3.0,-9.2)
194       -1.5407e+01    (1.0,8.8,-3.0,-9.2)
195       -1.5407e+01    (1.0,8.8,-3.0,-9.2)
196       -1.5488e+01    (1.2,9.0,-3.0,-9.2)
197       -1.5358e+01    (1.0,8.8,-3.2,-9.0)
198       -1.5351e+01    (1.2,8.8,-3.0,-9.0)
199       -1.5052e+01    (1.2,9.0,-3.0,-9.0)
200       -1.4979e+01    (1.0,8.8,-3.0,-9.0)
