# run = 18
ltot         F            S   
0         -1.6227e+01    (-3.8,8.6,-5.6,5.4)
1         -1.5782e+01    (0.8,8.4,-5.6,5.4)
2         -1.5773e+01    (1.0,8.6,-5.6,5.4)
3         -1.5815e+01    (0.8,8.6,-5.4,5.4)
4         -1.5749e+01    (0.6,8.6,-5.2,5.4)
5         -1.5759e+01    (0.6,8.6,-5.2,5.4)
6         -1.5652e+01    (0.6,8.4,-5.2,5.4)
7         -1.5507e+01    (-3.8,8.2,-5.2,5.4)
8         -1.5401e+01    (0.6,8.4,-5.2,5.2)
9         -1.5366e+01    (0.6,8.2,-5.2,5.4)
10        -1.5158e+01    (0.6,8.2,-5.0,5.4)
11        -1.5119e+01    (-3.8,8.2,-5.2,5.2)
12        -1.4885e+01    (0.6,8.0,-5.0,5.4)
13        -1.4464e+01    (0.6,8.0,-5.0,5.2)
14        -1.4464e+01    (0.6,8.0,-5.0,5.2)
15        -1.4003e+01    (0.8,8.0,-5.0,5.2)
16        -1.4073e+01    (0.8,8.0,-5.0,5.2)
17        -1.3576e+01    (0.8,8.0,-5.0,5.0)
18        -1.3652e+01    (1.0,8.0,-5.0,5.2)
19        -1.3722e+01    (1.0,8.0,-5.0,5.2)
20        -1.3156e+01    (1.0,8.0,-5.0,5.0)
21        -1.3166e+01    (1.0,8.0,-5.0,5.0)
22        -1.3406e+01    (1.0,8.0,-5.0,5.0)
23        -1.3534e+01    (1.0,8.0,-4.8,5.0)
24        -1.3495e+01    (1.0,7.8,-5.0,5.0)
25        -1.3525e+01    (1.0,7.8,-5.0,5.0)
26        -1.3584e+01    (1.0,8.0,-5.0,4.8)
27        -1.3624e+01    (1.0,8.0,-4.8,5.0)
28        -1.3754e+01    (1.0,8.0,-5.0,4.8)
29        -1.3736e+01    (0.8,8.0,-5.0,5.0)
30        -1.3756e+01    (0.8,8.0,-5.0,5.0)
31        -1.3834e+01    (1.0,8.0,-5.0,4.8)
32        -1.3813e+01    (1.0,7.8,-4.8,5.0)
33        -1.3823e+01    (1.0,7.8,-4.8,5.0)
34        -1.3901e+01    (1.2,8.0,-4.8,5.0)
35        -1.3944e+01    (1.0,7.8,-5.0,5.2)
36        -1.3901e+01    (1.2,8.0,-4.8,5.0)
37        -1.3822e+01    (1.0,8.0,-5.2,5.0)
38        -1.3934e+01    (1.0,7.8,-5.2,5.0)
39        -1.4001e+01    (1.2,8.0,-4.8,5.0)
40        -1.3694e+01    (1.0,8.0,-4.8,5.0)
41        -1.3823e+01    (1.0,8.0,-4.8,4.8)
42        -1.3833e+01    (1.0,8.0,-4.8,4.8)
43        -1.3833e+01    (1.0,8.0,-4.8,4.8)
44        -1.3903e+01    (1.0,8.0,-4.8,4.8)
45        -1.3963e+01    (1.0,8.0,-4.8,4.8)
46        -1.4156e+01    (1.0,7.8,-4.8,5.2)
47        -1.4076e+01    (0.8,7.8,-4.8,5.0)
48        -1.3843e+01    (1.0,7.8,-4.8,5.0)
49        -1.3776e+01    (0.8,8.0,-5.0,5.0)
50        -1.3796e+01    (0.8,8.0,-5.0,5.0)
51        -1.3866e+01    (0.8,8.0,-5.0,5.0)
52        -1.3719e+01    (1.0,8.2,-5.0,5.0)
53        -1.3856e+01    (0.8,7.8,-5.0,5.0)
54        -1.3876e+01    (0.8,7.8,-5.0,5.0)
55        -1.3946e+01    (0.8,7.8,-5.0,5.0)
56        -1.4128e+01    (1.0,8.0,-5.2,5.2)
57        -1.4099e+01    (0.8,7.4,-5.0,5.0)
58        -1.3950e+01    (1.0,7.6,-5.0,5.0)
59        -1.4030e+01    (1.0,7.6,-5.0,5.0)
60        -1.4100e+01    (1.0,7.6,-5.0,5.0)
61        -1.3837e+01    (1.0,7.4,-5.0,5.0)
62        -1.3527e+01    (0.8,7.2,-5.0,5.0)
63        -1.4043e+01    (1.0,7.4,-5.0,4.8)
64        -1.3177e+01    (1.0,7.2,-5.0,5.0)
65        -1.3337e+01    (1.0,7.2,-5.0,5.0)
66        -1.2652e+01    (1.0,7.0,-5.0,5.0)
67        -1.2892e+01    (1.0,7.0,-5.0,5.0)
68        -1.3001e+01    (1.0,7.0,-5.0,4.8)
69        -1.3011e+01    (1.0,7.0,-5.0,4.8)
70        -1.2971e+01    (1.0,6.8,-5.0,5.0)
71        -1.3041e+01    (1.0,6.8,-5.0,5.0)
72        -1.3121e+01    (1.0,6.8,-5.0,5.0)
73        -1.3151e+01    (1.0,6.8,-5.0,5.0)
74        -1.3148e+01    (1.0,7.0,-5.0,5.2)
75        -1.3158e+01    (1.0,7.0,-5.0,5.2)
76        -1.3269e+01    (1.0,6.8,-5.0,4.8)
77        -1.3309e+01    (1.0,6.8,-5.0,4.8)
78        -1.3330e+01    (0.8,6.8,-5.0,5.0)
79        -1.3340e+01    (0.8,6.8,-5.0,5.0)
80        -1.3559e+01    (1.0,6.8,-4.8,5.0)
81        -1.3329e+01    (1.0,7.0,-4.8,4.8)
82        -1.3389e+01    (1.0,7.0,-4.8,4.8)
83        -1.3218e+01    (1.0,7.0,-5.0,5.2)
84        -1.3498e+01    (1.0,7.0,-5.0,5.2)
85        -1.3537e+01    (1.0,7.0,-4.6,5.0)
86        -1.3607e+01    (1.2,7.0,-5.0,5.2)
87        -1.3218e+01    (1.0,7.0,-5.2,5.0)
88        -1.3298e+01    (1.0,7.0,-5.2,5.0)
89        -1.3598e+01    (1.0,7.0,-5.2,5.0)
90        -1.3498e+01    (0.8,7.0,-5.2,5.0)
91        -1.3508e+01    (0.8,7.0,-5.2,5.0)
92        -1.3642e+01    (1.0,6.8,-5.2,4.8)
93        -1.3508e+01    (0.8,7.0,-5.2,5.0)
94        -1.3682e+01    (1.0,6.8,-5.2,4.8)
95        -1.3702e+01    (0.8,6.8,-5.2,5.0)
96        -1.3791e+01    (1.2,7.0,-5.2,4.8)
97        -1.3350e+01    (0.8,6.8,-5.0,5.0)
98        -1.3360e+01    (0.8,6.8,-5.0,5.0)
99        -1.3380e+01    (0.8,6.8,-5.0,5.0)
100       -1.3060e+01    (0.8,7.0,-5.0,5.0)
101       -1.3060e+01    (0.8,7.0,-5.0,5.0)
102       -1.3070e+01    (0.8,7.0,-5.0,5.0)
103       -1.3100e+01    (0.8,7.0,-5.0,5.0)
104       -1.3170e+01    (0.8,7.0,-5.0,5.0)
105       -1.3360e+01    (0.8,7.0,-5.0,4.8)
106       -1.3370e+01    (0.8,7.0,-5.0,4.8)
107       -1.3400e+01    (0.8,7.0,-5.0,4.8)
108       -1.3431e+01    (1.0,7.0,-5.0,4.8)
109       -1.3441e+01    (1.0,7.0,-5.0,4.8)
110       -1.3491e+01    (1.0,7.0,-5.0,4.8)
111       -1.3479e+01    (1.0,7.2,-5.0,4.8)
112       -1.3439e+01    (1.0,7.0,-5.2,4.8)
113       -1.3489e+01    (1.0,7.0,-5.2,4.8)
114       -1.3509e+01    (1.0,7.0,-5.2,4.8)
115       -1.3529e+01    (1.0,7.0,-5.2,4.8)
116       -1.3615e+01    (1.0,7.0,-4.8,4.4)
117       -1.3621e+01    (1.2,7.0,-4.8,4.8)
118       -1.3615e+01    (1.2,7.2,-5.0,5.0)
119       -1.3625e+01    (1.2,7.2,-5.0,5.0)
120       -1.3705e+01    (1.0,7.0,-4.8,4.4)
121       -1.3661e+01    (1.2,6.8,-5.0,4.8)
122       -1.3908e+01    (1.0,7.2,-5.2,4.8)
123       -1.3547e+01    (0.8,7.2,-5.0,5.0)
124       -1.3567e+01    (0.8,7.2,-5.0,5.0)
125       -1.3587e+01    (0.8,7.2,-5.0,5.0)
126       -1.3607e+01    (0.8,7.2,-5.0,5.0)
127       -1.3618e+01    (0.6,7.0,-5.0,5.0)
128       -1.3560e+01    (0.8,6.8,-4.8,5.0)
129       -1.3700e+01    (0.8,6.8,-4.8,5.0)
130       -1.3690e+01    (0.8,6.8,-5.0,4.8)
131       -1.3686e+01    (0.8,6.6,-5.0,5.0)
132       -1.3696e+01    (0.8,6.6,-5.0,5.0)
133       -1.3599e+01    (1.0,7.2,-4.8,5.0)
134       -1.3629e+01    (1.0,7.2,-4.8,5.0)
135       -1.3702e+01    (1.0,7.2,-4.8,4.8)
136       -1.3734e+01    (0.8,6.4,-4.8,5.0)
137       -1.3655e+01    (1.0,6.8,-4.6,5.0)
138       -1.3754e+01    (0.8,6.4,-4.8,5.0)
139       -1.3235e+01    (0.8,6.2,-4.8,5.0)
140       -1.2945e+01    (1.0,6.2,-4.8,5.0)
141       -1.2663e+01    (1.0,6.2,-5.0,5.0)
142       -1.2130e+01    (1.0,6.0,-5.0,5.0)
143       -1.2140e+01    (1.0,6.0,-5.0,5.0)
144       -1.2181e+01    (1.0,6.0,-5.0,5.0)
145       -1.2210e+01    (1.0,6.0,-5.0,5.0)
146       -1.2230e+01    (1.0,6.0,-5.0,5.0)
147       -1.2431e+01    (1.0,6.0,-5.0,5.0)
148       -1.2471e+01    (1.0,5.8,-5.0,5.0)
149       -1.2501e+01    (1.0,5.8,-5.0,5.0)
150       -1.2590e+01    (1.2,6.0,-5.0,5.0)
151       -1.2617e+01    (0.8,6.0,-5.0,5.0)
152       -1.2758e+01    (1.0,5.8,-4.8,5.0)
153       -1.2518e+01    (1.0,6.0,-5.0,4.8)
154       -1.2538e+01    (1.0,6.0,-5.0,4.8)
155       -1.2548e+01    (1.0,6.0,-5.0,4.8)
156       -1.2880e+01    (1.2,6.0,-4.8,5.0)
157       -1.2755e+01    (1.0,6.0,-4.8,4.8)
158       -1.2765e+01    (1.0,6.0,-4.8,4.8)
159       -1.2600e+01    (1.2,6.0,-5.0,5.0)
160       -1.2620e+01    (1.2,6.0,-5.0,5.0)
161       -1.2650e+01    (1.2,6.0,-5.0,5.0)
162       -1.2680e+01    (1.2,6.0,-5.0,5.0)
163       -1.2950e+01    (1.2,6.0,-5.0,5.0)
164       -1.2578e+01    (1.0,6.0,-5.0,4.8)
165       -1.2598e+01    (1.0,6.0,-5.0,4.8)
166       -1.2636e+01    (0.8,6.0,-5.0,5.0)
167       -1.2646e+01    (0.8,6.0,-5.0,5.0)
168       -1.2825e+01    (0.8,6.0,-5.0,4.8)
169       -1.2825e+01    (0.8,6.0,-5.0,4.8)
170       -1.2657e+01    (1.0,6.0,-5.2,5.0)
171       -1.2510e+01    (1.0,6.0,-4.8,4.2)
172       -1.2238e+01    (1.0,6.0,-5.0,4.2)
173       -1.2248e+01    (1.0,6.0,-5.0,4.2)
174       -1.1741e+01    (1.0,6.0,-5.0,4.0)
175       -1.1971e+01    (1.0,6.0,-5.0,4.0)
176       -1.2060e+01    (1.0,5.8,-5.0,4.0)
177       -1.2098e+01    (1.0,6.0,-5.0,3.8)
178       -1.2170e+01    (1.0,5.8,-5.0,4.0)
179       -1.2180e+01    (1.0,5.8,-5.0,4.0)
180       -1.2190e+01    (1.0,5.8,-5.0,4.0)
181       -1.2200e+01    (1.0,5.8,-5.0,4.0)
182       -1.2260e+01    (1.0,5.8,-5.0,4.0)
183       -1.2320e+01    (1.0,5.8,-5.0,4.0)
184       -1.2192e+01    (1.2,6.0,-5.0,4.0)
185       -1.2444e+01    (1.2,5.8,-5.0,4.0)
186       -1.2347e+01    (1.0,5.8,-5.0,3.8)
187       -1.2155e+01    (0.8,6.0,-5.0,4.0)
188       -1.2165e+01    (0.8,6.0,-5.0,4.0)
189       -1.2397e+01    (1.0,5.8,-5.0,3.8)
190       -1.2447e+01    (1.0,5.8,-5.0,3.8)
191       -1.2108e+01    (1.0,6.0,-5.0,3.8)
192       -1.2368e+01    (1.0,6.0,-5.0,3.8)
193       -1.2547e+01    (1.0,5.8,-5.0,3.8)
194       -1.2434e+01    (0.8,6.0,-5.0,3.8)
195       -1.2564e+01    (1.0,5.8,-4.8,3.8)
196       -1.2294e+01    (1.0,6.2,-5.0,4.0)
197       -1.2605e+01    (1.0,6.0,-5.0,3.6)
198       -1.2625e+01    (1.0,6.0,-5.0,3.6)
199       -1.2125e+01    (1.0,5.8,-5.0,3.2)
200       -1.1882e+01    (1.0,6.0,-5.0,3.2)
