# run = 19
ltot         F            S   
0         -4.3154e+01    (372.0,94.0,-135.0,63.0)
1         -4.2473e+01    (371.0,94.0,-135.0,63.0)
2         -4.2350e+01    (371.0,93.0,-135.0,63.0)
3         -4.2256e+01    (371.0,93.0,-136.0,63.0)
4         -4.2264e+01    (370.0,93.0,-136.0,63.0)
5         -4.2293e+01    (370.0,93.0,-136.0,62.0)
6         -4.2301e+01    (371.0,93.0,-136.0,62.0)
7         -4.2382e+01    (371.0,93.0,-135.0,62.0)
8         -4.2343e+01    (370.0,93.0,-135.0,62.0)
9         -4.2324e+01    (370.0,93.0,-135.0,63.0)
10        -4.2432e+01    (370.0,94.0,-135.0,63.0)
11        -4.2384e+01    (370.0,94.0,-136.0,63.0)
12        -4.2396e+01    (371.0,94.0,-136.0,63.0)
13        -4.2433e+01    (371.0,94.0,-136.0,62.0)
14        -4.2407e+01    (370.0,94.0,-136.0,62.0)
15        -4.2446e+01    (370.0,94.0,-135.0,62.0)
16        -4.2499e+01    (371.0,94.0,-135.0,62.0)
17        -4.2681e+01    (371.0,94.0,-135.0,61.0)
18        -4.2584e+01    (370.0,94.0,-135.0,61.0)
19        -4.2500e+01    (370.0,93.0,-135.0,61.0)
20        -4.2489e+01    (370.0,93.0,-136.0,61.0)
21        -4.2557e+01    (371.0,93.0,-136.0,61.0)
22        -4.2588e+01    (371.0,93.0,-135.0,61.0)
23        -4.2721e+01    (371.0,92.0,-135.0,61.0)
24        -4.2596e+01    (370.0,92.0,-135.0,61.0)
25        -4.2510e+01    (370.0,92.0,-135.0,62.0)
26        -4.2505e+01    (370.0,92.0,-136.0,62.0)
27        -4.2498e+01    (370.0,92.0,-136.0,63.0)
28        -4.2510e+01    (370.0,92.0,-135.0,63.0)
29        -4.2597e+01    (371.0,92.0,-135.0,63.0)
30        -4.2564e+01    (371.0,92.0,-136.0,63.0)
31        -4.2580e+01    (371.0,92.0,-136.0,62.0)
32        -4.2605e+01    (371.0,92.0,-135.0,62.0)
33        -4.2772e+01    (371.0,92.0,-134.0,62.0)
34        -4.2629e+01    (370.0,92.0,-134.0,62.0)
35        -4.2575e+01    (370.0,93.0,-134.0,62.0)
36        -4.2583e+01    (370.0,93.0,-134.0,63.0)
37        -4.2645e+01    (370.0,92.0,-134.0,63.0)
38        -4.2669e+01    (369.0,92.0,-134.0,63.0)
39        -4.2556e+01    (369.0,92.0,-133.0,63.0)
40        -4.2288e+01    (368.0,92.0,-133.0,63.0)
41        -4.1943e+01    (368.0,92.0,-132.0,63.0)
42        -4.1721e+01    (368.0,92.0,-131.0,63.0)
43        -4.1441e+01    (368.0,93.0,-131.0,63.0)
44        -4.1318e+01    (367.0,93.0,-131.0,63.0)
45        -4.1278e+01    (367.0,93.0,-130.0,63.0)
46        -4.1310e+01    (367.0,93.0,-130.0,62.0)
47        -4.1352e+01    (367.0,93.0,-131.0,62.0)
48        -4.1472e+01    (367.0,94.0,-131.0,62.0)
49        -4.1427e+01    (367.0,94.0,-130.0,62.0)
50        -4.1401e+01    (367.0,94.0,-130.0,63.0)
51        -4.1444e+01    (367.0,94.0,-131.0,63.0)
52        -4.1573e+01    (368.0,94.0,-131.0,63.0)
53        -4.1533e+01    (368.0,94.0,-130.0,63.0)
54        -4.1403e+01    (368.0,93.0,-130.0,63.0)
55        -4.1440e+01    (368.0,93.0,-130.0,62.0)
56        -4.1480e+01    (368.0,93.0,-131.0,62.0)
57        -4.1606e+01    (368.0,94.0,-131.0,62.0)
58        -4.1563e+01    (368.0,94.0,-130.0,62.0)
59        -4.1744e+01    (368.0,94.0,-129.0,62.0)
60        -4.1591e+01    (367.0,94.0,-129.0,62.0)
61        -4.1499e+01    (367.0,93.0,-129.0,62.0)
62        -4.1489e+01    (367.0,93.0,-129.0,63.0)
63        -4.1585e+01    (367.0,94.0,-129.0,63.0)
64        -4.1690e+01    (367.0,94.0,-129.0,64.0)
65        -4.1547e+01    (367.0,94.0,-130.0,64.0)
66        -4.1435e+01    (367.0,93.0,-130.0,64.0)
67        -4.1480e+01    (367.0,93.0,-131.0,64.0)
68        -4.1593e+01    (367.0,94.0,-131.0,64.0)
69        -4.1731e+01    (368.0,94.0,-131.0,64.0)
70        -4.1613e+01    (368.0,93.0,-131.0,64.0)
71        -4.1570e+01    (368.0,93.0,-130.0,64.0)
72        -4.1687e+01    (368.0,94.0,-130.0,64.0)
73        -4.1846e+01    (368.0,94.0,-129.0,64.0)
74        -4.1735e+01    (368.0,94.0,-129.0,63.0)
75        -4.1635e+01    (368.0,93.0,-129.0,63.0)
76        -4.1648e+01    (368.0,93.0,-129.0,62.0)
77        -4.1782e+01    (368.0,93.0,-129.0,61.0)
78        -4.1621e+01    (367.0,93.0,-129.0,61.0)
79        -4.1517e+01    (367.0,93.0,-130.0,61.0)
80        -4.1566e+01    (367.0,93.0,-131.0,61.0)
81        -4.1662e+01    (367.0,94.0,-131.0,61.0)
82        -4.1610e+01    (367.0,94.0,-130.0,61.0)
83        -4.1698e+01    (367.0,94.0,-129.0,61.0)
84        -4.1787e+01    (366.0,94.0,-129.0,61.0)
85        -4.1724e+01    (366.0,94.0,-128.0,61.0)
86        -4.1575e+01    (365.0,94.0,-128.0,61.0)
87        -4.1261e+01    (365.0,94.0,-127.0,61.0)
88        -4.1017e+01    (365.0,94.0,-126.0,61.0)
89        -4.0801e+01    (364.0,94.0,-126.0,61.0)
90        -4.0616e+01    (364.0,94.0,-126.0,62.0)
91        -4.0469e+01    (364.0,94.0,-125.0,62.0)
92        -4.0342e+01    (364.0,93.0,-125.0,62.0)
93        -4.0301e+01    (364.0,93.0,-125.0,63.0)
94        -4.0424e+01    (364.0,93.0,-124.0,63.0)
95        -4.0450e+01    (364.0,93.0,-124.0,62.0)
96        -4.0561e+01    (364.0,94.0,-124.0,62.0)
97        -4.0541e+01    (364.0,94.0,-124.0,63.0)
98        -4.0435e+01    (364.0,94.0,-125.0,63.0)
99        -4.0589e+01    (364.0,94.0,-126.0,63.0)
100       -4.0464e+01    (364.0,93.0,-126.0,63.0)
101       -4.0497e+01    (364.0,93.0,-126.0,62.0)
102       -4.0707e+01    (364.0,93.0,-126.0,61.0)
103       -4.0582e+01    (364.0,93.0,-125.0,61.0)
104       -4.0634e+01    (364.0,93.0,-124.0,61.0)
105       -4.0723e+01    (364.0,94.0,-124.0,61.0)
106       -4.0683e+01    (364.0,94.0,-125.0,61.0)
107       -4.0904e+01    (365.0,94.0,-125.0,61.0)
108       -4.0710e+01    (365.0,94.0,-125.0,62.0)
109       -4.0588e+01    (365.0,93.0,-125.0,62.0)
110       -4.0553e+01    (365.0,93.0,-125.0,63.0)
111       -4.0662e+01    (365.0,93.0,-124.0,63.0)
112       -4.0683e+01    (365.0,93.0,-124.0,62.0)
113       -4.0789e+01    (365.0,94.0,-124.0,62.0)
114       -4.0773e+01    (365.0,94.0,-124.0,63.0)
115       -4.0681e+01    (365.0,94.0,-125.0,63.0)
116       -4.0827e+01    (365.0,94.0,-126.0,63.0)
117       -4.0708e+01    (365.0,93.0,-126.0,63.0)
118       -4.0736e+01    (365.0,93.0,-126.0,62.0)
119       -4.0849e+01    (365.0,94.0,-126.0,62.0)
120       -4.1182e+01    (365.0,94.0,-127.0,62.0)
121       -4.0972e+01    (364.0,94.0,-127.0,62.0)
122       -4.0886e+01    (364.0,93.0,-127.0,62.0)
123       -4.0882e+01    (364.0,93.0,-127.0,63.0)
124       -4.0972e+01    (364.0,94.0,-127.0,63.0)
125       -4.1066e+01    (364.0,94.0,-127.0,64.0)
126       -4.0736e+01    (364.0,94.0,-126.0,64.0)
127       -4.0597e+01    (364.0,94.0,-125.0,64.0)
128       -4.0476e+01    (364.0,93.0,-125.0,64.0)
129       -4.0570e+01    (364.0,93.0,-124.0,64.0)
130       -4.0675e+01    (364.0,94.0,-124.0,64.0)
131       -4.0898e+01    (365.0,94.0,-124.0,64.0)
132       -4.0798e+01    (365.0,93.0,-124.0,64.0)
133       -4.0717e+01    (365.0,93.0,-125.0,64.0)
134       -4.0832e+01    (365.0,94.0,-125.0,64.0)
135       -4.0965e+01    (365.0,94.0,-126.0,64.0)
136       -4.0858e+01    (365.0,93.0,-126.0,64.0)
137       -4.0623e+01    (364.0,93.0,-126.0,64.0)
138       -4.0826e+01    (364.0,92.0,-126.0,64.0)
139       -4.0711e+01    (364.0,92.0,-125.0,64.0)
140       -4.0590e+01    (364.0,92.0,-125.0,63.0)
141       -4.0604e+01    (364.0,92.0,-125.0,62.0)
142       -4.0648e+01    (364.0,92.0,-124.0,62.0)
143       -4.0643e+01    (364.0,92.0,-124.0,63.0)
144       -4.0745e+01    (364.0,92.0,-124.0,64.0)
145       -4.0868e+01    (363.0,92.0,-124.0,64.0)
146       -4.0825e+01    (363.0,92.0,-124.0,63.0)
147       -4.0800e+01    (363.0,92.0,-124.0,62.0)
148       -4.0776e+01    (363.0,92.0,-123.0,62.0)
149       -4.0753e+01    (363.0,92.0,-123.0,61.0)
150       -4.0679e+01    (362.0,92.0,-123.0,61.0)
151       -4.0460e+01    (362.0,92.0,-122.0,61.0)
152       -4.0260e+01    (361.0,92.0,-122.0,61.0)
153       -4.0026e+01    (361.0,92.0,-121.0,61.0)
154       -3.9877e+01    (361.0,92.0,-120.0,61.0)
155       -3.9709e+01    (361.0,93.0,-120.0,61.0)
156       -3.9457e+01    (361.0,93.0,-120.0,62.0)
157       -3.9413e+01    (361.0,93.0,-120.0,63.0)
158       -3.9417e+01    (361.0,93.0,-119.0,63.0)
159       -3.9456e+01    (361.0,93.0,-119.0,62.0)
160       -3.9582e+01    (361.0,94.0,-119.0,62.0)
161       -3.9550e+01    (361.0,94.0,-119.0,63.0)
162       -3.9551e+01    (361.0,94.0,-120.0,63.0)
163       -3.9588e+01    (361.0,94.0,-120.0,62.0)
164       -3.9812e+01    (361.0,94.0,-120.0,61.0)
165       -3.9788e+01    (361.0,94.0,-119.0,61.0)
166       -3.9689e+01    (361.0,93.0,-119.0,61.0)
167       -3.9839e+01    (361.0,93.0,-118.0,61.0)
168       -3.9712e+01    (361.0,93.0,-118.0,62.0)
169       -3.9701e+01    (361.0,93.0,-118.0,63.0)
170       -3.9799e+01    (361.0,94.0,-118.0,63.0)
171       -3.9806e+01    (361.0,94.0,-118.0,62.0)
172       -3.9917e+01    (361.0,94.0,-118.0,61.0)
173       -3.9937e+01    (360.0,94.0,-118.0,61.0)
174       -3.9880e+01    (360.0,93.0,-118.0,61.0)
175       -3.9865e+01    (360.0,93.0,-118.0,62.0)
176       -3.9831e+01    (360.0,93.0,-119.0,62.0)
177       -3.9841e+01    (360.0,93.0,-119.0,63.0)
178       -3.9882e+01    (360.0,93.0,-120.0,63.0)
179       -3.9873e+01    (360.0,93.0,-120.0,62.0)
180       -3.9922e+01    (360.0,92.0,-120.0,62.0)
181       -3.9732e+01    (361.0,92.0,-120.0,62.0)
182       -3.9709e+01    (361.0,92.0,-119.0,62.0)
183       -3.9697e+01    (361.0,92.0,-119.0,63.0)
184       -3.9717e+01    (361.0,92.0,-120.0,63.0)
185       -3.9842e+01    (361.0,92.0,-120.0,64.0)
186       -3.9594e+01    (361.0,93.0,-120.0,64.0)
187       -3.9589e+01    (361.0,93.0,-119.0,64.0)
188       -3.9707e+01    (361.0,94.0,-119.0,64.0)
189       -3.9718e+01    (361.0,94.0,-120.0,64.0)
190       -3.9955e+01    (361.0,94.0,-121.0,64.0)
191       -3.9822e+01    (361.0,94.0,-121.0,63.0)
192       -3.9707e+01    (361.0,93.0,-121.0,63.0)
193       -3.9732e+01    (361.0,93.0,-121.0,62.0)
194       -3.9842e+01    (361.0,94.0,-121.0,62.0)
195       -4.0001e+01    (361.0,94.0,-121.0,61.0)
196       -3.9913e+01    (361.0,93.0,-121.0,61.0)
197       -4.0029e+01    (360.0,93.0,-121.0,61.0)
198       -3.9926e+01    (360.0,93.0,-120.0,61.0)
199       -3.9878e+01    (360.0,93.0,-119.0,61.0)
200       -3.9891e+01    (360.0,92.0,-119.0,61.0)
201       -3.9842e+01    (361.0,92.0,-119.0,61.0)
202       -3.9912e+01    (361.0,92.0,-118.0,61.0)
203       -3.9845e+01    (361.0,92.0,-118.0,62.0)
204       -3.9850e+01    (361.0,92.0,-118.0,63.0)
205       -3.9895e+01    (360.0,92.0,-118.0,63.0)
206       -3.9871e+01    (360.0,92.0,-118.0,62.0)
207       -3.9870e+01    (360.0,92.0,-118.0,61.0)
208       -3.9868e+01    (360.0,92.0,-117.0,61.0)
209       -3.9690e+01    (359.0,92.0,-117.0,61.0)
210       -3.9500e+01    (359.0,92.0,-116.0,61.0)
211       -3.9254e+01    (358.0,92.0,-116.0,61.0)
212       -3.9060e+01    (358.0,92.0,-115.0,61.0)
213       -3.8902e+01    (358.0,93.0,-115.0,61.0)
214       -3.8663e+01    (358.0,93.0,-115.0,62.0)
215       -3.8539e+01    (358.0,93.0,-114.0,62.0)
216       -3.8492e+01    (358.0,93.0,-114.0,63.0)
217       -3.8622e+01    (358.0,93.0,-115.0,63.0)
218       -3.8756e+01    (358.0,94.0,-115.0,63.0)
219       -3.8633e+01    (358.0,94.0,-114.0,63.0)
220       -3.8673e+01    (358.0,94.0,-114.0,62.0)
221       -3.8790e+01    (358.0,94.0,-115.0,62.0)
222       -3.9002e+01    (358.0,94.0,-115.0,61.0)
223       -3.8905e+01    (358.0,94.0,-114.0,61.0)
224       -3.8800e+01    (358.0,93.0,-114.0,61.0)
225       -3.8888e+01    (358.0,93.0,-113.0,61.0)
226       -3.8699e+01    (358.0,93.0,-113.0,62.0)
227       -3.8671e+01    (358.0,93.0,-113.0,63.0)
228       -3.8789e+01    (358.0,94.0,-113.0,63.0)
229       -3.8811e+01    (358.0,94.0,-113.0,62.0)
230       -3.8975e+01    (357.0,94.0,-113.0,62.0)
231       -3.8901e+01    (357.0,93.0,-113.0,62.0)
232       -3.8867e+01    (357.0,93.0,-114.0,62.0)
233       -3.8865e+01    (357.0,93.0,-114.0,63.0)
234       -3.8908e+01    (357.0,93.0,-113.0,63.0)
235       -3.8976e+01    (357.0,92.0,-113.0,63.0)
236       -3.8897e+01    (358.0,92.0,-113.0,63.0)
237       -3.8807e+01    (358.0,92.0,-114.0,63.0)
238       -3.8825e+01    (358.0,92.0,-114.0,62.0)
239       -3.8902e+01    (358.0,92.0,-113.0,62.0)
240       -3.8960e+01    (357.0,92.0,-113.0,62.0)
241       -3.8960e+01    (357.0,92.0,-114.0,62.0)
242       -3.8971e+01    (357.0,92.0,-114.0,63.0)
243       -3.9043e+01    (357.0,92.0,-114.0,64.0)
244       -3.8935e+01    (358.0,92.0,-114.0,64.0)
245       -3.8679e+01    (358.0,93.0,-114.0,64.0)
246       -3.8797e+01    (358.0,93.0,-115.0,64.0)
247       -3.8917e+01    (358.0,94.0,-115.0,64.0)
248       -3.8805e+01    (358.0,94.0,-114.0,64.0)
249       -3.8926e+01    (358.0,94.0,-113.0,64.0)
250       -3.8819e+01    (358.0,93.0,-113.0,64.0)
251       -3.8989e+01    (357.0,93.0,-113.0,64.0)
252       -3.8962e+01    (357.0,93.0,-114.0,64.0)
253       -3.9042e+01    (357.0,94.0,-114.0,64.0)
254       -3.8952e+01    (357.0,94.0,-114.0,63.0)
255       -3.8950e+01    (357.0,94.0,-114.0,62.0)
256       -3.9030e+01    (357.0,94.0,-114.0,61.0)
257       -3.8959e+01    (357.0,93.0,-114.0,61.0)
258       -3.8963e+01    (357.0,93.0,-113.0,61.0)
259       -3.8987e+01    (357.0,92.0,-113.0,61.0)
260       -3.9005e+01    (357.0,92.0,-112.0,61.0)
261       -3.8918e+01    (356.0,92.0,-112.0,61.0)
262       -3.8748e+01    (356.0,92.0,-111.0,61.0)
263       -3.8518e+01    (355.0,92.0,-111.0,61.0)
264       -3.8290e+01    (355.0,92.0,-110.0,61.0)
265       -3.8155e+01    (355.0,92.0,-109.0,61.0)
266       -3.7977e+01    (355.0,93.0,-109.0,61.0)
267       -3.7710e+01    (355.0,93.0,-109.0,62.0)
268       -3.7662e+01    (355.0,93.0,-109.0,63.0)
269       -3.7712e+01    (355.0,93.0,-108.0,63.0)
270       -3.7752e+01    (355.0,93.0,-108.0,62.0)
271       -3.7877e+01    (355.0,94.0,-108.0,62.0)
272       -3.7845e+01    (355.0,94.0,-108.0,63.0)
273       -3.7805e+01    (355.0,94.0,-109.0,63.0)
274       -3.7845e+01    (355.0,94.0,-109.0,62.0)
275       -3.8036e+01    (354.0,94.0,-109.0,62.0)
276       -3.7942e+01    (354.0,93.0,-109.0,62.0)
277       -3.7930e+01    (354.0,93.0,-109.0,63.0)
278       -3.7932e+01    (354.0,93.0,-108.0,63.0)
279       -3.7939e+01    (354.0,93.0,-108.0,62.0)
280       -3.8029e+01    (354.0,94.0,-108.0,62.0)
281       -3.8026e+01    (354.0,94.0,-108.0,63.0)
282       -3.8029e+01    (354.0,94.0,-109.0,63.0)
283       -3.8138e+01    (354.0,94.0,-109.0,64.0)
284       -3.7979e+01    (355.0,94.0,-109.0,64.0)
285       -3.7851e+01    (355.0,93.0,-109.0,64.0)
286       -3.7885e+01    (355.0,93.0,-108.0,64.0)
287       -3.8003e+01    (355.0,94.0,-108.0,64.0)
288       -3.8126e+01    (354.0,94.0,-108.0,64.0)
289       -3.8040e+01    (354.0,93.0,-108.0,64.0)
290       -3.8047e+01    (354.0,93.0,-109.0,64.0)
291       -3.8167e+01    (354.0,92.0,-109.0,64.0)
292       -3.8083e+01    (354.0,92.0,-109.0,63.0)
293       -3.7984e+01    (355.0,92.0,-109.0,63.0)
294       -3.7994e+01    (355.0,92.0,-108.0,63.0)
295       -3.8007e+01    (355.0,92.0,-108.0,62.0)
296       -3.8002e+01    (355.0,92.0,-109.0,62.0)
297       -3.8078e+01    (354.0,92.0,-109.0,62.0)
298       -3.8056e+01    (354.0,92.0,-108.0,62.0)
299       -3.8063e+01    (354.0,92.0,-108.0,63.0)
300       -3.8139e+01    (354.0,92.0,-107.0,63.0)
301       -3.8086e+01    (354.0,93.0,-107.0,63.0)
302       -3.8043e+01    (355.0,93.0,-107.0,63.0)
303       -3.8051e+01    (355.0,93.0,-107.0,62.0)
304       -3.8076e+01    (354.0,93.0,-107.0,62.0)
305       -3.8121e+01    (354.0,92.0,-107.0,62.0)
306       -3.8139e+01    (354.0,92.0,-107.0,61.0)
307       -3.8114e+01    (354.0,92.0,-108.0,61.0)
308       -3.8052e+01    (354.0,93.0,-108.0,61.0)
309       -3.7986e+01    (355.0,93.0,-108.0,61.0)
310       -3.8086e+01    (355.0,94.0,-108.0,61.0)
311       -3.8082e+01    (355.0,94.0,-109.0,61.0)
312       -3.8150e+01    (354.0,94.0,-109.0,61.0)
313       -3.8072e+01    (354.0,93.0,-109.0,61.0)
314       -3.8147e+01    (354.0,92.0,-109.0,61.0)
315       -3.8245e+01    (354.0,92.0,-110.0,61.0)
316       -3.8196e+01    (354.0,93.0,-110.0,61.0)
317       -3.8101e+01    (354.0,93.0,-110.0,62.0)
318       -3.7957e+01    (355.0,93.0,-110.0,62.0)
319       -3.7926e+01    (355.0,93.0,-110.0,63.0)
320       -3.8049e+01    (355.0,94.0,-110.0,63.0)
321       -3.8074e+01    (355.0,94.0,-110.0,62.0)
322       -3.8185e+01    (354.0,94.0,-110.0,62.0)
323       -3.8186e+01    (354.0,94.0,-110.0,63.0)
324       -3.8098e+01    (354.0,93.0,-110.0,63.0)
325       -3.8197e+01    (354.0,93.0,-110.0,64.0)
326       -3.8082e+01    (355.0,93.0,-110.0,64.0)
327       -3.8192e+01    (355.0,94.0,-110.0,64.0)
328       -3.8278e+01    (354.0,94.0,-110.0,64.0)
329       -3.8446e+01    (354.0,94.0,-110.0,65.0)
330       -3.8343e+01    (354.0,94.0,-109.0,65.0)
331       -3.8272e+01    (354.0,93.0,-109.0,65.0)
332       -3.8240e+01    (355.0,93.0,-109.0,65.0)
333       -3.8235e+01    (355.0,93.0,-108.0,65.0)
334       -3.8244e+01    (354.0,93.0,-108.0,65.0)
335       -3.8281e+01    (354.0,92.0,-108.0,65.0)
336       -3.8142e+01    (354.0,92.0,-108.0,64.0)
337       -3.8113e+01    (355.0,92.0,-108.0,64.0)
338       -3.8113e+01    (355.0,92.0,-109.0,64.0)
339       -3.8277e+01    (355.0,92.0,-110.0,64.0)
340       -3.8169e+01    (355.0,92.0,-110.0,63.0)
341       -3.8176e+01    (355.0,92.0,-110.0,62.0)
342       -3.8197e+01    (354.0,92.0,-110.0,62.0)
343       -3.8208e+01    (354.0,92.0,-110.0,63.0)
344       -3.8281e+01    (354.0,92.0,-110.0,64.0)
345       -3.8407e+01    (354.0,92.0,-110.0,65.0)
346       -3.8319e+01    (354.0,92.0,-109.0,65.0)
347       -3.8367e+01    (355.0,92.0,-109.0,65.0)
348       -3.8343e+01    (355.0,92.0,-108.0,65.0)
349       -3.8401e+01    (355.0,92.0,-107.0,65.0)
350       -3.8259e+01    (355.0,92.0,-107.0,64.0)
351       -3.8153e+01    (355.0,93.0,-107.0,64.0)
352       -3.8160e+01    (354.0,93.0,-107.0,64.0)
353       -3.8197e+01    (354.0,92.0,-107.0,64.0)
354       -3.8258e+01    (353.0,92.0,-107.0,64.0)
355       -3.8088e+01    (353.0,92.0,-106.0,64.0)
356       -3.7894e+01    (352.0,92.0,-106.0,64.0)
357       -3.7574e+01    (352.0,92.0,-105.0,64.0)
358       -3.7350e+01    (352.0,92.0,-104.0,64.0)
359       -3.7109e+01    (352.0,93.0,-104.0,64.0)
360       -3.6930e+01    (352.0,93.0,-104.0,63.0)
361       -3.6842e+01    (352.0,93.0,-103.0,63.0)
362       -3.6888e+01    (352.0,93.0,-103.0,62.0)
363       -3.6973e+01    (352.0,93.0,-104.0,62.0)
364       -3.7079e+01    (351.0,93.0,-104.0,62.0)
365       -3.7006e+01    (351.0,93.0,-103.0,62.0)
366       -3.6986e+01    (351.0,93.0,-103.0,63.0)
367       -3.7062e+01    (351.0,93.0,-104.0,63.0)
368       -3.7168e+01    (351.0,94.0,-104.0,63.0)
369       -3.7067e+01    (352.0,94.0,-104.0,63.0)
370       -3.6983e+01    (352.0,94.0,-103.0,63.0)
371       -3.7021e+01    (352.0,94.0,-103.0,62.0)
372       -3.7102e+01    (352.0,94.0,-104.0,62.0)
373       -3.7181e+01    (351.0,94.0,-104.0,62.0)
374       -3.7109e+01    (351.0,94.0,-103.0,62.0)
375       -3.7095e+01    (351.0,94.0,-103.0,63.0)
376       -3.7203e+01    (351.0,94.0,-102.0,63.0)
377       -3.7112e+01    (351.0,93.0,-102.0,63.0)
378       -3.7060e+01    (352.0,93.0,-102.0,63.0)
379       -3.7084e+01    (352.0,93.0,-102.0,62.0)
380       -3.7117e+01    (351.0,93.0,-102.0,62.0)
381       -3.7205e+01    (351.0,94.0,-102.0,62.0)
382       -3.7192e+01    (352.0,94.0,-102.0,62.0)
383       -3.7174e+01    (352.0,94.0,-102.0,63.0)
384       -3.7304e+01    (352.0,94.0,-102.0,64.0)
385       -3.7152e+01    (352.0,94.0,-103.0,64.0)
386       -3.7027e+01    (352.0,93.0,-103.0,64.0)
387       -3.7119e+01    (351.0,93.0,-103.0,64.0)
388       -3.7191e+01    (351.0,93.0,-104.0,64.0)
389       -3.7287e+01    (351.0,94.0,-104.0,64.0)
390       -3.7217e+01    (351.0,94.0,-103.0,64.0)
391       -3.7300e+01    (351.0,94.0,-102.0,64.0)
392       -3.7216e+01    (351.0,93.0,-102.0,64.0)
393       -3.7201e+01    (352.0,93.0,-102.0,64.0)
394       -3.7368e+01    (352.0,92.0,-102.0,64.0)
395       -3.7269e+01    (352.0,92.0,-102.0,63.0)
396       -3.7153e+01    (352.0,92.0,-103.0,63.0)
397       -3.7170e+01    (352.0,92.0,-103.0,62.0)
398       -3.7176e+01    (351.0,92.0,-103.0,62.0)
399       -3.7176e+01    (351.0,92.0,-103.0,63.0)
400       -3.7235e+01    (351.0,92.0,-102.0,63.0)
401       -3.7226e+01    (351.0,92.0,-102.0,62.0)
402       -3.7272e+01    (352.0,92.0,-102.0,62.0)
403       -3.7369e+01    (352.0,92.0,-102.0,61.0)
404       -3.7259e+01    (352.0,93.0,-102.0,61.0)
405       -3.7146e+01    (352.0,93.0,-103.0,61.0)
406       -3.7166e+01    (351.0,93.0,-103.0,61.0)
407       -3.7223e+01    (351.0,93.0,-102.0,61.0)
408       -3.7279e+01    (351.0,92.0,-102.0,61.0)
409       -3.7263e+01    (351.0,92.0,-103.0,61.0)
410       -3.7318e+01    (352.0,92.0,-103.0,61.0)
411       -3.7383e+01    (352.0,92.0,-104.0,61.0)
412       -3.7220e+01    (352.0,93.0,-104.0,61.0)
413       -3.7232e+01    (351.0,93.0,-104.0,61.0)
414       -3.7315e+01    (351.0,94.0,-104.0,61.0)
415       -3.7250e+01    (351.0,94.0,-103.0,61.0)
416       -3.7250e+01    (352.0,94.0,-103.0,61.0)
417       -3.7322e+01    (352.0,94.0,-104.0,61.0)
418       -3.7555e+01    (352.0,94.0,-105.0,61.0)
419       -3.7427e+01    (352.0,94.0,-105.0,62.0)
420       -3.7327e+01    (352.0,93.0,-105.0,62.0)
421       -3.7311e+01    (352.0,93.0,-105.0,63.0)
422       -3.7331e+01    (351.0,93.0,-105.0,63.0)
423       -3.7331e+01    (351.0,93.0,-105.0,62.0)
424       -3.7413e+01    (351.0,94.0,-105.0,62.0)
425       -3.7416e+01    (351.0,94.0,-105.0,63.0)
426       -3.7416e+01    (352.0,94.0,-105.0,63.0)
427       -3.7532e+01    (352.0,94.0,-105.0,64.0)
428       -3.7231e+01    (352.0,94.0,-104.0,64.0)
429       -3.7563e+01    (352.0,94.0,-104.0,65.0)
430       -3.7474e+01    (352.0,93.0,-104.0,65.0)
431       -3.7405e+01    (352.0,93.0,-103.0,65.0)
432       -3.7380e+01    (351.0,93.0,-103.0,65.0)
433       -3.7412e+01    (351.0,93.0,-102.0,65.0)
434       -3.7444e+01    (351.0,92.0,-102.0,65.0)
435       -3.7311e+01    (351.0,92.0,-102.0,64.0)
436       -3.7270e+01    (351.0,92.0,-103.0,64.0)
437       -3.7280e+01    (352.0,92.0,-103.0,64.0)
438       -3.7527e+01    (352.0,92.0,-103.0,65.0)
439       -3.7444e+01    (351.0,92.0,-103.0,65.0)
440       -3.7503e+01    (351.0,92.0,-104.0,65.0)
441       -3.7334e+01    (351.0,92.0,-104.0,64.0)
442       -3.7242e+01    (351.0,92.0,-104.0,63.0)
443       -3.7227e+01    (352.0,92.0,-104.0,63.0)
444       -3.7242e+01    (352.0,92.0,-104.0,62.0)
445       -3.7241e+01    (351.0,92.0,-104.0,62.0)
446       -3.7324e+01    (351.0,92.0,-104.0,61.0)
447       -3.7459e+01    (351.0,92.0,-105.0,61.0)
448       -3.7417e+01    (351.0,93.0,-105.0,61.0)
449       -3.7473e+01    (352.0,93.0,-105.0,61.0)
450       -3.7560e+01    (352.0,92.0,-105.0,61.0)
451       -3.7482e+01    (352.0,92.0,-105.0,62.0)
452       -3.7417e+01    (351.0,92.0,-105.0,62.0)
453       -3.7429e+01    (351.0,92.0,-105.0,63.0)
454       -3.7484e+01    (352.0,92.0,-105.0,63.0)
455       -3.7828e+01    (352.0,91.0,-105.0,63.0)
456       -3.7641e+01    (351.0,91.0,-105.0,63.0)
457       -3.7434e+01    (350.0,91.0,-105.0,63.0)
458       -3.7237e+01    (349.0,91.0,-105.0,63.0)
459       -3.6829e+01    (349.0,90.0,-105.0,63.0)
460       -3.6551e+01    (349.0,90.0,-104.0,63.0)
461       -3.6234e+01    (349.0,89.0,-104.0,63.0)
462       -3.6147e+01    (349.0,89.0,-103.0,63.0)
463       -3.6172e+01    (348.0,89.0,-103.0,63.0)
464       -3.6200e+01    (348.0,89.0,-103.0,62.0)
465       -3.6192e+01    (349.0,89.0,-103.0,62.0)
466       -3.6276e+01    (349.0,89.0,-104.0,62.0)
467       -3.6278e+01    (348.0,89.0,-104.0,62.0)
468       -3.6251e+01    (348.0,89.0,-104.0,63.0)
469       -3.6329e+01    (348.0,88.0,-104.0,63.0)
470       -3.6255e+01    (348.0,88.0,-103.0,63.0)
471       -3.6264e+01    (349.0,88.0,-103.0,63.0)
472       -3.6296e+01    (349.0,88.0,-103.0,62.0)
473       -3.6273e+01    (348.0,88.0,-103.0,62.0)
474       -3.6346e+01    (348.0,88.0,-104.0,62.0)
475       -3.6374e+01    (349.0,88.0,-104.0,62.0)
476       -3.6345e+01    (349.0,88.0,-104.0,63.0)
477       -3.6497e+01    (349.0,88.0,-104.0,64.0)
478       -3.6411e+01    (349.0,89.0,-104.0,64.0)
479       -3.6330e+01    (349.0,89.0,-103.0,64.0)
480       -3.6322e+01    (348.0,89.0,-103.0,64.0)
481       -3.6384e+01    (348.0,88.0,-103.0,64.0)
482       -3.6421e+01    (349.0,88.0,-103.0,64.0)
483       -3.6553e+01    (349.0,88.0,-102.0,64.0)
484       -3.6432e+01    (349.0,88.0,-102.0,63.0)
485       -3.6361e+01    (349.0,89.0,-102.0,63.0)
486       -3.6329e+01    (348.0,89.0,-102.0,63.0)
487       -3.6340e+01    (348.0,89.0,-102.0,62.0)
488       -3.6379e+01    (348.0,88.0,-102.0,62.0)
489       -3.6375e+01    (348.0,88.0,-102.0,63.0)
490       -3.6477e+01    (348.0,88.0,-102.0,64.0)
491       -3.6446e+01    (348.0,89.0,-102.0,64.0)
492       -3.6501e+01    (349.0,89.0,-102.0,64.0)
493       -3.6715e+01    (349.0,90.0,-102.0,64.0)
494       -3.6608e+01    (349.0,90.0,-102.0,63.0)
495       -3.6475e+01    (349.0,90.0,-103.0,63.0)
496       -3.6439e+01    (348.0,90.0,-103.0,63.0)
497       -3.6449e+01    (348.0,90.0,-103.0,62.0)
498       -3.6496e+01    (349.0,90.0,-103.0,62.0)
499       -3.6571e+01    (349.0,90.0,-104.0,62.0)
500       -3.6519e+01    (348.0,90.0,-104.0,62.0)
501       -3.6510e+01    (348.0,90.0,-104.0,63.0)
502       -3.6621e+01    (348.0,90.0,-104.0,64.0)
503       -3.6397e+01    (348.0,89.0,-104.0,64.0)
504       -3.6455e+01    (348.0,88.0,-104.0,64.0)
505       -3.6684e+01    (348.0,88.0,-105.0,64.0)
506       -3.6592e+01    (348.0,88.0,-105.0,63.0)
507       -3.6559e+01    (348.0,89.0,-105.0,63.0)
508       -3.6564e+01    (348.0,89.0,-105.0,62.0)
509       -3.6591e+01    (348.0,88.0,-105.0,62.0)
510       -3.6673e+01    (349.0,88.0,-105.0,62.0)
511       -3.6626e+01    (349.0,89.0,-105.0,62.0)
512       -3.6611e+01    (349.0,89.0,-105.0,63.0)
513       -3.6666e+01    (349.0,88.0,-105.0,63.0)
514       -3.6774e+01    (349.0,88.0,-105.0,64.0)
515       -3.6735e+01    (349.0,89.0,-105.0,64.0)
516       -3.6663e+01    (348.0,89.0,-105.0,64.0)
517       -3.6822e+01    (348.0,90.0,-105.0,64.0)
518       -3.6740e+01    (348.0,90.0,-105.0,63.0)
519       -3.6734e+01    (348.0,90.0,-105.0,62.0)
520       -3.6798e+01    (348.0,90.0,-105.0,61.0)
521       -3.6638e+01    (348.0,90.0,-104.0,61.0)
522       -3.6462e+01    (348.0,89.0,-104.0,61.0)
523       -3.6393e+01    (348.0,89.0,-103.0,61.0)
524       -3.6427e+01    (348.0,88.0,-103.0,61.0)
525       -3.6480e+01    (348.0,88.0,-102.0,61.0)
526       -3.6469e+01    (348.0,89.0,-102.0,61.0)
527       -3.6557e+01    (349.0,89.0,-102.0,61.0)
528       -3.6384e+01    (349.0,89.0,-102.0,62.0)
529       -3.6446e+01    (349.0,88.0,-102.0,62.0)
530       -3.6583e+01    (349.0,88.0,-102.0,61.0)
531       -3.6500e+01    (349.0,88.0,-103.0,61.0)
532       -3.6446e+01    (349.0,89.0,-103.0,61.0)
533       -3.6519e+01    (349.0,89.0,-104.0,61.0)
534       -3.6570e+01    (349.0,88.0,-104.0,61.0)
535       -3.6492e+01    (348.0,88.0,-104.0,61.0)
536       -3.6673e+01    (348.0,88.0,-105.0,61.0)
537       -3.6670e+01    (348.0,89.0,-105.0,61.0)
538       -3.6770e+01    (349.0,89.0,-105.0,61.0)
539       -3.6786e+01    (349.0,88.0,-105.0,61.0)
540       -3.6940e+01    (349.0,87.0,-105.0,61.0)
541       -3.6785e+01    (348.0,87.0,-105.0,61.0)
542       -3.6693e+01    (348.0,87.0,-104.0,61.0)
543       -3.6637e+01    (348.0,87.0,-103.0,61.0)
544       -3.6599e+01    (347.0,87.0,-103.0,61.0)
545       -3.6496e+01    (347.0,86.0,-103.0,61.0)
546       -3.6125e+01    (346.0,86.0,-103.0,61.0)
547       -3.5822e+01    (346.0,85.0,-103.0,61.0)
548       -3.5604e+01    (346.0,85.0,-103.0,62.0)
549       -3.5490e+01    (345.0,85.0,-103.0,62.0)
550       -3.5417e+01    (345.0,84.0,-103.0,62.0)
551       -3.5384e+01    (345.0,84.0,-103.0,63.0)
552       -3.5460e+01    (345.0,85.0,-103.0,63.0)
553       -3.5541e+01    (345.0,85.0,-104.0,63.0)
554       -3.5466e+01    (345.0,84.0,-104.0,63.0)
555       -3.5496e+01    (345.0,84.0,-104.0,62.0)
556       -3.5568e+01    (345.0,85.0,-104.0,62.0)
557       -3.5684e+01    (346.0,85.0,-104.0,62.0)
558       -3.5610e+01    (346.0,84.0,-104.0,62.0)
559       -3.5528e+01    (346.0,84.0,-103.0,62.0)
560       -3.5490e+01    (346.0,84.0,-103.0,63.0)
561       -3.5569e+01    (346.0,85.0,-103.0,63.0)
562       -3.5652e+01    (346.0,85.0,-104.0,63.0)
563       -3.5574e+01    (346.0,84.0,-104.0,63.0)
564       -3.5739e+01    (346.0,84.0,-104.0,64.0)
565       -3.5620e+01    (345.0,84.0,-104.0,64.0)
566       -3.5543e+01    (345.0,84.0,-103.0,64.0)
567       -3.5614e+01    (345.0,85.0,-103.0,64.0)
568       -3.5689e+01    (345.0,85.0,-104.0,64.0)
569       -3.5810e+01    (346.0,85.0,-104.0,64.0)
570       -3.5733e+01    (346.0,85.0,-103.0,64.0)
571       -3.5660e+01    (346.0,84.0,-103.0,64.0)
572       -3.5811e+01    (346.0,84.0,-102.0,64.0)
573       -3.5679e+01    (345.0,84.0,-102.0,64.0)
574       -3.5556e+01    (345.0,84.0,-102.0,63.0)
575       -3.5571e+01    (345.0,84.0,-102.0,62.0)
576       -3.5635e+01    (345.0,85.0,-102.0,62.0)
577       -3.5623e+01    (345.0,85.0,-102.0,63.0)
578       -3.5741e+01    (345.0,85.0,-102.0,64.0)
579       -3.5876e+01    (346.0,85.0,-102.0,64.0)
580       -3.5750e+01    (346.0,85.0,-102.0,63.0)
581       -3.5681e+01    (346.0,84.0,-102.0,63.0)
582       -3.5699e+01    (346.0,84.0,-102.0,62.0)
583       -3.5766e+01    (346.0,85.0,-102.0,62.0)
584       -3.5913e+01    (346.0,85.0,-102.0,61.0)
585       -3.5768e+01    (345.0,85.0,-102.0,61.0)
586       -3.5689e+01    (345.0,85.0,-103.0,61.0)
587       -3.5626e+01    (345.0,84.0,-103.0,61.0)
588       -3.5696e+01    (345.0,84.0,-104.0,61.0)
589       -3.5758e+01    (345.0,85.0,-104.0,61.0)
590       -3.5893e+01    (346.0,85.0,-104.0,61.0)
591       -3.5829e+01    (346.0,84.0,-104.0,61.0)
592       -3.5758e+01    (346.0,84.0,-103.0,61.0)
593       -3.5854e+01    (346.0,84.0,-102.0,61.0)
594       -3.5711e+01    (345.0,84.0,-102.0,61.0)
595       -3.5818e+01    (345.0,83.0,-102.0,61.0)
596       -3.5752e+01    (345.0,83.0,-102.0,62.0)
597       -3.5688e+01    (345.0,83.0,-103.0,62.0)
598       -3.5683e+01    (345.0,83.0,-103.0,63.0)
599       -3.5751e+01    (345.0,83.0,-104.0,63.0)
600       -3.5755e+01    (345.0,83.0,-104.0,62.0)
601       -3.5854e+01    (345.0,83.0,-104.0,61.0)
602       -3.5792e+01    (345.0,83.0,-103.0,61.0)
603       -3.5890e+01    (344.0,83.0,-103.0,61.0)
604       -3.5839e+01    (344.0,83.0,-102.0,61.0)
605       -3.5787e+01    (344.0,83.0,-101.0,61.0)
606       -3.5668e+01    (343.0,83.0,-101.0,61.0)
607       -3.5461e+01    (343.0,83.0,-100.0,61.0)
608       -3.5282e+01    (342.0,83.0,-100.0,61.0)
609       -3.5099e+01    (342.0,83.0,-99.0,61.0)
610       -3.4952e+01    (342.0,84.0,-99.0,61.0)
611       -3.4764e+01    (342.0,84.0,-99.0,62.0)
612       -3.4573e+01    (342.0,84.0,-98.0,62.0)
613       -3.4533e+01    (342.0,84.0,-98.0,63.0)
614       -3.4610e+01    (342.0,84.0,-97.0,63.0)
615       -3.4639e+01    (342.0,84.0,-97.0,62.0)
616       -3.4711e+01    (342.0,85.0,-97.0,62.0)
617       -3.4650e+01    (342.0,85.0,-98.0,62.0)
618       -3.4613e+01    (342.0,85.0,-98.0,63.0)
619       -3.4684e+01    (342.0,85.0,-97.0,63.0)
620       -3.4831e+01    (342.0,85.0,-97.0,64.0)
621       -3.4762e+01    (342.0,84.0,-97.0,64.0)
622       -3.4706e+01    (342.0,84.0,-98.0,64.0)
623       -3.4779e+01    (342.0,85.0,-98.0,64.0)
624       -3.4953e+01    (342.0,85.0,-99.0,64.0)
625       -3.4811e+01    (342.0,85.0,-99.0,63.0)
626       -3.4737e+01    (342.0,84.0,-99.0,63.0)
627       -3.4885e+01    (342.0,84.0,-99.0,64.0)
628       -3.5098e+01    (343.0,84.0,-99.0,64.0)
629       -3.4928e+01    (343.0,84.0,-98.0,64.0)
630       -3.4765e+01    (343.0,84.0,-98.0,63.0)
631       -3.4800e+01    (343.0,84.0,-98.0,62.0)
632       -3.4858e+01    (343.0,84.0,-97.0,62.0)
633       -3.4833e+01    (343.0,84.0,-97.0,63.0)
634       -3.4905e+01    (343.0,85.0,-97.0,63.0)
635       -3.4842e+01    (343.0,85.0,-98.0,63.0)
636       -3.4874e+01    (343.0,85.0,-98.0,62.0)
637       -3.4928e+01    (343.0,85.0,-97.0,62.0)
638       -3.5099e+01    (343.0,85.0,-97.0,61.0)
639       -3.4897e+01    (342.0,85.0,-97.0,61.0)
640       -3.4835e+01    (342.0,84.0,-97.0,61.0)
641       -3.4807e+01    (342.0,84.0,-98.0,61.0)
642       -3.4873e+01    (342.0,85.0,-98.0,61.0)
643       -3.5013e+01    (342.0,85.0,-99.0,61.0)
644       -3.4835e+01    (342.0,85.0,-99.0,62.0)
645       -3.5050e+01    (343.0,85.0,-99.0,62.0)
646       -3.4981e+01    (343.0,84.0,-99.0,62.0)
647       -3.4959e+01    (343.0,84.0,-99.0,63.0)
648       -3.5029e+01    (343.0,85.0,-99.0,63.0)
649       -3.5164e+01    (343.0,85.0,-99.0,64.0)
650       -3.4999e+01    (343.0,85.0,-98.0,64.0)
651       -3.5044e+01    (343.0,85.0,-97.0,64.0)
652       -3.4977e+01    (343.0,84.0,-97.0,64.0)
653       -3.5186e+01    (343.0,83.0,-97.0,64.0)
654       -3.4990e+01    (342.0,83.0,-97.0,64.0)
655       -3.4890e+01    (342.0,83.0,-97.0,63.0)
656       -3.4868e+01    (342.0,83.0,-98.0,63.0)
657       -3.4877e+01    (342.0,83.0,-98.0,62.0)
658       -3.4893e+01    (342.0,83.0,-97.0,62.0)
659       -3.4991e+01    (342.0,83.0,-97.0,61.0)
660       -3.4996e+01    (342.0,83.0,-98.0,61.0)
661       -3.5079e+01    (341.0,83.0,-98.0,61.0)
662       -3.5037e+01    (341.0,83.0,-97.0,61.0)
663       -3.5007e+01    (341.0,83.0,-96.0,61.0)
664       -3.4965e+01    (340.0,83.0,-96.0,61.0)
665       -3.4776e+01    (340.0,83.0,-95.0,61.0)
666       -3.4598e+01    (339.0,83.0,-95.0,61.0)
667       -3.4387e+01    (339.0,83.0,-94.0,61.0)
668       -3.4243e+01    (339.0,83.0,-93.0,61.0)
669       -3.4051e+01    (339.0,84.0,-93.0,61.0)
670       -3.3813e+01    (339.0,84.0,-93.0,62.0)
671       -3.3768e+01    (339.0,84.0,-92.0,62.0)
672       -3.3727e+01    (339.0,84.0,-92.0,63.0)
673       -3.3773e+01    (339.0,84.0,-93.0,63.0)
674       -3.3853e+01    (339.0,85.0,-93.0,63.0)
675       -3.3808e+01    (339.0,85.0,-92.0,63.0)
676       -3.3845e+01    (339.0,85.0,-92.0,62.0)
677       -3.3890e+01    (339.0,85.0,-93.0,62.0)
678       -3.4117e+01    (339.0,85.0,-93.0,61.0)
679       -3.4071e+01    (339.0,85.0,-92.0,61.0)
680       -3.4006e+01    (339.0,84.0,-92.0,61.0)
681       -3.4134e+01    (339.0,84.0,-91.0,61.0)
682       -3.3984e+01    (339.0,84.0,-91.0,62.0)
683       -3.3966e+01    (339.0,84.0,-91.0,63.0)
684       -3.4034e+01    (339.0,85.0,-91.0,63.0)
685       -3.4049e+01    (339.0,85.0,-91.0,62.0)
686       -3.4192e+01    (339.0,85.0,-91.0,61.0)
687       -3.4269e+01    (338.0,85.0,-91.0,61.0)
688       -3.4222e+01    (338.0,84.0,-91.0,61.0)
689       -3.4200e+01    (338.0,84.0,-91.0,62.0)
690       -3.4171e+01    (338.0,84.0,-92.0,62.0)
691       -3.4182e+01    (338.0,84.0,-92.0,63.0)
692       -3.4218e+01    (338.0,84.0,-91.0,63.0)
693       -3.4250e+01    (338.0,83.0,-91.0,63.0)
694       -3.4182e+01    (339.0,83.0,-91.0,63.0)
695       -3.4067e+01    (339.0,83.0,-92.0,63.0)
696       -3.4076e+01    (339.0,83.0,-92.0,62.0)
697       -3.4122e+01    (339.0,83.0,-93.0,62.0)
698       -3.4113e+01    (339.0,83.0,-93.0,63.0)
699       -3.4225e+01    (339.0,83.0,-93.0,64.0)
700       -3.3947e+01    (339.0,84.0,-93.0,64.0)
701       -3.3902e+01    (339.0,84.0,-92.0,64.0)
702       -3.3976e+01    (339.0,85.0,-92.0,64.0)
703       -3.4021e+01    (339.0,85.0,-93.0,64.0)
704       -3.4294e+01    (339.0,85.0,-94.0,64.0)
705       -3.4170e+01    (339.0,85.0,-94.0,63.0)
706       -3.4102e+01    (339.0,84.0,-94.0,63.0)
707       -3.4120e+01    (339.0,84.0,-94.0,62.0)
708       -3.4185e+01    (339.0,85.0,-94.0,62.0)
709       -3.4329e+01    (339.0,85.0,-94.0,61.0)
710       -3.4271e+01    (339.0,84.0,-94.0,61.0)
711       -3.4360e+01    (338.0,84.0,-94.0,61.0)
712       -3.4264e+01    (338.0,84.0,-93.0,61.0)
713       -3.4217e+01    (338.0,84.0,-93.0,62.0)
714       -3.4228e+01    (338.0,84.0,-93.0,63.0)
715       -3.4281e+01    (338.0,85.0,-93.0,63.0)
716       -3.4235e+01    (338.0,85.0,-92.0,63.0)
717       -3.4223e+01    (338.0,85.0,-92.0,62.0)
718       -3.4250e+01    (338.0,85.0,-91.0,62.0)
719       -3.4267e+01    (338.0,85.0,-91.0,63.0)
720       -3.4326e+01    (338.0,85.0,-91.0,64.0)
721       -3.4158e+01    (339.0,85.0,-91.0,64.0)
722       -3.4094e+01    (339.0,84.0,-91.0,64.0)
723       -3.4268e+01    (339.0,83.0,-91.0,64.0)
724       -3.4179e+01    (339.0,83.0,-92.0,64.0)
725       -3.4304e+01    (338.0,83.0,-92.0,64.0)
726       -3.4250e+01    (338.0,83.0,-92.0,63.0)
727       -3.4230e+01    (338.0,83.0,-92.0,62.0)
728       -3.4227e+01    (338.0,83.0,-91.0,62.0)
729       -3.4178e+01    (339.0,83.0,-91.0,62.0)
730       -3.4249e+01    (339.0,83.0,-91.0,61.0)
731       -3.4197e+01    (339.0,83.0,-92.0,61.0)
732       -3.4243e+01    (338.0,83.0,-92.0,61.0)
733       -3.4218e+01    (338.0,84.0,-92.0,61.0)
734       -3.4267e+01    (338.0,85.0,-92.0,61.0)
735       -3.4312e+01    (338.0,85.0,-93.0,61.0)
736       -3.4269e+01    (338.0,85.0,-93.0,62.0)
737       -3.4388e+01    (338.0,85.0,-94.0,62.0)
738       -3.4339e+01    (338.0,84.0,-94.0,62.0)
739       -3.4356e+01    (338.0,84.0,-94.0,63.0)
740       -3.4388e+01    (338.0,83.0,-94.0,63.0)
741       -3.4296e+01    (338.0,83.0,-93.0,63.0)
742       -3.4276e+01    (338.0,83.0,-93.0,62.0)
743       -3.4289e+01    (338.0,83.0,-93.0,61.0)
744       -3.4324e+01    (338.0,83.0,-93.0,60.0)
745       -3.4230e+01    (337.0,83.0,-93.0,60.0)
746       -3.4031e+01    (337.0,83.0,-93.0,59.0)
747       -3.3806e+01    (336.0,83.0,-93.0,59.0)
748       -3.3566e+01    (336.0,83.0,-93.0,58.0)
749       -3.3312e+01    (336.0,84.0,-93.0,58.0)
750       -3.3078e+01    (336.0,84.0,-93.0,57.0)
751       -3.3032e+01    (336.0,84.0,-92.0,57.0)
752       -3.3015e+01    (336.0,84.0,-92.0,56.0)
753       -3.3060e+01    (336.0,84.0,-93.0,56.0)
754       -3.3141e+01    (336.0,85.0,-93.0,56.0)
755       -3.3095e+01    (336.0,85.0,-92.0,56.0)
756       -3.3113e+01    (336.0,85.0,-92.0,57.0)
757       -3.3158e+01    (336.0,85.0,-93.0,57.0)
758       -3.3384e+01    (336.0,85.0,-93.0,58.0)
759       -3.3339e+01    (336.0,85.0,-92.0,58.0)
760       -3.3267e+01    (336.0,84.0,-92.0,58.0)
761       -3.3442e+01    (336.0,84.0,-91.0,58.0)
762       -3.3274e+01    (336.0,84.0,-91.0,57.0)
763       -3.3254e+01    (336.0,84.0,-91.0,56.0)
764       -3.3321e+01    (336.0,85.0,-91.0,56.0)
765       -3.3343e+01    (336.0,85.0,-91.0,57.0)
766       -3.3504e+01    (336.0,85.0,-91.0,58.0)
767       -3.3593e+01    (335.0,85.0,-91.0,58.0)
768       -3.3510e+01    (335.0,85.0,-91.0,57.0)
769       -3.3442e+01    (335.0,85.0,-92.0,57.0)
770       -3.3384e+01    (335.0,84.0,-92.0,57.0)
771       -3.3360e+01    (335.0,84.0,-92.0,56.0)
772       -3.3406e+01    (335.0,84.0,-93.0,56.0)
773       -3.3429e+01    (335.0,84.0,-93.0,57.0)
774       -3.3488e+01    (335.0,85.0,-93.0,57.0)
775       -3.3464e+01    (335.0,85.0,-93.0,56.0)
776       -3.3418e+01    (335.0,85.0,-92.0,56.0)
777       -3.3479e+01    (335.0,85.0,-92.0,55.0)
778       -3.3282e+01    (336.0,85.0,-92.0,55.0)
779       -3.3212e+01    (336.0,84.0,-92.0,55.0)
780       -3.3257e+01    (336.0,84.0,-93.0,55.0)
781       -3.3328e+01    (336.0,85.0,-93.0,55.0)
782       -3.3525e+01    (335.0,85.0,-93.0,55.0)
783       -3.3471e+01    (335.0,84.0,-93.0,55.0)
784       -3.3425e+01    (335.0,84.0,-92.0,55.0)
785       -3.3466e+01    (335.0,84.0,-91.0,55.0)
786       -3.3377e+01    (336.0,84.0,-91.0,55.0)
787       -3.3439e+01    (336.0,85.0,-91.0,55.0)
788       -3.3516e+01    (335.0,85.0,-91.0,55.0)
789       -3.3484e+01    (335.0,85.0,-91.0,56.0)
790       -3.3431e+01    (335.0,84.0,-91.0,56.0)
791       -3.3457e+01    (335.0,84.0,-91.0,57.0)
792       -3.3522e+01    (335.0,83.0,-91.0,57.0)
793       -3.3492e+01    (336.0,83.0,-91.0,57.0)
794       -3.3376e+01    (336.0,83.0,-92.0,57.0)
795       -3.3354e+01    (336.0,83.0,-92.0,56.0)
796       -3.3400e+01    (336.0,83.0,-93.0,56.0)
797       -3.3422e+01    (336.0,83.0,-93.0,57.0)
798       -3.3547e+01    (335.0,83.0,-93.0,57.0)
799       -3.3501e+01    (335.0,83.0,-92.0,57.0)
800       -3.3475e+01    (335.0,83.0,-92.0,56.0)
801       -3.3496e+01    (335.0,83.0,-91.0,56.0)
802       -3.3468e+01    (336.0,83.0,-91.0,56.0)
803       -3.3526e+01    (336.0,83.0,-91.0,55.0)
804       -3.3453e+01    (336.0,83.0,-92.0,55.0)
805       -3.3499e+01    (336.0,83.0,-93.0,55.0)
806       -3.3546e+01    (335.0,83.0,-93.0,55.0)
807       -3.3500e+01    (335.0,83.0,-92.0,55.0)
808       -3.3503e+01    (335.0,83.0,-91.0,55.0)
809       -3.3536e+01    (335.0,83.0,-91.0,54.0)
810       -3.3466e+01    (334.0,83.0,-91.0,54.0)
811       -3.3345e+01    (334.0,83.0,-91.0,53.0)
812       -3.3147e+01    (333.0,83.0,-91.0,53.0)
813       -3.2965e+01    (333.0,83.0,-91.0,52.0)
814       -3.2832e+01    (333.0,84.0,-91.0,52.0)
815       -3.2629e+01    (333.0,84.0,-91.0,51.0)
816       -3.2397e+01    (333.0,84.0,-92.0,51.0)
817       -3.2318e+01    (333.0,84.0,-92.0,50.0)
818       -3.2363e+01    (333.0,84.0,-93.0,50.0)
819       -3.2442e+01    (333.0,84.0,-93.0,51.0)
820       -3.2521e+01    (333.0,85.0,-93.0,51.0)
821       -3.2445e+01    (333.0,85.0,-93.0,50.0)
822       -3.2400e+01    (333.0,85.0,-92.0,50.0)
823       -3.2476e+01    (333.0,85.0,-92.0,51.0)
824       -3.2692e+01    (332.0,85.0,-92.0,51.0)
825       -3.2630e+01    (332.0,84.0,-92.0,51.0)
826       -3.2577e+01    (332.0,84.0,-92.0,50.0)
827       -3.2622e+01    (332.0,84.0,-93.0,50.0)
828       -3.2676e+01    (332.0,84.0,-93.0,51.0)
829       -3.2738e+01    (332.0,85.0,-93.0,51.0)
830       -3.2686e+01    (332.0,85.0,-93.0,50.0)
831       -3.2640e+01    (332.0,85.0,-92.0,50.0)
832       -3.2702e+01    (332.0,85.0,-92.0,49.0)
833       -3.2537e+01    (333.0,85.0,-92.0,49.0)
834       -3.2463e+01    (333.0,84.0,-92.0,49.0)
835       -3.2508e+01    (333.0,84.0,-93.0,49.0)
836       -3.2583e+01    (333.0,85.0,-93.0,49.0)
837       -3.2747e+01    (332.0,85.0,-93.0,49.0)
838       -3.2688e+01    (332.0,84.0,-93.0,49.0)
839       -3.2642e+01    (332.0,84.0,-92.0,49.0)
840       -3.2725e+01    (332.0,84.0,-91.0,49.0)
841       -3.2658e+01    (333.0,84.0,-91.0,49.0)
842       -3.2568e+01    (333.0,84.0,-91.0,50.0)
843       -3.2637e+01    (333.0,85.0,-91.0,50.0)
844       -3.2697e+01    (333.0,85.0,-91.0,51.0)
845       -3.2788e+01    (332.0,85.0,-91.0,51.0)
846       -3.2733e+01    (332.0,84.0,-91.0,51.0)
847       -3.2688e+01    (332.0,84.0,-91.0,50.0)
848       -3.2745e+01    (332.0,85.0,-91.0,50.0)
849       -3.2779e+01    (332.0,85.0,-91.0,49.0)
850       -3.2722e+01    (333.0,85.0,-91.0,49.0)
851       -3.2924e+01    (333.0,85.0,-91.0,48.0)
852       -3.2849e+01    (333.0,85.0,-92.0,48.0)
853       -3.2789e+01    (333.0,84.0,-92.0,48.0)
854       -3.2805e+01    (332.0,84.0,-92.0,48.0)
855       -3.2826e+01    (332.0,84.0,-91.0,48.0)
856       -3.2846e+01    (332.0,83.0,-91.0,48.0)
857       -3.2799e+01    (332.0,83.0,-91.0,49.0)
858       -3.2772e+01    (332.0,83.0,-92.0,49.0)
859       -3.2744e+01    (333.0,83.0,-92.0,49.0)
860       -3.2673e+01    (333.0,83.0,-92.0,50.0)
861       -3.2718e+01    (333.0,83.0,-93.0,50.0)
862       -3.2774e+01    (333.0,83.0,-93.0,51.0)
863       -3.2728e+01    (333.0,83.0,-92.0,51.0)
864       -3.2787e+01    (332.0,83.0,-92.0,51.0)
865       -3.2746e+01    (332.0,83.0,-92.0,50.0)
866       -3.2789e+01    (332.0,83.0,-91.0,50.0)
867       -3.2794e+01    (333.0,83.0,-91.0,50.0)
868       -3.2834e+01    (333.0,83.0,-91.0,49.0)
869       -3.2943e+01    (333.0,83.0,-91.0,48.0)
870       -3.2870e+01    (333.0,84.0,-91.0,48.0)
871       -3.3036e+01    (333.0,84.0,-90.0,48.0)
872       -3.2894e+01    (332.0,84.0,-90.0,48.0)
873       -3.2777e+01    (331.0,84.0,-90.0,48.0)
874       -3.2635e+01    (331.0,84.0,-89.0,48.0)
875       -3.2369e+01    (330.0,84.0,-89.0,48.0)
876       -3.2156e+01    (330.0,84.0,-88.0,48.0)
877       -3.1869e+01    (330.0,84.0,-88.0,49.0)
878       -3.1717e+01    (330.0,84.0,-87.0,49.0)
879       -3.1566e+01    (330.0,84.0,-87.0,50.0)
880       -3.1646e+01    (330.0,84.0,-87.0,51.0)
881       -3.1727e+01    (330.0,85.0,-87.0,51.0)
882       -3.1649e+01    (330.0,85.0,-87.0,50.0)
883       -3.1770e+01    (330.0,85.0,-86.0,50.0)
884       -3.1694e+01    (330.0,84.0,-86.0,50.0)
885       -3.1764e+01    (330.0,84.0,-86.0,51.0)
886       -3.1838e+01    (330.0,85.0,-86.0,51.0)
887       -3.1914e+01    (329.0,85.0,-86.0,51.0)
888       -3.1851e+01    (329.0,84.0,-86.0,51.0)
889       -3.1789e+01    (329.0,84.0,-87.0,51.0)
890       -3.1728e+01    (329.0,84.0,-87.0,50.0)
891       -3.1796e+01    (329.0,84.0,-86.0,50.0)
892       -3.1860e+01    (329.0,85.0,-86.0,50.0)
893       -3.1797e+01    (329.0,85.0,-87.0,50.0)
894       -3.1857e+01    (329.0,85.0,-87.0,51.0)
895       -3.1979e+01    (329.0,85.0,-88.0,51.0)
896       -3.1892e+01    (330.0,85.0,-88.0,51.0)
897       -3.1816e+01    (330.0,84.0,-88.0,51.0)
898       -3.1744e+01    (330.0,84.0,-88.0,50.0)
899       -3.1821e+01    (330.0,85.0,-88.0,50.0)
900       -3.1924e+01    (329.0,85.0,-88.0,50.0)
901       -3.1859e+01    (329.0,84.0,-88.0,50.0)
902       -3.1915e+01    (329.0,84.0,-88.0,51.0)
903       -3.2089e+01    (329.0,83.0,-88.0,51.0)
904       -3.1999e+01    (329.0,83.0,-87.0,51.0)
905       -3.1954e+01    (329.0,83.0,-87.0,50.0)
906       -3.1934e+01    (330.0,83.0,-87.0,50.0)
907       -3.1987e+01    (330.0,83.0,-86.0,50.0)
908       -3.1973e+01    (329.0,83.0,-86.0,50.0)
909       -3.2001e+01    (329.0,83.0,-86.0,49.0)
910       -3.1865e+01    (329.0,84.0,-86.0,49.0)
911       -3.1812e+01    (330.0,84.0,-86.0,49.0)
912       -3.1882e+01    (330.0,85.0,-86.0,49.0)
913       -3.1792e+01    (330.0,85.0,-87.0,49.0)
914       -3.1882e+01    (329.0,85.0,-87.0,49.0)
915       -3.1818e+01    (329.0,84.0,-87.0,49.0)
916       -3.1933e+01    (329.0,84.0,-88.0,49.0)
917       -3.1993e+01    (329.0,85.0,-88.0,49.0)
918       -3.1940e+01    (330.0,85.0,-88.0,49.0)
919       -3.2213e+01    (330.0,85.0,-88.0,48.0)
920       -3.2115e+01    (330.0,85.0,-87.0,48.0)
921       -3.2055e+01    (330.0,84.0,-87.0,48.0)
922       -3.2030e+01    (329.0,84.0,-87.0,48.0)
923       -3.2034e+01    (329.0,84.0,-86.0,48.0)
924       -3.2085e+01    (330.0,84.0,-86.0,48.0)
925       -3.2142e+01    (330.0,85.0,-86.0,48.0)
926       -3.2086e+01    (329.0,85.0,-86.0,48.0)
927       -3.1925e+01    (329.0,85.0,-86.0,49.0)
928       -3.2096e+01    (329.0,85.0,-85.0,49.0)
929       -3.2045e+01    (329.0,84.0,-85.0,49.0)
930       -3.2028e+01    (329.0,84.0,-85.0,50.0)
931       -3.2066e+01    (329.0,84.0,-85.0,51.0)
932       -3.2117e+01    (330.0,84.0,-85.0,51.0)
933       -3.2071e+01    (330.0,84.0,-85.0,50.0)
934       -3.2112e+01    (330.0,84.0,-85.0,49.0)
935       -3.2166e+01    (330.0,85.0,-85.0,49.0)
936       -3.2129e+01    (330.0,85.0,-85.0,50.0)
937       -3.2080e+01    (329.0,85.0,-85.0,50.0)
938       -3.2118e+01    (329.0,85.0,-85.0,51.0)
939       -3.2173e+01    (330.0,85.0,-85.0,51.0)
940       -3.2296e+01    (330.0,85.0,-85.0,52.0)
941       -3.2076e+01    (330.0,85.0,-86.0,52.0)
942       -3.2012e+01    (330.0,84.0,-86.0,52.0)
943       -3.1944e+01    (330.0,84.0,-87.0,52.0)
944       -3.1992e+01    (329.0,84.0,-87.0,52.0)
945       -3.2022e+01    (329.0,84.0,-86.0,52.0)
946       -3.2078e+01    (329.0,85.0,-86.0,52.0)
947       -3.2052e+01    (329.0,85.0,-87.0,52.0)
948       -3.2013e+01    (330.0,85.0,-87.0,52.0)
949       -3.2140e+01    (330.0,85.0,-88.0,52.0)
950       -3.2075e+01    (330.0,84.0,-88.0,52.0)
951       -3.2093e+01    (329.0,84.0,-88.0,52.0)
952       -3.2150e+01    (329.0,85.0,-88.0,52.0)
953       -3.2355e+01    (329.0,85.0,-89.0,52.0)
954       -3.2255e+01    (329.0,85.0,-89.0,51.0)
955       -3.2202e+01    (329.0,84.0,-89.0,51.0)
956       -3.2161e+01    (329.0,84.0,-89.0,50.0)
957       -3.2183e+01    (330.0,84.0,-89.0,50.0)
958       -3.2233e+01    (330.0,84.0,-89.0,51.0)
959       -3.2292e+01    (330.0,85.0,-89.0,51.0)
960       -3.2243e+01    (330.0,85.0,-89.0,50.0)
961       -3.2215e+01    (329.0,85.0,-89.0,50.0)
962       -3.2238e+01    (329.0,85.0,-89.0,49.0)
963       -3.2187e+01    (329.0,84.0,-89.0,49.0)
964       -3.2235e+01    (330.0,84.0,-89.0,49.0)
965       -3.2292e+01    (330.0,85.0,-89.0,49.0)
966       -3.2419e+01    (330.0,85.0,-89.0,48.0)
967       -3.2313e+01    (329.0,85.0,-89.0,48.0)
968       -3.2163e+01    (329.0,85.0,-88.0,48.0)
969       -3.2084e+01    (329.0,85.0,-87.0,48.0)
970       -3.2258e+01    (329.0,86.0,-87.0,48.0)
971       -3.2175e+01    (329.0,86.0,-87.0,49.0)
972       -3.2148e+01    (329.0,86.0,-87.0,50.0)
973       -3.2155e+01    (329.0,86.0,-86.0,50.0)
974       -3.2173e+01    (329.0,86.0,-86.0,49.0)
975       -3.2232e+01    (329.0,86.0,-85.0,49.0)
976       -3.2190e+01    (328.0,86.0,-85.0,49.0)
977       -3.2089e+01    (328.0,86.0,-84.0,49.0)
978       -3.1879e+01    (327.0,86.0,-84.0,49.0)
979       -3.1668e+01    (327.0,86.0,-83.0,49.0)
980       -3.1364e+01    (327.0,85.0,-83.0,49.0)
981       -3.1126e+01    (327.0,85.0,-82.0,49.0)
982       -3.0992e+01    (327.0,85.0,-82.0,50.0)
983       -3.0911e+01    (327.0,84.0,-82.0,50.0)
984       -3.0906e+01    (327.0,84.0,-81.0,50.0)
985       -3.0933e+01    (326.0,84.0,-81.0,50.0)
986       -3.0946e+01    (326.0,84.0,-82.0,50.0)
987       -3.1012e+01    (326.0,84.0,-82.0,51.0)
988       -3.0988e+01    (327.0,84.0,-82.0,51.0)
989       -3.0981e+01    (327.0,84.0,-81.0,51.0)
990       -3.0998e+01    (326.0,84.0,-81.0,51.0)
991       -3.1067e+01    (326.0,85.0,-81.0,51.0)
992       -3.1005e+01    (326.0,85.0,-81.0,50.0)
993       -3.0986e+01    (327.0,85.0,-81.0,50.0)
994       -3.1059e+01    (327.0,85.0,-81.0,51.0)
995       -3.1067e+01    (327.0,85.0,-82.0,51.0)
996       -3.1082e+01    (326.0,85.0,-82.0,51.0)
997       -3.1018e+01    (326.0,85.0,-82.0,50.0)
998       -3.1117e+01    (326.0,85.0,-82.0,49.0)
999       -3.1050e+01    (326.0,84.0,-82.0,49.0)
