# run = 16
ltot         F            S   
0         -4.3671e+01    (-27.0,252.0,-203.0,-256.0)
1         -4.3516e+01    (-28.0,252.0,-203.0,-256.0)
2         -4.3263e+01    (-28.0,252.0,-202.0,-256.0)
3         -4.3139e+01    (-28.0,252.0,-201.0,-256.0)
4         -4.3038e+01    (-28.0,253.0,-201.0,-256.0)
5         -4.2923e+01    (-28.0,253.0,-201.0,-257.0)
6         -4.3026e+01    (-28.0,253.0,-201.0,-258.0)
7         -4.3171e+01    (-28.0,253.0,-200.0,-258.0)
8         -4.3060e+01    (-28.0,253.0,-200.0,-257.0)
9         -4.3110e+01    (-28.0,253.0,-200.0,-256.0)
10        -4.3151e+01    (-28.0,252.0,-200.0,-256.0)
11        -4.3164e+01    (-28.0,252.0,-200.0,-257.0)
12        -4.3110e+01    (-28.0,252.0,-201.0,-257.0)
13        -4.3222e+01    (-28.0,252.0,-201.0,-258.0)
14        -4.3281e+01    (-28.0,252.0,-200.0,-258.0)
15        -4.3391e+01    (-29.0,252.0,-200.0,-258.0)
16        -4.3272e+01    (-29.0,252.0,-200.0,-257.0)
17        -4.3220e+01    (-29.0,253.0,-200.0,-257.0)
18        -4.3135e+01    (-29.0,253.0,-201.0,-257.0)
19        -4.3196e+01    (-29.0,253.0,-201.0,-256.0)
20        -4.3230e+01    (-29.0,253.0,-200.0,-256.0)
21        -4.3233e+01    (-29.0,252.0,-200.0,-256.0)
22        -4.3246e+01    (-29.0,252.0,-201.0,-256.0)
23        -4.3252e+01    (-29.0,252.0,-201.0,-257.0)
24        -4.3368e+01    (-29.0,252.0,-201.0,-258.0)
25        -4.3244e+01    (-29.0,253.0,-201.0,-258.0)
26        -4.3334e+01    (-29.0,253.0,-200.0,-258.0)
27        -4.3526e+01    (-29.0,254.0,-200.0,-258.0)
28        -4.3382e+01    (-28.0,254.0,-200.0,-258.0)
29        -4.3268e+01    (-28.0,254.0,-201.0,-258.0)
30        -4.3162e+01    (-28.0,254.0,-201.0,-257.0)
31        -4.3246e+01    (-28.0,254.0,-201.0,-256.0)
32        -4.3297e+01    (-28.0,254.0,-200.0,-256.0)
33        -4.3269e+01    (-28.0,254.0,-200.0,-257.0)
34        -4.3410e+01    (-29.0,254.0,-200.0,-257.0)
35        -4.3349e+01    (-29.0,254.0,-201.0,-257.0)
36        -4.3386e+01    (-29.0,254.0,-201.0,-256.0)
37        -4.3403e+01    (-29.0,254.0,-200.0,-256.0)
38        -4.3474e+01    (-29.0,254.0,-200.0,-255.0)
39        -4.3330e+01    (-29.0,253.0,-200.0,-255.0)
40        -4.3253e+01    (-29.0,252.0,-200.0,-255.0)
41        -4.3213e+01    (-28.0,252.0,-200.0,-255.0)
42        -4.3193e+01    (-28.0,252.0,-199.0,-255.0)
43        -4.3104e+01    (-28.0,251.0,-199.0,-255.0)
44        -4.2975e+01    (-28.0,251.0,-199.0,-254.0)
45        -4.2817e+01    (-28.0,250.0,-199.0,-254.0)
46        -4.2628e+01    (-28.0,250.0,-199.0,-253.0)
47        -4.2456e+01    (-28.0,249.0,-199.0,-253.0)
48        -4.2239e+01    (-28.0,249.0,-200.0,-253.0)
49        -4.1926e+01    (-28.0,249.0,-200.0,-252.0)
50        -4.1771e+01    (-28.0,249.0,-200.0,-251.0)
51        -4.1624e+01    (-28.0,249.0,-201.0,-251.0)
52        -4.1636e+01    (-28.0,248.0,-201.0,-251.0)
53        -4.1669e+01    (-28.0,248.0,-201.0,-250.0)
54        -4.1684e+01    (-28.0,249.0,-201.0,-250.0)
55        -4.1782e+01    (-28.0,249.0,-200.0,-250.0)
56        -4.1737e+01    (-28.0,248.0,-200.0,-250.0)
57        -4.1746e+01    (-28.0,248.0,-200.0,-251.0)
58        -4.1889e+01    (-29.0,248.0,-200.0,-251.0)
59        -4.1825e+01    (-29.0,248.0,-201.0,-251.0)
60        -4.1824e+01    (-29.0,248.0,-201.0,-250.0)
61        -4.1854e+01    (-29.0,248.0,-200.0,-250.0)
62        -4.1907e+01    (-29.0,248.0,-200.0,-249.0)
63        -4.1841e+01    (-28.0,248.0,-200.0,-249.0)
64        -4.1857e+01    (-28.0,248.0,-201.0,-249.0)
65        -4.1926e+01    (-28.0,249.0,-201.0,-249.0)
66        -4.1925e+01    (-28.0,249.0,-200.0,-249.0)
67        -4.2000e+01    (-29.0,249.0,-200.0,-249.0)
68        -4.1916e+01    (-29.0,249.0,-200.0,-250.0)
69        -4.1863e+01    (-29.0,249.0,-201.0,-250.0)
70        -4.1844e+01    (-29.0,249.0,-201.0,-251.0)
71        -4.1935e+01    (-29.0,249.0,-200.0,-251.0)
72        -4.2084e+01    (-29.0,249.0,-200.0,-252.0)
73        -4.2000e+01    (-29.0,249.0,-201.0,-252.0)
74        -4.1789e+01    (-28.0,249.0,-201.0,-252.0)
75        -4.1796e+01    (-28.0,248.0,-201.0,-252.0)
76        -4.1897e+01    (-28.0,248.0,-200.0,-252.0)
77        -4.2034e+01    (-29.0,248.0,-200.0,-252.0)
78        -4.1978e+01    (-29.0,248.0,-201.0,-252.0)
79        -4.2111e+01    (-29.0,248.0,-202.0,-252.0)
80        -4.1939e+01    (-28.0,248.0,-202.0,-252.0)
81        -4.1781e+01    (-28.0,248.0,-202.0,-251.0)
82        -4.1776e+01    (-28.0,249.0,-202.0,-251.0)
83        -4.1827e+01    (-28.0,249.0,-202.0,-250.0)
84        -4.1805e+01    (-28.0,248.0,-202.0,-250.0)
85        -4.1952e+01    (-29.0,248.0,-202.0,-250.0)
86        -4.1961e+01    (-29.0,248.0,-202.0,-251.0)
87        -4.1985e+01    (-29.0,249.0,-202.0,-251.0)
88        -4.1996e+01    (-29.0,249.0,-202.0,-250.0)
89        -4.2140e+01    (-29.0,249.0,-202.0,-249.0)
90        -4.2023e+01    (-29.0,249.0,-201.0,-249.0)
91        -4.1941e+01    (-29.0,248.0,-201.0,-249.0)
92        -4.1978e+01    (-29.0,247.0,-201.0,-249.0)
93        -4.1901e+01    (-29.0,247.0,-200.0,-249.0)
94        -4.1844e+01    (-29.0,247.0,-199.0,-249.0)
95        -4.1743e+01    (-29.0,247.0,-199.0,-248.0)
96        -4.1609e+01    (-29.0,246.0,-199.0,-248.0)
97        -4.1455e+01    (-29.0,246.0,-199.0,-247.0)
98        -4.1285e+01    (-29.0,245.0,-199.0,-247.0)
99        -4.1113e+01    (-29.0,245.0,-199.0,-246.0)
100       -4.0916e+01    (-29.0,245.0,-200.0,-246.0)
101       -4.0740e+01    (-29.0,245.0,-200.0,-245.0)
102       -4.0580e+01    (-29.0,244.0,-200.0,-245.0)
103       -4.0417e+01    (-28.0,244.0,-200.0,-245.0)
104       -4.0272e+01    (-28.0,244.0,-201.0,-245.0)
105       -4.0271e+01    (-28.0,244.0,-201.0,-244.0)
106       -4.0383e+01    (-28.0,244.0,-200.0,-244.0)
107       -4.0493e+01    (-28.0,244.0,-200.0,-243.0)
108       -4.0465e+01    (-28.0,244.0,-201.0,-243.0)
109       -4.0538e+01    (-28.0,243.0,-201.0,-243.0)
110       -4.0473e+01    (-28.0,243.0,-201.0,-244.0)
111       -4.0499e+01    (-28.0,243.0,-200.0,-244.0)
112       -4.0514e+01    (-28.0,243.0,-200.0,-243.0)
113       -4.0557e+01    (-28.0,243.0,-199.0,-243.0)
114       -4.0493e+01    (-28.0,243.0,-199.0,-242.0)
115       -4.0379e+01    (-28.0,242.0,-199.0,-242.0)
116       -4.0248e+01    (-28.0,242.0,-199.0,-241.0)
117       -4.0069e+01    (-28.0,241.0,-199.0,-241.0)
118       -3.9891e+01    (-28.0,241.0,-199.0,-240.0)
119       -3.9711e+01    (-28.0,241.0,-200.0,-240.0)
120       -3.9434e+01    (-28.0,240.0,-200.0,-240.0)
121       -3.9191e+01    (-28.0,240.0,-200.0,-239.0)
122       -3.9040e+01    (-28.0,240.0,-201.0,-239.0)
123       -3.8981e+01    (-28.0,240.0,-201.0,-238.0)
124       -3.9038e+01    (-28.0,239.0,-201.0,-238.0)
125       -3.9108e+01    (-28.0,239.0,-201.0,-239.0)
126       -3.9209e+01    (-28.0,239.0,-200.0,-239.0)
127       -3.9125e+01    (-28.0,239.0,-200.0,-238.0)
128       -3.9116e+01    (-28.0,240.0,-200.0,-238.0)
129       -3.9199e+01    (-28.0,240.0,-200.0,-237.0)
130       -3.9138e+01    (-28.0,240.0,-201.0,-237.0)
131       -3.9139e+01    (-28.0,239.0,-201.0,-237.0)
132       -3.9167e+01    (-28.0,239.0,-200.0,-237.0)
133       -3.9260e+01    (-29.0,239.0,-200.0,-237.0)
134       -3.9253e+01    (-29.0,239.0,-200.0,-238.0)
135       -3.9208e+01    (-29.0,239.0,-201.0,-238.0)
136       -3.9191e+01    (-29.0,240.0,-201.0,-238.0)
137       -3.9263e+01    (-29.0,240.0,-201.0,-239.0)
138       -3.9289e+01    (-29.0,239.0,-201.0,-239.0)
139       -3.9345e+01    (-29.0,239.0,-200.0,-239.0)
140       -3.9358e+01    (-29.0,240.0,-200.0,-239.0)
141       -3.9273e+01    (-29.0,240.0,-200.0,-238.0)
142       -3.9311e+01    (-29.0,240.0,-200.0,-237.0)
143       -3.9286e+01    (-29.0,240.0,-201.0,-237.0)
144       -3.9260e+01    (-29.0,239.0,-201.0,-237.0)
145       -3.9382e+01    (-29.0,239.0,-202.0,-237.0)
146       -3.9267e+01    (-28.0,239.0,-202.0,-237.0)
147       -3.9178e+01    (-28.0,239.0,-202.0,-238.0)
148       -3.9131e+01    (-28.0,240.0,-202.0,-238.0)
149       -3.9193e+01    (-28.0,240.0,-202.0,-239.0)
150       -3.9251e+01    (-28.0,239.0,-202.0,-239.0)
151       -3.9423e+01    (-29.0,239.0,-202.0,-239.0)
152       -3.9339e+01    (-29.0,239.0,-202.0,-238.0)
153       -3.9330e+01    (-29.0,240.0,-202.0,-238.0)
154       -3.9405e+01    (-29.0,240.0,-202.0,-239.0)
155       -3.9648e+01    (-29.0,240.0,-202.0,-240.0)
156       -3.9472e+01    (-28.0,240.0,-202.0,-240.0)
157       -3.9328e+01    (-28.0,240.0,-201.0,-240.0)
158       -3.9363e+01    (-28.0,239.0,-201.0,-240.0)
159       -3.9427e+01    (-28.0,239.0,-200.0,-240.0)
160       -3.9541e+01    (-29.0,239.0,-200.0,-240.0)
161       -3.9514e+01    (-29.0,239.0,-201.0,-240.0)
162       -3.9514e+01    (-29.0,240.0,-201.0,-240.0)
163       -3.9573e+01    (-29.0,240.0,-200.0,-240.0)
164       -3.9775e+01    (-29.0,240.0,-199.0,-240.0)
165       -3.9626e+01    (-29.0,240.0,-199.0,-239.0)
166       -3.9517e+01    (-29.0,240.0,-199.0,-238.0)
167       -3.9428e+01    (-29.0,239.0,-199.0,-238.0)
168       -3.9348e+01    (-29.0,239.0,-199.0,-237.0)
169       -3.9290e+01    (-29.0,239.0,-199.0,-236.0)
170       -3.9189e+01    (-29.0,238.0,-199.0,-236.0)
171       -3.9089e+01    (-29.0,238.0,-199.0,-235.0)
172       -3.8935e+01    (-29.0,237.0,-199.0,-235.0)
173       -3.8785e+01    (-29.0,237.0,-199.0,-234.0)
174       -3.8611e+01    (-29.0,236.0,-199.0,-234.0)
175       -3.8457e+01    (-29.0,236.0,-199.0,-233.0)
176       -3.8223e+01    (-29.0,236.0,-200.0,-233.0)
177       -3.8070e+01    (-28.0,236.0,-200.0,-233.0)
178       -3.7942e+01    (-28.0,236.0,-201.0,-233.0)
179       -3.7812e+01    (-28.0,235.0,-201.0,-233.0)
180       -3.7691e+01    (-28.0,235.0,-201.0,-232.0)
181       -3.7783e+01    (-28.0,235.0,-201.0,-231.0)
182       -3.7859e+01    (-28.0,235.0,-200.0,-231.0)
183       -3.7823e+01    (-28.0,235.0,-200.0,-232.0)
184       -3.7943e+01    (-28.0,235.0,-200.0,-233.0)
185       -3.8098e+01    (-29.0,235.0,-200.0,-233.0)
186       -3.7979e+01    (-29.0,235.0,-200.0,-232.0)
187       -3.7899e+01    (-29.0,235.0,-201.0,-232.0)
188       -3.7944e+01    (-29.0,235.0,-201.0,-231.0)
189       -3.7981e+01    (-29.0,235.0,-200.0,-231.0)
190       -3.8039e+01    (-29.0,234.0,-200.0,-231.0)
191       -3.7967e+01    (-28.0,234.0,-200.0,-231.0)
192       -3.7973e+01    (-28.0,234.0,-201.0,-231.0)
193       -3.7978e+01    (-28.0,234.0,-201.0,-232.0)
194       -3.8002e+01    (-28.0,234.0,-200.0,-232.0)
195       -3.8092e+01    (-29.0,234.0,-200.0,-232.0)
196       -3.8095e+01    (-29.0,234.0,-201.0,-232.0)
197       -3.8066e+01    (-29.0,234.0,-201.0,-231.0)
198       -3.8104e+01    (-29.0,234.0,-201.0,-230.0)
199       -3.8036e+01    (-29.0,234.0,-200.0,-230.0)
200       -3.7996e+01    (-28.0,234.0,-200.0,-230.0)
201       -3.7975e+01    (-28.0,234.0,-199.0,-230.0)
202       -3.7906e+01    (-28.0,233.0,-199.0,-230.0)
203       -3.7772e+01    (-28.0,233.0,-199.0,-229.0)
204       -3.7635e+01    (-28.0,232.0,-199.0,-229.0)
205       -3.7446e+01    (-28.0,232.0,-199.0,-228.0)
206       -3.7282e+01    (-28.0,232.0,-199.0,-227.0)
207       -3.7042e+01    (-28.0,232.0,-200.0,-227.0)
208       -3.6782e+01    (-28.0,231.0,-200.0,-227.0)
209       -3.6617e+01    (-28.0,231.0,-200.0,-226.0)
210       -3.6465e+01    (-28.0,231.0,-201.0,-226.0)
211       -3.6512e+01    (-28.0,231.0,-201.0,-225.0)
212       -3.6594e+01    (-28.0,230.0,-201.0,-225.0)
213       -3.6588e+01    (-28.0,230.0,-201.0,-226.0)
214       -3.6676e+01    (-28.0,230.0,-200.0,-226.0)
215       -3.6650e+01    (-28.0,230.0,-200.0,-225.0)
216       -3.6621e+01    (-28.0,231.0,-200.0,-225.0)
217       -3.6762e+01    (-29.0,231.0,-200.0,-225.0)
218       -3.6700e+01    (-29.0,231.0,-201.0,-225.0)
219       -3.6689e+01    (-29.0,231.0,-201.0,-226.0)
220       -3.6759e+01    (-29.0,230.0,-201.0,-226.0)
221       -3.6739e+01    (-29.0,230.0,-201.0,-225.0)
222       -3.6760e+01    (-29.0,230.0,-200.0,-225.0)
223       -3.6796e+01    (-29.0,230.0,-200.0,-224.0)
224       -3.6730e+01    (-28.0,230.0,-200.0,-224.0)
225       -3.6744e+01    (-28.0,230.0,-201.0,-224.0)
226       -3.6750e+01    (-28.0,231.0,-201.0,-224.0)
227       -3.6765e+01    (-28.0,231.0,-200.0,-224.0)
228       -3.6849e+01    (-29.0,231.0,-200.0,-224.0)
229       -3.6860e+01    (-29.0,231.0,-201.0,-224.0)
230       -3.6830e+01    (-29.0,230.0,-201.0,-224.0)
231       -3.6919e+01    (-29.0,229.0,-201.0,-224.0)
232       -3.6831e+01    (-29.0,229.0,-200.0,-224.0)
233       -3.6755e+01    (-29.0,229.0,-199.0,-224.0)
234       -3.6654e+01    (-29.0,229.0,-199.0,-223.0)
235       -3.6536e+01    (-29.0,228.0,-199.0,-223.0)
236       -3.6382e+01    (-29.0,228.0,-199.0,-222.0)
237       -3.6234e+01    (-29.0,227.0,-199.0,-222.0)
238       -3.6066e+01    (-29.0,227.0,-199.0,-221.0)
239       -3.5862e+01    (-29.0,227.0,-200.0,-221.0)
240       -3.5678e+01    (-29.0,227.0,-200.0,-220.0)
241       -3.5516e+01    (-28.0,227.0,-200.0,-220.0)
242       -3.5374e+01    (-28.0,227.0,-201.0,-220.0)
243       -3.5301e+01    (-28.0,226.0,-201.0,-220.0)
244       -3.5279e+01    (-28.0,226.0,-201.0,-219.0)
245       -3.5356e+01    (-28.0,227.0,-201.0,-219.0)
246       -3.5474e+01    (-28.0,227.0,-200.0,-219.0)
247       -3.5387e+01    (-28.0,226.0,-200.0,-219.0)
248       -3.5433e+01    (-28.0,226.0,-200.0,-220.0)
249       -3.5588e+01    (-29.0,226.0,-200.0,-220.0)
250       -3.5508e+01    (-29.0,226.0,-201.0,-220.0)
251       -3.5466e+01    (-29.0,226.0,-201.0,-219.0)
252       -3.5528e+01    (-29.0,226.0,-200.0,-219.0)
253       -3.5576e+01    (-29.0,226.0,-200.0,-218.0)
254       -3.5481e+01    (-28.0,226.0,-200.0,-218.0)
255       -3.5447e+01    (-28.0,226.0,-201.0,-218.0)
256       -3.5537e+01    (-28.0,227.0,-201.0,-218.0)
257       -3.5577e+01    (-28.0,227.0,-200.0,-218.0)
258       -3.5676e+01    (-29.0,227.0,-200.0,-218.0)
259       -3.5620e+01    (-29.0,227.0,-200.0,-219.0)
260       -3.5551e+01    (-29.0,227.0,-201.0,-219.0)
261       -3.5590e+01    (-29.0,227.0,-201.0,-220.0)
262       -3.5730e+01    (-29.0,227.0,-202.0,-220.0)
263       -3.5526e+01    (-28.0,227.0,-202.0,-220.0)
264       -3.5451e+01    (-28.0,226.0,-202.0,-220.0)
265       -3.5423e+01    (-28.0,226.0,-202.0,-219.0)
266       -3.5503e+01    (-28.0,227.0,-202.0,-219.0)
267       -3.5667e+01    (-28.0,227.0,-202.0,-218.0)
268       -3.5576e+01    (-28.0,226.0,-202.0,-218.0)
269       -3.5695e+01    (-29.0,226.0,-202.0,-218.0)
270       -3.5573e+01    (-29.0,226.0,-201.0,-218.0)
271       -3.5664e+01    (-29.0,225.0,-201.0,-218.0)
272       -3.5597e+01    (-28.0,225.0,-201.0,-218.0)
273       -3.5560e+01    (-28.0,225.0,-200.0,-218.0)
274       -3.5573e+01    (-28.0,225.0,-200.0,-219.0)
275       -3.5575e+01    (-28.0,225.0,-201.0,-219.0)
276       -3.5643e+01    (-28.0,225.0,-201.0,-220.0)
277       -3.5653e+01    (-28.0,225.0,-200.0,-220.0)
278       -3.5734e+01    (-29.0,225.0,-200.0,-220.0)
279       -3.5647e+01    (-29.0,225.0,-200.0,-219.0)
280       -3.5613e+01    (-29.0,225.0,-200.0,-218.0)
281       -3.5606e+01    (-29.0,225.0,-199.0,-218.0)
282       -3.5531e+01    (-29.0,225.0,-199.0,-217.0)
283       -3.5432e+01    (-29.0,224.0,-199.0,-217.0)
284       -3.5303e+01    (-29.0,224.0,-199.0,-216.0)
285       -3.5155e+01    (-29.0,223.0,-199.0,-216.0)
286       -3.4993e+01    (-29.0,223.0,-199.0,-215.0)
287       -3.4857e+01    (-29.0,223.0,-200.0,-215.0)
288       -3.4657e+01    (-29.0,223.0,-200.0,-214.0)
289       -3.4455e+01    (-29.0,222.0,-200.0,-214.0)
290       -3.4290e+01    (-28.0,222.0,-200.0,-214.0)
291       -3.4142e+01    (-28.0,222.0,-201.0,-214.0)
292       -3.4065e+01    (-28.0,222.0,-201.0,-213.0)
293       -3.4205e+01    (-28.0,222.0,-200.0,-213.0)
294       -3.4281e+01    (-28.0,222.0,-200.0,-212.0)
295       -3.4208e+01    (-28.0,222.0,-201.0,-212.0)
296       -3.4295e+01    (-28.0,221.0,-201.0,-212.0)
297       -3.4228e+01    (-28.0,221.0,-201.0,-213.0)
298       -3.4294e+01    (-28.0,221.0,-200.0,-213.0)
299       -3.4315e+01    (-28.0,221.0,-200.0,-212.0)
300       -3.4402e+01    (-29.0,221.0,-200.0,-212.0)
301       -3.4400e+01    (-29.0,222.0,-200.0,-212.0)
302       -3.4365e+01    (-29.0,222.0,-200.0,-213.0)
303       -3.4279e+01    (-29.0,222.0,-201.0,-213.0)
304       -3.4362e+01    (-29.0,222.0,-201.0,-214.0)
305       -3.4472e+01    (-29.0,221.0,-201.0,-214.0)
306       -3.4315e+01    (-28.0,221.0,-201.0,-214.0)
307       -3.4386e+01    (-28.0,221.0,-200.0,-214.0)
308       -3.4505e+01    (-29.0,221.0,-200.0,-214.0)
309       -3.4410e+01    (-29.0,221.0,-200.0,-213.0)
310       -3.4381e+01    (-29.0,221.0,-201.0,-213.0)
311       -3.4409e+01    (-29.0,221.0,-201.0,-212.0)
312       -3.4366e+01    (-29.0,222.0,-201.0,-212.0)
313       -3.4495e+01    (-29.0,222.0,-202.0,-212.0)
314       -3.4345e+01    (-28.0,222.0,-202.0,-212.0)
315       -3.4217e+01    (-28.0,222.0,-202.0,-213.0)
316       -3.4295e+01    (-28.0,222.0,-202.0,-214.0)
317       -3.4451e+01    (-28.0,221.0,-202.0,-214.0)
318       -3.4364e+01    (-28.0,221.0,-202.0,-213.0)
319       -3.4421e+01    (-28.0,221.0,-202.0,-212.0)
320       -3.4529e+01    (-29.0,221.0,-202.0,-212.0)
321       -3.4509e+01    (-29.0,221.0,-202.0,-213.0)
322       -3.4419e+01    (-29.0,222.0,-202.0,-213.0)
323       -3.4504e+01    (-29.0,222.0,-202.0,-214.0)
324       -3.4600e+01    (-29.0,221.0,-202.0,-214.0)
325       -3.4808e+01    (-29.0,221.0,-202.0,-215.0)
326       -3.4685e+01    (-29.0,221.0,-201.0,-215.0)
327       -3.4558e+01    (-28.0,221.0,-201.0,-215.0)
328       -3.4446e+01    (-28.0,222.0,-201.0,-215.0)
329       -3.4541e+01    (-28.0,222.0,-200.0,-215.0)
330       -3.4593e+01    (-28.0,221.0,-200.0,-215.0)
331       -3.4690e+01    (-29.0,221.0,-200.0,-215.0)
332       -3.4674e+01    (-29.0,222.0,-200.0,-215.0)
333       -3.4622e+01    (-29.0,222.0,-201.0,-215.0)
334       -3.4755e+01    (-29.0,222.0,-202.0,-215.0)
335       -3.4588e+01    (-28.0,222.0,-202.0,-215.0)
336       -3.4687e+01    (-28.0,221.0,-202.0,-215.0)
337       -3.4971e+01    (-28.0,221.0,-203.0,-215.0)
338       -3.4785e+01    (-28.0,221.0,-203.0,-214.0)
339       -3.4690e+01    (-28.0,221.0,-203.0,-213.0)
340       -3.4642e+01    (-28.0,222.0,-203.0,-213.0)
341       -3.4680e+01    (-28.0,222.0,-203.0,-212.0)
342       -3.4684e+01    (-28.0,221.0,-203.0,-212.0)
343       -3.4742e+01    (-28.0,221.0,-203.0,-211.0)
344       -3.4581e+01    (-28.0,221.0,-202.0,-211.0)
345       -3.4471e+01    (-28.0,221.0,-201.0,-211.0)
346       -3.4415e+01    (-28.0,221.0,-200.0,-211.0)
347       -3.4399e+01    (-28.0,221.0,-199.0,-211.0)
348       -3.4324e+01    (-28.0,220.0,-199.0,-211.0)
349       -3.4224e+01    (-28.0,220.0,-199.0,-210.0)
350       -3.4080e+01    (-28.0,219.0,-199.0,-210.0)
351       -3.3919e+01    (-28.0,219.0,-199.0,-209.0)
352       -3.3756e+01    (-28.0,218.0,-199.0,-209.0)
353       -3.3539e+01    (-28.0,218.0,-200.0,-209.0)
354       -3.3252e+01    (-28.0,218.0,-200.0,-208.0)
355       -3.3118e+01    (-28.0,218.0,-201.0,-208.0)
356       -3.2979e+01    (-28.0,218.0,-201.0,-207.0)
357       -3.2962e+01    (-28.0,217.0,-201.0,-207.0)
358       -3.3027e+01    (-28.0,217.0,-201.0,-206.0)
359       -3.3063e+01    (-28.0,218.0,-201.0,-206.0)
360       -3.3157e+01    (-28.0,218.0,-200.0,-206.0)
361       -3.3101e+01    (-28.0,217.0,-200.0,-206.0)
362       -3.3081e+01    (-28.0,217.0,-200.0,-207.0)
363       -3.3123e+01    (-28.0,218.0,-200.0,-207.0)
364       -3.3286e+01    (-29.0,218.0,-200.0,-207.0)
365       -3.3196e+01    (-29.0,218.0,-201.0,-207.0)
366       -3.3159e+01    (-29.0,217.0,-201.0,-207.0)
367       -3.3187e+01    (-29.0,217.0,-201.0,-206.0)
368       -3.3222e+01    (-29.0,217.0,-200.0,-206.0)
369       -3.3229e+01    (-29.0,217.0,-200.0,-207.0)
370       -3.3351e+01    (-29.0,217.0,-200.0,-208.0)
371       -3.3208e+01    (-28.0,217.0,-200.0,-208.0)
372       -3.3097e+01    (-28.0,217.0,-201.0,-208.0)
373       -3.3242e+01    (-28.0,217.0,-202.0,-208.0)
374       -3.3109e+01    (-28.0,217.0,-202.0,-207.0)
375       -3.3131e+01    (-28.0,218.0,-202.0,-207.0)
376       -3.3205e+01    (-28.0,218.0,-202.0,-206.0)
377       -3.3165e+01    (-28.0,217.0,-202.0,-206.0)
378       -3.3316e+01    (-29.0,217.0,-202.0,-206.0)
379       -3.3295e+01    (-29.0,217.0,-202.0,-207.0)
380       -3.3337e+01    (-29.0,218.0,-202.0,-207.0)
381       -3.3371e+01    (-29.0,218.0,-202.0,-206.0)
382       -3.3239e+01    (-29.0,218.0,-201.0,-206.0)
383       -3.3289e+01    (-29.0,218.0,-200.0,-206.0)
384       -3.3394e+01    (-29.0,218.0,-200.0,-205.0)
385       -3.3305e+01    (-29.0,217.0,-200.0,-205.0)
386       -3.3239e+01    (-28.0,217.0,-200.0,-205.0)
387       -3.3252e+01    (-28.0,217.0,-201.0,-205.0)
388       -3.3325e+01    (-28.0,218.0,-201.0,-205.0)
389       -3.3321e+01    (-28.0,218.0,-200.0,-205.0)
390       -3.3402e+01    (-28.0,218.0,-199.0,-205.0)
391       -3.3302e+01    (-28.0,217.0,-199.0,-205.0)
392       -3.3237e+01    (-28.0,216.0,-199.0,-205.0)
393       -3.3172e+01    (-28.0,216.0,-199.0,-204.0)
394       -3.3049e+01    (-28.0,215.0,-199.0,-204.0)
395       -3.2914e+01    (-28.0,215.0,-199.0,-203.0)
396       -3.2742e+01    (-28.0,214.0,-199.0,-203.0)
397       -3.2581e+01    (-28.0,214.0,-199.0,-202.0)
398       -3.2312e+01    (-28.0,214.0,-200.0,-202.0)
399       -3.2132e+01    (-28.0,213.0,-200.0,-202.0)
400       -3.1959e+01    (-28.0,213.0,-200.0,-201.0)
401       -3.1810e+01    (-28.0,213.0,-201.0,-201.0)
402       -3.1837e+01    (-28.0,213.0,-201.0,-200.0)
403       -3.1952e+01    (-28.0,213.0,-200.0,-200.0)
404       -3.2056e+01    (-28.0,212.0,-200.0,-200.0)
405       -3.2019e+01    (-28.0,212.0,-201.0,-200.0)
406       -3.2038e+01    (-28.0,212.0,-201.0,-201.0)
407       -3.2097e+01    (-28.0,212.0,-200.0,-201.0)
408       -3.2208e+01    (-29.0,212.0,-200.0,-201.0)
409       -3.2124e+01    (-29.0,213.0,-200.0,-201.0)
410       -3.2031e+01    (-29.0,213.0,-201.0,-201.0)
411       -3.2030e+01    (-29.0,213.0,-201.0,-200.0)
412       -3.2097e+01    (-29.0,213.0,-200.0,-200.0)
413       -3.2154e+01    (-29.0,212.0,-200.0,-200.0)
414       -3.2148e+01    (-29.0,212.0,-201.0,-200.0)
415       -3.2185e+01    (-29.0,212.0,-201.0,-201.0)
416       -3.2311e+01    (-29.0,212.0,-202.0,-201.0)
417       -3.2172e+01    (-28.0,212.0,-202.0,-201.0)
418       -3.1963e+01    (-28.0,213.0,-202.0,-201.0)
419       -3.1983e+01    (-28.0,213.0,-202.0,-200.0)
420       -3.2149e+01    (-28.0,212.0,-202.0,-200.0)
421       -3.2245e+01    (-28.0,212.0,-202.0,-199.0)
422       -3.2127e+01    (-28.0,212.0,-201.0,-199.0)
423       -3.2061e+01    (-28.0,213.0,-201.0,-199.0)
424       -3.2089e+01    (-28.0,213.0,-200.0,-199.0)
425       -3.2108e+01    (-28.0,212.0,-200.0,-199.0)
426       -3.2163e+01    (-28.0,212.0,-199.0,-199.0)
427       -3.2128e+01    (-28.0,212.0,-199.0,-198.0)
428       -3.2028e+01    (-28.0,211.0,-199.0,-198.0)
429       -3.1926e+01    (-28.0,211.0,-199.0,-197.0)
430       -3.1760e+01    (-28.0,210.0,-199.0,-197.0)
431       -3.1608e+01    (-28.0,210.0,-199.0,-196.0)
432       -3.1446e+01    (-28.0,210.0,-200.0,-196.0)
433       -3.1158e+01    (-28.0,209.0,-200.0,-196.0)
434       -3.0941e+01    (-28.0,209.0,-200.0,-195.0)
435       -3.0791e+01    (-28.0,209.0,-201.0,-195.0)
436       -3.0759e+01    (-28.0,209.0,-201.0,-194.0)
437       -3.0788e+01    (-28.0,208.0,-201.0,-194.0)
438       -3.0831e+01    (-28.0,208.0,-201.0,-195.0)
439       -3.0942e+01    (-28.0,208.0,-200.0,-195.0)
440       -3.0884e+01    (-28.0,208.0,-200.0,-194.0)
441       -3.0891e+01    (-28.0,209.0,-200.0,-194.0)
442       -3.0996e+01    (-28.0,209.0,-200.0,-193.0)
443       -3.0939e+01    (-28.0,209.0,-201.0,-193.0)
444       -3.0925e+01    (-28.0,208.0,-201.0,-193.0)
445       -3.0959e+01    (-28.0,208.0,-200.0,-193.0)
446       -3.1055e+01    (-29.0,208.0,-200.0,-193.0)
447       -3.1018e+01    (-29.0,208.0,-200.0,-194.0)
448       -3.0966e+01    (-29.0,208.0,-201.0,-194.0)
449       -3.0966e+01    (-29.0,209.0,-201.0,-194.0)
450       -3.1013e+01    (-29.0,209.0,-201.0,-195.0)
451       -3.1021e+01    (-29.0,208.0,-201.0,-195.0)
452       -3.1085e+01    (-29.0,208.0,-200.0,-195.0)
453       -3.1107e+01    (-29.0,209.0,-200.0,-195.0)
454       -3.1046e+01    (-29.0,209.0,-200.0,-194.0)
455       -3.1107e+01    (-29.0,209.0,-200.0,-193.0)
456       -3.1084e+01    (-29.0,209.0,-201.0,-193.0)
457       -3.1051e+01    (-29.0,208.0,-201.0,-193.0)
458       -3.1174e+01    (-29.0,208.0,-202.0,-193.0)
459       -3.1054e+01    (-28.0,208.0,-202.0,-193.0)
460       -3.0930e+01    (-28.0,208.0,-202.0,-194.0)
461       -3.0908e+01    (-28.0,209.0,-202.0,-194.0)
462       -3.0945e+01    (-28.0,209.0,-202.0,-195.0)
463       -3.0976e+01    (-28.0,208.0,-202.0,-195.0)
464       -3.1156e+01    (-29.0,208.0,-202.0,-195.0)
465       -3.1099e+01    (-29.0,208.0,-202.0,-194.0)
466       -3.1105e+01    (-29.0,209.0,-202.0,-194.0)
467       -3.1155e+01    (-29.0,209.0,-202.0,-195.0)
468       -3.1372e+01    (-29.0,209.0,-202.0,-196.0)
469       -3.1197e+01    (-28.0,209.0,-202.0,-196.0)
470       -3.1053e+01    (-28.0,209.0,-201.0,-196.0)
471       -3.1067e+01    (-28.0,208.0,-201.0,-196.0)
472       -3.1141e+01    (-28.0,208.0,-200.0,-196.0)
473       -3.1261e+01    (-29.0,208.0,-200.0,-196.0)
474       -3.1226e+01    (-29.0,208.0,-201.0,-196.0)
475       -3.1238e+01    (-29.0,209.0,-201.0,-196.0)
476       -3.1298e+01    (-29.0,209.0,-200.0,-196.0)
477       -3.1499e+01    (-29.0,209.0,-199.0,-196.0)
478       -3.1373e+01    (-29.0,209.0,-199.0,-195.0)
479       -3.1287e+01    (-29.0,209.0,-199.0,-194.0)
480       -3.1206e+01    (-29.0,208.0,-199.0,-194.0)
481       -3.1151e+01    (-29.0,208.0,-199.0,-193.0)
482       -3.1105e+01    (-29.0,207.0,-199.0,-193.0)
483       -3.1030e+01    (-29.0,207.0,-199.0,-192.0)
484       -3.0948e+01    (-29.0,206.0,-199.0,-192.0)
485       -3.0817e+01    (-29.0,206.0,-198.0,-192.0)
486       -3.0691e+01    (-29.0,205.0,-198.0,-192.0)
487       -3.0537e+01    (-29.0,205.0,-197.0,-192.0)
488       -3.0390e+01    (-29.0,205.0,-197.0,-193.0)
489       -3.0208e+01    (-29.0,205.0,-196.0,-193.0)
490       -3.0072e+01    (-28.0,205.0,-196.0,-193.0)
491       -2.9913e+01    (-28.0,205.0,-196.0,-194.0)
492       -2.9755e+01    (-28.0,204.0,-196.0,-194.0)
493       -2.9767e+01    (-28.0,204.0,-195.0,-194.0)
494       -2.9808e+01    (-28.0,204.0,-195.0,-195.0)
495       -2.9788e+01    (-28.0,204.0,-196.0,-195.0)
496       -2.9950e+01    (-28.0,205.0,-196.0,-195.0)
497       -2.9962e+01    (-28.0,205.0,-195.0,-195.0)
498       -2.9917e+01    (-28.0,205.0,-195.0,-194.0)
499       -3.0044e+01    (-28.0,205.0,-195.0,-193.0)
500       -2.9909e+01    (-28.0,204.0,-195.0,-193.0)
501       -2.9932e+01    (-28.0,204.0,-196.0,-193.0)
502       -3.0073e+01    (-28.0,203.0,-196.0,-193.0)
503       -3.0009e+01    (-28.0,203.0,-196.0,-194.0)
504       -2.9976e+01    (-28.0,203.0,-195.0,-194.0)
505       -3.0018e+01    (-28.0,203.0,-195.0,-193.0)
506       -3.0061e+01    (-28.0,203.0,-194.0,-193.0)
507       -3.0051e+01    (-28.0,204.0,-194.0,-193.0)
508       -3.0021e+01    (-28.0,204.0,-194.0,-194.0)
509       -3.0084e+01    (-28.0,203.0,-194.0,-194.0)
510       -3.0150e+01    (-29.0,203.0,-194.0,-194.0)
511       -3.0087e+01    (-29.0,203.0,-195.0,-194.0)
512       -2.9948e+01    (-29.0,204.0,-195.0,-194.0)
513       -2.9960e+01    (-29.0,204.0,-196.0,-194.0)
514       -3.0008e+01    (-29.0,204.0,-196.0,-195.0)
515       -3.0002e+01    (-29.0,204.0,-195.0,-195.0)
516       -3.0144e+01    (-29.0,205.0,-195.0,-195.0)
517       -3.0087e+01    (-29.0,205.0,-195.0,-194.0)
518       -3.0106e+01    (-29.0,205.0,-196.0,-194.0)
519       -3.0157e+01    (-29.0,205.0,-196.0,-195.0)
520       -3.0372e+01    (-29.0,205.0,-196.0,-196.0)
521       -3.0199e+01    (-28.0,205.0,-196.0,-196.0)
522       -3.0048e+01    (-28.0,204.0,-196.0,-196.0)
523       -3.0047e+01    (-28.0,204.0,-195.0,-196.0)
524       -3.0192e+01    (-28.0,205.0,-195.0,-196.0)
525       -3.0345e+01    (-29.0,205.0,-195.0,-196.0)
526       -3.0209e+01    (-29.0,204.0,-195.0,-196.0)
527       -3.0232e+01    (-29.0,204.0,-196.0,-196.0)
528       -3.0375e+01    (-29.0,203.0,-196.0,-196.0)
529       -3.0204e+01    (-29.0,203.0,-196.0,-195.0)
530       -3.0069e+01    (-28.0,203.0,-196.0,-195.0)
531       -3.0040e+01    (-28.0,203.0,-195.0,-195.0)
532       -3.0159e+01    (-29.0,203.0,-195.0,-195.0)
533       -3.0234e+01    (-29.0,203.0,-194.0,-195.0)
534       -3.0164e+01    (-28.0,203.0,-194.0,-195.0)
535       -3.0089e+01    (-28.0,204.0,-194.0,-195.0)
536       -3.0198e+01    (-29.0,204.0,-194.0,-195.0)
537       -3.0124e+01    (-29.0,204.0,-194.0,-194.0)
538       -3.0126e+01    (-29.0,204.0,-194.0,-193.0)
539       -3.0037e+01    (-29.0,204.0,-195.0,-193.0)
540       -3.0076e+01    (-29.0,204.0,-196.0,-193.0)
541       -3.0163e+01    (-29.0,203.0,-196.0,-193.0)
542       -3.0099e+01    (-29.0,203.0,-195.0,-193.0)
543       -3.0111e+01    (-29.0,203.0,-194.0,-193.0)
544       -3.0102e+01    (-29.0,203.0,-194.0,-192.0)
545       -3.0043e+01    (-29.0,202.0,-194.0,-192.0)
546       -2.9929e+01    (-29.0,202.0,-194.0,-191.0)
547       -2.9761e+01    (-29.0,201.0,-194.0,-191.0)
548       -2.9561e+01    (-29.0,201.0,-194.0,-190.0)
549       -2.9393e+01    (-29.0,200.0,-194.0,-190.0)
550       -2.9216e+01    (-29.0,200.0,-194.0,-189.0)
551       -2.9017e+01    (-29.0,200.0,-195.0,-189.0)
552       -2.8822e+01    (-28.0,200.0,-195.0,-189.0)
553       -2.8727e+01    (-28.0,200.0,-195.0,-188.0)
554       -2.8706e+01    (-28.0,200.0,-196.0,-188.0)
555       -2.8799e+01    (-28.0,199.0,-196.0,-188.0)
556       -2.8795e+01    (-28.0,199.0,-195.0,-188.0)
557       -2.8858e+01    (-28.0,199.0,-195.0,-187.0)
558       -2.8831e+01    (-28.0,200.0,-195.0,-187.0)
559       -2.8839e+01    (-28.0,200.0,-196.0,-187.0)
560       -2.8885e+01    (-28.0,199.0,-196.0,-187.0)
561       -2.9023e+01    (-29.0,199.0,-196.0,-187.0)
562       -2.8978e+01    (-29.0,199.0,-196.0,-188.0)
563       -2.8927e+01    (-29.0,200.0,-196.0,-188.0)
564       -2.8922e+01    (-29.0,200.0,-195.0,-188.0)
565       -2.8953e+01    (-29.0,199.0,-195.0,-188.0)
566       -2.8981e+01    (-29.0,199.0,-195.0,-187.0)
567       -2.8982e+01    (-29.0,200.0,-195.0,-187.0)
568       -2.9010e+01    (-29.0,200.0,-196.0,-187.0)
569       -2.9216e+01    (-29.0,200.0,-197.0,-187.0)
570       -2.9075e+01    (-28.0,200.0,-197.0,-187.0)
571       -2.8987e+01    (-28.0,200.0,-197.0,-188.0)
572       -2.9042e+01    (-28.0,199.0,-197.0,-188.0)
573       -2.9093e+01    (-28.0,199.0,-197.0,-187.0)
574       -2.9207e+01    (-29.0,199.0,-197.0,-187.0)
575       -2.9189e+01    (-29.0,199.0,-197.0,-188.0)
576       -2.9168e+01    (-29.0,200.0,-197.0,-188.0)
577       -2.9263e+01    (-29.0,200.0,-197.0,-189.0)
578       -2.9023e+01    (-29.0,200.0,-196.0,-189.0)
579       -2.8801e+01    (-28.0,200.0,-196.0,-189.0)
580       -2.8894e+01    (-28.0,199.0,-196.0,-189.0)
581       -2.8890e+01    (-28.0,199.0,-195.0,-189.0)
582       -2.9048e+01    (-29.0,199.0,-195.0,-189.0)
583       -2.9073e+01    (-29.0,199.0,-196.0,-189.0)
584       -2.9283e+01    (-29.0,199.0,-197.0,-189.0)
585       -2.9137e+01    (-28.0,199.0,-197.0,-189.0)
586       -2.9082e+01    (-28.0,200.0,-197.0,-189.0)
587       -2.9360e+01    (-28.0,200.0,-197.0,-190.0)
588       -2.9124e+01    (-28.0,200.0,-196.0,-190.0)
589       -2.9116e+01    (-28.0,200.0,-195.0,-190.0)
590       -2.9143e+01    (-28.0,199.0,-195.0,-190.0)
591       -2.9170e+01    (-28.0,199.0,-196.0,-190.0)
592       -2.9308e+01    (-29.0,199.0,-196.0,-190.0)
593       -2.9265e+01    (-29.0,199.0,-195.0,-190.0)
594       -2.9267e+01    (-29.0,200.0,-195.0,-190.0)
595       -2.9295e+01    (-29.0,200.0,-196.0,-190.0)
596       -2.9500e+01    (-29.0,200.0,-197.0,-190.0)
597       -2.9491e+01    (-29.0,199.0,-197.0,-190.0)
598       -2.9378e+01    (-28.0,199.0,-197.0,-190.0)
599       -2.9609e+01    (-28.0,198.0,-197.0,-190.0)
600       -2.9476e+01    (-28.0,198.0,-197.0,-189.0)
601       -2.9341e+01    (-28.0,198.0,-196.0,-189.0)
602       -2.9246e+01    (-28.0,198.0,-196.0,-188.0)
603       -2.9173e+01    (-28.0,198.0,-195.0,-188.0)
604       -2.9120e+01    (-28.0,198.0,-195.0,-187.0)
605       -2.9082e+01    (-28.0,198.0,-194.0,-187.0)
606       -2.8990e+01    (-28.0,199.0,-194.0,-187.0)
607       -2.9000e+01    (-28.0,199.0,-194.0,-188.0)
608       -2.9011e+01    (-28.0,200.0,-194.0,-188.0)
609       -2.9022e+01    (-28.0,200.0,-194.0,-187.0)
610       -2.9109e+01    (-29.0,200.0,-194.0,-187.0)
611       -2.9061e+01    (-29.0,199.0,-194.0,-187.0)
612       -2.9082e+01    (-29.0,199.0,-194.0,-186.0)
613       -2.9043e+01    (-28.0,199.0,-194.0,-186.0)
614       -2.9026e+01    (-28.0,198.0,-194.0,-186.0)
615       -2.8964e+01    (-28.0,198.0,-193.0,-186.0)
616       -2.8845e+01    (-28.0,197.0,-193.0,-186.0)
617       -2.8672e+01    (-28.0,197.0,-192.0,-186.0)
618       -2.8486e+01    (-28.0,196.0,-192.0,-186.0)
619       -2.8298e+01    (-28.0,196.0,-191.0,-186.0)
620       -2.8036e+01    (-28.0,196.0,-191.0,-187.0)
621       -2.7928e+01    (-28.0,196.0,-191.0,-188.0)
622       -2.7818e+01    (-28.0,196.0,-190.0,-188.0)
623       -2.7714e+01    (-28.0,195.0,-190.0,-188.0)
624       -2.7809e+01    (-28.0,195.0,-190.0,-189.0)
625       -2.7913e+01    (-28.0,196.0,-190.0,-189.0)
626       -2.8023e+01    (-28.0,196.0,-191.0,-189.0)
627       -2.7919e+01    (-28.0,195.0,-191.0,-189.0)
628       -2.7824e+01    (-28.0,195.0,-191.0,-188.0)
629       -2.7934e+01    (-28.0,195.0,-191.0,-187.0)
630       -2.7827e+01    (-28.0,195.0,-190.0,-187.0)
631       -2.7930e+01    (-28.0,196.0,-190.0,-187.0)
632       -2.8030e+01    (-28.0,196.0,-189.0,-187.0)
633       -2.7930e+01    (-28.0,195.0,-189.0,-187.0)
634       -2.7880e+01    (-28.0,195.0,-189.0,-188.0)
635       -2.7975e+01    (-28.0,195.0,-189.0,-189.0)
636       -2.8077e+01    (-28.0,196.0,-189.0,-189.0)
637       -2.7982e+01    (-28.0,196.0,-189.0,-188.0)
638       -2.8126e+01    (-29.0,196.0,-189.0,-188.0)
639       -2.8020e+01    (-29.0,196.0,-190.0,-188.0)
640       -2.7918e+01    (-29.0,195.0,-190.0,-188.0)
641       -2.7985e+01    (-29.0,195.0,-190.0,-187.0)
642       -2.8043e+01    (-29.0,195.0,-189.0,-187.0)
643       -2.8025e+01    (-29.0,195.0,-189.0,-188.0)
644       -2.8120e+01    (-29.0,195.0,-189.0,-189.0)
645       -2.8013e+01    (-29.0,195.0,-190.0,-189.0)
646       -2.8115e+01    (-29.0,196.0,-190.0,-189.0)
647       -2.8221e+01    (-29.0,196.0,-189.0,-189.0)
648       -2.8427e+01    (-29.0,196.0,-189.0,-190.0)
649       -2.8315e+01    (-28.0,196.0,-189.0,-190.0)
650       -2.8214e+01    (-28.0,195.0,-189.0,-190.0)
651       -2.8113e+01    (-28.0,195.0,-190.0,-190.0)
652       -2.8215e+01    (-28.0,196.0,-190.0,-190.0)
653       -2.8321e+01    (-28.0,196.0,-191.0,-190.0)
654       -2.8219e+01    (-28.0,195.0,-191.0,-190.0)
655       -2.8373e+01    (-29.0,195.0,-191.0,-190.0)
656       -2.8119e+01    (-29.0,195.0,-191.0,-189.0)
657       -2.8024e+01    (-29.0,195.0,-191.0,-188.0)
658       -2.8089e+01    (-29.0,195.0,-191.0,-187.0)
659       -2.8190e+01    (-29.0,196.0,-191.0,-187.0)
660       -2.8086e+01    (-29.0,196.0,-190.0,-187.0)
661       -2.8143e+01    (-29.0,196.0,-189.0,-187.0)
662       -2.8245e+01    (-29.0,196.0,-189.0,-186.0)
663       -2.8146e+01    (-29.0,195.0,-189.0,-186.0)
664       -2.8089e+01    (-28.0,195.0,-189.0,-186.0)
665       -2.8083e+01    (-28.0,194.0,-189.0,-186.0)
666       -2.8043e+01    (-28.0,194.0,-189.0,-187.0)
667       -2.8034e+01    (-28.0,194.0,-190.0,-187.0)
668       -2.8018e+01    (-28.0,194.0,-190.0,-188.0)
669       -2.8061e+01    (-28.0,194.0,-189.0,-188.0)
670       -2.8144e+01    (-29.0,194.0,-189.0,-188.0)
671       -2.8109e+01    (-29.0,194.0,-189.0,-187.0)
672       -2.8119e+01    (-29.0,194.0,-189.0,-186.0)
673       -2.8086e+01    (-29.0,194.0,-188.0,-186.0)
674       -2.8014e+01    (-29.0,193.0,-188.0,-186.0)
675       -2.7896e+01    (-29.0,193.0,-187.0,-186.0)
676       -2.7742e+01    (-29.0,192.0,-187.0,-186.0)
677       -2.7569e+01    (-29.0,192.0,-186.0,-186.0)
678       -2.7429e+01    (-29.0,191.0,-186.0,-186.0)
679       -2.7261e+01    (-29.0,191.0,-186.0,-187.0)
680       -2.7081e+01    (-29.0,191.0,-185.0,-187.0)
681       -2.6909e+01    (-28.0,191.0,-185.0,-187.0)
682       -2.6776e+01    (-28.0,191.0,-185.0,-188.0)
683       -2.6837e+01    (-28.0,191.0,-184.0,-188.0)
684       -2.6932e+01    (-28.0,191.0,-184.0,-189.0)
685       -2.6871e+01    (-28.0,191.0,-185.0,-189.0)
686       -2.7018e+01    (-28.0,190.0,-185.0,-189.0)
687       -2.6923e+01    (-28.0,190.0,-185.0,-188.0)
688       -2.6944e+01    (-28.0,190.0,-184.0,-188.0)
689       -2.6991e+01    (-28.0,190.0,-184.0,-187.0)
690       -2.6933e+01    (-28.0,191.0,-184.0,-187.0)
691       -2.7079e+01    (-29.0,191.0,-184.0,-187.0)
692       -2.7025e+01    (-29.0,191.0,-184.0,-188.0)
693       -2.6998e+01    (-29.0,191.0,-185.0,-188.0)
694       -2.7091e+01    (-29.0,190.0,-185.0,-188.0)
695       -2.7087e+01    (-29.0,190.0,-184.0,-188.0)
696       -2.7102e+01    (-29.0,190.0,-184.0,-187.0)
697       -2.7128e+01    (-29.0,190.0,-185.0,-187.0)
698       -2.6997e+01    (-28.0,190.0,-185.0,-187.0)
699       -2.7174e+01    (-28.0,190.0,-186.0,-187.0)
700       -2.7115e+01    (-28.0,191.0,-186.0,-187.0)
701       -2.7017e+01    (-28.0,191.0,-186.0,-188.0)
702       -2.7113e+01    (-28.0,191.0,-186.0,-189.0)
703       -2.7221e+01    (-28.0,190.0,-186.0,-189.0)
704       -2.7126e+01    (-28.0,190.0,-186.0,-188.0)
705       -2.7270e+01    (-29.0,190.0,-186.0,-188.0)
706       -2.7206e+01    (-29.0,191.0,-186.0,-188.0)
707       -2.7301e+01    (-29.0,191.0,-186.0,-189.0)
708       -2.7093e+01    (-29.0,191.0,-185.0,-189.0)
709       -2.7120e+01    (-29.0,191.0,-184.0,-189.0)
710       -2.7182e+01    (-29.0,190.0,-184.0,-189.0)
711       -2.7039e+01    (-28.0,190.0,-184.0,-189.0)
712       -2.7248e+01    (-28.0,190.0,-183.0,-189.0)
713       -2.7153e+01    (-28.0,190.0,-183.0,-188.0)
714       -2.7127e+01    (-28.0,190.0,-183.0,-187.0)
715       -2.7148e+01    (-28.0,191.0,-183.0,-187.0)
716       -2.7151e+01    (-28.0,191.0,-183.0,-188.0)
717       -2.7246e+01    (-28.0,191.0,-183.0,-189.0)
718       -2.7343e+01    (-29.0,191.0,-183.0,-189.0)
719       -2.7249e+01    (-29.0,191.0,-183.0,-188.0)
720       -2.7226e+01    (-29.0,191.0,-183.0,-187.0)
721       -2.7187e+01    (-29.0,190.0,-183.0,-187.0)
722       -2.7186e+01    (-29.0,190.0,-183.0,-186.0)
723       -2.7150e+01    (-29.0,189.0,-183.0,-186.0)
724       -2.7075e+01    (-29.0,189.0,-182.0,-186.0)
725       -2.6955e+01    (-29.0,188.0,-182.0,-186.0)
726       -2.6797e+01    (-29.0,188.0,-181.0,-186.0)
727       -2.6637e+01    (-29.0,187.0,-181.0,-186.0)
728       -2.6480e+01    (-29.0,187.0,-180.0,-186.0)
729       -2.6284e+01    (-29.0,187.0,-180.0,-187.0)
730       -2.6124e+01    (-28.0,187.0,-180.0,-187.0)
731       -2.6006e+01    (-28.0,187.0,-180.0,-188.0)
732       -2.5936e+01    (-28.0,187.0,-179.0,-188.0)
733       -2.5886e+01    (-28.0,186.0,-179.0,-188.0)
734       -2.5957e+01    (-28.0,186.0,-180.0,-188.0)
735       -2.6052e+01    (-28.0,186.0,-180.0,-189.0)
736       -2.5981e+01    (-28.0,186.0,-179.0,-189.0)
737       -2.6031e+01    (-28.0,187.0,-179.0,-189.0)
738       -2.6101e+01    (-28.0,187.0,-180.0,-189.0)
739       -2.6309e+01    (-29.0,187.0,-180.0,-189.0)
740       -2.6214e+01    (-29.0,187.0,-180.0,-188.0)
741       -2.6139e+01    (-29.0,187.0,-179.0,-188.0)
742       -2.6080e+01    (-29.0,186.0,-179.0,-188.0)
743       -2.6139e+01    (-29.0,186.0,-179.0,-187.0)
744       -2.5989e+01    (-28.0,186.0,-179.0,-187.0)
745       -2.6049e+01    (-28.0,187.0,-179.0,-187.0)
746       -2.6182e+01    (-28.0,187.0,-178.0,-187.0)
747       -2.6111e+01    (-28.0,186.0,-178.0,-187.0)
748       -2.6076e+01    (-28.0,186.0,-178.0,-188.0)
749       -2.6141e+01    (-28.0,187.0,-178.0,-188.0)
750       -2.6236e+01    (-28.0,187.0,-178.0,-189.0)
751       -2.6171e+01    (-28.0,186.0,-178.0,-189.0)
752       -2.6302e+01    (-29.0,186.0,-178.0,-189.0)
753       -2.6175e+01    (-29.0,186.0,-179.0,-189.0)
754       -2.6234e+01    (-29.0,187.0,-179.0,-189.0)
755       -2.6374e+01    (-29.0,187.0,-178.0,-189.0)
756       -2.6279e+01    (-29.0,187.0,-178.0,-188.0)
757       -2.6208e+01    (-29.0,186.0,-178.0,-188.0)
758       -2.6213e+01    (-29.0,186.0,-178.0,-187.0)
759       -2.6286e+01    (-29.0,185.0,-178.0,-187.0)
760       -2.6230e+01    (-28.0,185.0,-178.0,-187.0)
761       -2.6221e+01    (-28.0,185.0,-179.0,-187.0)
762       -2.6223e+01    (-28.0,185.0,-179.0,-188.0)
763       -2.6264e+01    (-28.0,185.0,-178.0,-188.0)
764       -2.6333e+01    (-29.0,185.0,-178.0,-188.0)
765       -2.6321e+01    (-29.0,185.0,-179.0,-188.0)
766       -2.6298e+01    (-29.0,185.0,-179.0,-187.0)
767       -2.6330e+01    (-29.0,185.0,-179.0,-186.0)
768       -2.6274e+01    (-29.0,185.0,-178.0,-186.0)
769       -2.6239e+01    (-29.0,185.0,-177.0,-186.0)
770       -2.6160e+01    (-29.0,185.0,-177.0,-185.0)
771       -2.6041e+01    (-29.0,185.0,-176.0,-185.0)
772       -2.5881e+01    (-29.0,185.0,-176.0,-184.0)
773       -2.5713e+01    (-29.0,185.0,-175.0,-184.0)
774       -2.5538e+01    (-29.0,185.0,-175.0,-183.0)
775       -2.5337e+01    (-29.0,186.0,-175.0,-183.0)
776       -2.5165e+01    (-28.0,186.0,-175.0,-183.0)
777       -2.4979e+01    (-28.0,186.0,-174.0,-183.0)
778       -2.4825e+01    (-28.0,186.0,-174.0,-182.0)
779       -2.4871e+01    (-28.0,187.0,-174.0,-182.0)
780       -2.4940e+01    (-28.0,187.0,-174.0,-181.0)
781       -2.4885e+01    (-28.0,186.0,-174.0,-181.0)
782       -2.4944e+01    (-28.0,186.0,-173.0,-181.0)
783       -2.4914e+01    (-28.0,186.0,-173.0,-182.0)
784       -2.4969e+01    (-28.0,187.0,-173.0,-182.0)
785       -2.5006e+01    (-28.0,187.0,-173.0,-181.0)
786       -2.5155e+01    (-29.0,187.0,-173.0,-181.0)
787       -2.5086e+01    (-29.0,186.0,-173.0,-181.0)
788       -2.5060e+01    (-29.0,186.0,-174.0,-181.0)
789       -2.5033e+01    (-29.0,186.0,-174.0,-182.0)
790       -2.5083e+01    (-29.0,186.0,-173.0,-182.0)
791       -2.5147e+01    (-29.0,187.0,-173.0,-182.0)
792       -2.5090e+01    (-29.0,187.0,-174.0,-182.0)
793       -2.5123e+01    (-29.0,187.0,-174.0,-181.0)
794       -2.5282e+01    (-29.0,187.0,-175.0,-181.0)
795       -2.5120e+01    (-28.0,187.0,-175.0,-181.0)
796       -2.5061e+01    (-28.0,186.0,-175.0,-181.0)
797       -2.5019e+01    (-28.0,186.0,-175.0,-182.0)
798       -2.5071e+01    (-28.0,187.0,-175.0,-182.0)
799       -2.5220e+01    (-28.0,187.0,-175.0,-183.0)
800       -2.5028e+01    (-28.0,187.0,-174.0,-183.0)
801       -2.5113e+01    (-28.0,187.0,-173.0,-183.0)
802       -2.5055e+01    (-28.0,186.0,-173.0,-183.0)
803       -2.5212e+01    (-29.0,186.0,-173.0,-183.0)
804       -2.5173e+01    (-29.0,186.0,-174.0,-183.0)
805       -2.5232e+01    (-29.0,187.0,-174.0,-183.0)
806       -2.5279e+01    (-29.0,187.0,-173.0,-183.0)
807       -2.5497e+01    (-29.0,187.0,-172.0,-183.0)
808       -2.5389e+01    (-29.0,187.0,-172.0,-182.0)
809       -2.5305e+01    (-28.0,187.0,-172.0,-182.0)
810       -2.5228e+01    (-28.0,186.0,-172.0,-182.0)
811       -2.5188e+01    (-28.0,186.0,-172.0,-181.0)
812       -2.5208e+01    (-28.0,186.0,-172.0,-180.0)
813       -2.5114e+01    (-28.0,186.0,-173.0,-180.0)
814       -2.5122e+01    (-28.0,186.0,-174.0,-180.0)
815       -2.5194e+01    (-28.0,187.0,-174.0,-180.0)
816       -2.5191e+01    (-28.0,187.0,-173.0,-180.0)
817       -2.5278e+01    (-29.0,187.0,-173.0,-180.0)
818       -2.5198e+01    (-29.0,186.0,-173.0,-180.0)
819       -2.5224e+01    (-29.0,186.0,-174.0,-180.0)
820       -2.5294e+01    (-29.0,185.0,-174.0,-180.0)
821       -2.5235e+01    (-29.0,185.0,-173.0,-180.0)
822       -2.5189e+01    (-28.0,185.0,-173.0,-180.0)
823       -2.5157e+01    (-28.0,185.0,-173.0,-181.0)
824       -2.5176e+01    (-28.0,185.0,-174.0,-181.0)
825       -2.5197e+01    (-28.0,185.0,-174.0,-182.0)
826       -2.5192e+01    (-28.0,185.0,-173.0,-182.0)
827       -2.5278e+01    (-29.0,185.0,-173.0,-182.0)
828       -2.5231e+01    (-29.0,185.0,-173.0,-181.0)
829       -2.5265e+01    (-29.0,185.0,-172.0,-181.0)
830       -2.5215e+01    (-29.0,185.0,-172.0,-180.0)
831       -2.5177e+01    (-29.0,185.0,-172.0,-179.0)
832       -2.5078e+01    (-29.0,184.0,-172.0,-179.0)
833       -2.4957e+01    (-29.0,184.0,-172.0,-178.0)
834       -2.4793e+01    (-29.0,183.0,-172.0,-178.0)
835       -2.4631e+01    (-29.0,183.0,-172.0,-177.0)
836       -2.4473e+01    (-29.0,183.0,-173.0,-177.0)
837       -2.4297e+01    (-29.0,182.0,-173.0,-177.0)
838       -2.4126e+01    (-29.0,182.0,-173.0,-176.0)
839       -2.3942e+01    (-28.0,182.0,-173.0,-176.0)
840       -2.3837e+01    (-28.0,182.0,-174.0,-176.0)
841       -2.3849e+01    (-28.0,182.0,-174.0,-175.0)
842       -2.3934e+01    (-28.0,182.0,-173.0,-175.0)
843       -2.4057e+01    (-28.0,181.0,-173.0,-175.0)
844       -2.4025e+01    (-28.0,181.0,-174.0,-175.0)
845       -2.4044e+01    (-28.0,181.0,-174.0,-176.0)
846       -2.4089e+01    (-28.0,181.0,-173.0,-176.0)
847       -2.4220e+01    (-29.0,181.0,-173.0,-176.0)
848       -2.4175e+01    (-29.0,181.0,-173.0,-175.0)
849       -2.4100e+01    (-29.0,182.0,-173.0,-175.0)
850       -2.4054e+01    (-29.0,182.0,-174.0,-175.0)
851       -2.4063e+01    (-29.0,182.0,-174.0,-176.0)
852       -2.4204e+01    (-29.0,181.0,-174.0,-176.0)
853       -2.4170e+01    (-29.0,181.0,-174.0,-175.0)
854       -2.4248e+01    (-29.0,181.0,-174.0,-174.0)
855       -2.4151e+01    (-28.0,181.0,-174.0,-174.0)
856       -2.4071e+01    (-28.0,182.0,-174.0,-174.0)
857       -2.4094e+01    (-28.0,182.0,-173.0,-174.0)
858       -2.4139e+01    (-28.0,181.0,-173.0,-174.0)
859       -2.4220e+01    (-29.0,181.0,-173.0,-174.0)
860       -2.4205e+01    (-29.0,182.0,-173.0,-174.0)
861       -2.4207e+01    (-29.0,182.0,-174.0,-174.0)
862       -2.4346e+01    (-29.0,182.0,-175.0,-174.0)
863       -2.4222e+01    (-29.0,182.0,-175.0,-175.0)
864       -2.4041e+01    (-28.0,182.0,-175.0,-175.0)
865       -2.4041e+01    (-28.0,182.0,-175.0,-176.0)
866       -2.4212e+01    (-28.0,181.0,-175.0,-176.0)
867       -2.4184e+01    (-28.0,181.0,-175.0,-175.0)
868       -2.4284e+01    (-28.0,181.0,-175.0,-174.0)
869       -2.4225e+01    (-28.0,182.0,-175.0,-174.0)
870       -2.4396e+01    (-28.0,183.0,-175.0,-174.0)
871       -2.4253e+01    (-28.0,183.0,-174.0,-174.0)
872       -2.4083e+01    (-28.0,183.0,-174.0,-175.0)
873       -2.4087e+01    (-28.0,183.0,-174.0,-176.0)
874       -2.4160e+01    (-28.0,183.0,-173.0,-176.0)
875       -2.4139e+01    (-28.0,183.0,-173.0,-175.0)
876       -2.4258e+01    (-28.0,183.0,-173.0,-174.0)
877       -2.4353e+01    (-29.0,183.0,-173.0,-174.0)
878       -2.4280e+01    (-29.0,183.0,-173.0,-175.0)
879       -2.4255e+01    (-29.0,183.0,-174.0,-175.0)
880       -2.4278e+01    (-29.0,183.0,-174.0,-176.0)
881       -2.4316e+01    (-29.0,183.0,-173.0,-176.0)
882       -2.4514e+01    (-29.0,183.0,-172.0,-176.0)
883       -2.4381e+01    (-29.0,182.0,-172.0,-176.0)
884       -2.4294e+01    (-28.0,182.0,-172.0,-176.0)
885       -2.4241e+01    (-28.0,182.0,-172.0,-175.0)
886       -2.4240e+01    (-28.0,181.0,-172.0,-175.0)
887       -2.4225e+01    (-28.0,181.0,-172.0,-174.0)
888       -2.4241e+01    (-28.0,181.0,-172.0,-173.0)
889       -2.4173e+01    (-28.0,180.0,-172.0,-173.0)
890       -2.4090e+01    (-28.0,180.0,-171.0,-173.0)
891       -2.3984e+01    (-28.0,179.0,-171.0,-173.0)
892       -2.3868e+01    (-28.0,179.0,-170.0,-173.0)
893       -2.3752e+01    (-28.0,178.0,-170.0,-173.0)
894       -2.3522e+01    (-28.0,178.0,-170.0,-174.0)
895       -2.3298e+01    (-28.0,178.0,-169.0,-174.0)
896       -2.3084e+01    (-28.0,178.0,-169.0,-175.0)
897       -2.3051e+01    (-28.0,178.0,-168.0,-175.0)
898       -2.3046e+01    (-28.0,177.0,-168.0,-175.0)
899       -2.3051e+01    (-28.0,177.0,-168.0,-176.0)
900       -2.3047e+01    (-28.0,178.0,-168.0,-176.0)
901       -2.3074e+01    (-28.0,178.0,-169.0,-176.0)
902       -2.3085e+01    (-28.0,177.0,-169.0,-176.0)
903       -2.3084e+01    (-28.0,177.0,-169.0,-175.0)
904       -2.3264e+01    (-29.0,177.0,-169.0,-175.0)
905       -2.3215e+01    (-29.0,177.0,-168.0,-175.0)
906       -2.3239e+01    (-29.0,178.0,-168.0,-175.0)
907       -2.3255e+01    (-29.0,178.0,-168.0,-176.0)
908       -2.3239e+01    (-29.0,177.0,-168.0,-176.0)
909       -2.3284e+01    (-29.0,177.0,-169.0,-176.0)
910       -2.3295e+01    (-29.0,178.0,-169.0,-176.0)
911       -2.3283e+01    (-29.0,178.0,-169.0,-175.0)
912       -2.3430e+01    (-29.0,178.0,-169.0,-174.0)
913       -2.3371e+01    (-29.0,178.0,-168.0,-174.0)
914       -2.3246e+01    (-28.0,178.0,-168.0,-174.0)
915       -2.3210e+01    (-28.0,177.0,-168.0,-174.0)
916       -2.3266e+01    (-28.0,177.0,-169.0,-174.0)
917       -2.3385e+01    (-29.0,177.0,-169.0,-174.0)
918       -2.3323e+01    (-29.0,177.0,-168.0,-174.0)
919       -2.3374e+01    (-29.0,177.0,-167.0,-174.0)
920       -2.3299e+01    (-28.0,177.0,-167.0,-174.0)
921       -2.3232e+01    (-28.0,177.0,-167.0,-175.0)
922       -2.3270e+01    (-28.0,177.0,-167.0,-176.0)
923       -2.3302e+01    (-28.0,178.0,-167.0,-176.0)
924       -2.3270e+01    (-28.0,178.0,-167.0,-175.0)
925       -2.3355e+01    (-28.0,178.0,-167.0,-174.0)
926       -2.3437e+01    (-29.0,178.0,-167.0,-174.0)
927       -2.3390e+01    (-29.0,178.0,-167.0,-175.0)
928       -2.3341e+01    (-29.0,177.0,-167.0,-175.0)
929       -2.3390e+01    (-29.0,177.0,-167.0,-176.0)
930       -2.3435e+01    (-29.0,178.0,-167.0,-176.0)
931       -2.3580e+01    (-29.0,178.0,-167.0,-177.0)
932       -2.3438e+01    (-29.0,178.0,-168.0,-177.0)
933       -2.3256e+01    (-28.0,178.0,-168.0,-177.0)
934       -2.3248e+01    (-28.0,177.0,-168.0,-177.0)
935       -2.3289e+01    (-28.0,177.0,-169.0,-177.0)
936       -2.3292e+01    (-28.0,178.0,-169.0,-177.0)
937       -2.3484e+01    (-29.0,178.0,-169.0,-177.0)
938       -2.3462e+01    (-29.0,177.0,-169.0,-177.0)
939       -2.3411e+01    (-29.0,177.0,-168.0,-177.0)
940       -2.3530e+01    (-29.0,177.0,-167.0,-177.0)
941       -2.3424e+01    (-28.0,177.0,-167.0,-177.0)
942       -2.3464e+01    (-28.0,178.0,-167.0,-177.0)
943       -2.3724e+01    (-28.0,179.0,-167.0,-177.0)
944       -2.3589e+01    (-28.0,179.0,-167.0,-176.0)
945       -2.3460e+01    (-28.0,179.0,-168.0,-176.0)
946       -2.3430e+01    (-28.0,179.0,-168.0,-175.0)
947       -2.3482e+01    (-28.0,179.0,-169.0,-175.0)
948       -2.3509e+01    (-28.0,179.0,-169.0,-176.0)
949       -2.3653e+01    (-29.0,179.0,-169.0,-176.0)
950       -2.3596e+01    (-29.0,179.0,-168.0,-176.0)
951       -2.3553e+01    (-29.0,179.0,-168.0,-175.0)
952       -2.3604e+01    (-29.0,179.0,-168.0,-174.0)
953       -2.3520e+01    (-28.0,179.0,-168.0,-174.0)
954       -2.3557e+01    (-28.0,179.0,-167.0,-174.0)
955       -2.3536e+01    (-28.0,179.0,-167.0,-175.0)
956       -2.3617e+01    (-29.0,179.0,-167.0,-175.0)
957       -2.3614e+01    (-29.0,179.0,-167.0,-174.0)
958       -2.3648e+01    (-29.0,179.0,-167.0,-173.0)
959       -2.3542e+01    (-29.0,178.0,-167.0,-173.0)
960       -2.3458e+01    (-29.0,177.0,-167.0,-173.0)
961       -2.3393e+01    (-29.0,176.0,-167.0,-173.0)
962       -2.3325e+01    (-29.0,176.0,-166.0,-173.0)
963       -2.3238e+01    (-29.0,175.0,-166.0,-173.0)
964       -2.3141e+01    (-29.0,175.0,-165.0,-173.0)
965       -2.3031e+01    (-29.0,174.0,-165.0,-173.0)
966       -2.2923e+01    (-29.0,174.0,-164.0,-173.0)
967       -2.2736e+01    (-29.0,174.0,-164.0,-174.0)
968       -2.2607e+01    (-29.0,173.0,-164.0,-174.0)
969       -2.2478e+01    (-29.0,173.0,-164.0,-175.0)
970       -2.2294e+01    (-28.0,173.0,-164.0,-175.0)
971       -2.2140e+01    (-28.0,173.0,-163.0,-175.0)
972       -2.2130e+01    (-28.0,173.0,-163.0,-176.0)
973       -2.2271e+01    (-28.0,173.0,-162.0,-176.0)
974       -2.2259e+01    (-28.0,173.0,-162.0,-175.0)
975       -2.2402e+01    (-28.0,173.0,-162.0,-174.0)
976       -2.2356e+01    (-28.0,173.0,-163.0,-174.0)
977       -2.2465e+01    (-28.0,172.0,-163.0,-174.0)
978       -2.2361e+01    (-28.0,172.0,-163.0,-175.0)
979       -2.2386e+01    (-28.0,172.0,-163.0,-176.0)
980       -2.2446e+01    (-28.0,172.0,-162.0,-176.0)
981       -2.2406e+01    (-28.0,172.0,-162.0,-175.0)
982       -2.2465e+01    (-28.0,172.0,-162.0,-174.0)
983       -2.2537e+01    (-29.0,172.0,-162.0,-174.0)
984       -2.2507e+01    (-29.0,173.0,-162.0,-174.0)
985       -2.2415e+01    (-29.0,173.0,-162.0,-175.0)
986       -2.2341e+01    (-29.0,173.0,-163.0,-175.0)
987       -2.2352e+01    (-29.0,173.0,-163.0,-176.0)
988       -2.2444e+01    (-29.0,173.0,-162.0,-176.0)
989       -2.2561e+01    (-29.0,172.0,-162.0,-176.0)
990       -2.2510e+01    (-29.0,172.0,-162.0,-175.0)
991       -2.2493e+01    (-29.0,172.0,-163.0,-175.0)
992       -2.2532e+01    (-29.0,172.0,-163.0,-176.0)
993       -2.2653e+01    (-29.0,172.0,-164.0,-176.0)
994       -2.2496e+01    (-29.0,173.0,-164.0,-176.0)
995       -2.2291e+01    (-28.0,173.0,-164.0,-176.0)
996       -2.2474e+01    (-28.0,174.0,-164.0,-176.0)
997       -2.2322e+01    (-28.0,174.0,-163.0,-176.0)
998       -2.2322e+01    (-28.0,174.0,-163.0,-175.0)
999       -2.2418e+01    (-28.0,174.0,-162.0,-175.0)
