# run = 13
ltot         F            S   
0         -2.5014e+02    (545.0,-460.0,-463.0,523.0)
1         -2.4987e+02    (545.0,-459.0,-463.0,523.0)
2         -2.4928e+02    (544.0,-459.0,-463.0,523.0)
3         -2.4880e+02    (544.0,-458.0,-463.0,523.0)
4         -2.4835e+02    (544.0,-458.0,-463.0,522.0)
5         -2.4808e+02    (543.0,-458.0,-463.0,522.0)
6         -2.4782e+02    (543.0,-458.0,-463.0,521.0)
7         -2.4759e+02    (543.0,-458.0,-462.0,521.0)
8         -2.4741e+02    (543.0,-457.0,-462.0,521.0)
9         -2.4733e+02    (543.0,-457.0,-462.0,520.0)
10        -2.4728e+02    (543.0,-457.0,-461.0,520.0)
11        -2.4724e+02    (543.0,-457.0,-461.0,519.0)
12        -2.4709e+02    (543.0,-456.0,-461.0,519.0)
13        -2.4689e+02    (542.0,-456.0,-461.0,519.0)
14        -2.4664e+02    (542.0,-456.0,-461.0,518.0)
15        -2.4633e+02    (541.0,-456.0,-461.0,518.0)
16        -2.4597e+02    (541.0,-456.0,-461.0,517.0)
17        -2.4565e+02    (541.0,-456.0,-461.0,516.0)
18        -2.4535e+02    (540.0,-456.0,-461.0,516.0)
19        -2.4507e+02    (540.0,-456.0,-461.0,515.0)
20        -2.4486e+02    (540.0,-456.0,-461.0,514.0)
21        -2.4470e+02    (540.0,-456.0,-461.0,513.0)
22        -2.4451e+02    (539.0,-456.0,-461.0,513.0)
23        -2.4428e+02    (539.0,-456.0,-461.0,512.0)
24        -2.4400e+02    (538.0,-456.0,-461.0,512.0)
25        -2.4366e+02    (538.0,-456.0,-461.0,511.0)
26        -2.4334e+02    (538.0,-456.0,-461.0,510.0)
27        -2.4301e+02    (537.0,-456.0,-461.0,510.0)
28        -2.4272e+02    (537.0,-456.0,-461.0,509.0)
29        -2.4249e+02    (537.0,-456.0,-461.0,508.0)
30        -2.4232e+02    (537.0,-456.0,-461.0,507.0)
31        -2.4215e+02    (536.0,-456.0,-461.0,507.0)
32        -2.4194e+02    (536.0,-456.0,-461.0,506.0)
33        -2.4170e+02    (535.0,-456.0,-461.0,506.0)
34        -2.4137e+02    (535.0,-456.0,-461.0,505.0)
35        -2.4105e+02    (535.0,-456.0,-461.0,504.0)
36        -2.4070e+02    (534.0,-456.0,-461.0,504.0)
37        -2.4040e+02    (534.0,-456.0,-461.0,503.0)
38        -2.4015e+02    (534.0,-456.0,-461.0,502.0)
39        -2.3997e+02    (534.0,-456.0,-461.0,501.0)
40        -2.3980e+02    (533.0,-456.0,-461.0,501.0)
41        -2.3961e+02    (533.0,-456.0,-461.0,500.0)
42        -2.3940e+02    (533.0,-456.0,-460.0,500.0)
43        -2.3915e+02    (532.0,-456.0,-460.0,500.0)
44        -2.3888e+02    (532.0,-456.0,-460.0,499.0)
45        -2.3861e+02    (531.0,-456.0,-460.0,499.0)
46        -2.3834e+02    (531.0,-456.0,-460.0,498.0)
47        -2.3808e+02    (531.0,-456.0,-460.0,497.0)
48        -2.3783e+02    (531.0,-456.0,-460.0,496.0)
49        -2.3758e+02    (530.0,-456.0,-460.0,496.0)
50        -2.3734e+02    (530.0,-456.0,-460.0,495.0)
51        -2.3711e+02    (530.0,-456.0,-460.0,494.0)
52        -2.3686e+02    (529.0,-456.0,-460.0,494.0)
53        -2.3660e+02    (529.0,-456.0,-459.0,494.0)
54        -2.3629e+02    (528.0,-456.0,-459.0,494.0)
55        -2.3600e+02    (528.0,-456.0,-458.0,494.0)
56        -2.3575e+02    (528.0,-456.0,-457.0,494.0)
57        -2.3553e+02    (527.0,-456.0,-457.0,494.0)
58        -2.3532e+02    (527.0,-456.0,-456.0,494.0)
59        -2.3514e+02    (527.0,-456.0,-455.0,494.0)
60        -2.3493e+02    (526.0,-456.0,-455.0,494.0)
61        -2.3467e+02    (526.0,-456.0,-455.0,493.0)
62        -2.3439e+02    (525.0,-456.0,-455.0,493.0)
63        -2.3408e+02    (525.0,-456.0,-455.0,492.0)
64        -2.3379e+02    (525.0,-456.0,-455.0,491.0)
65        -2.3353e+02    (525.0,-456.0,-455.0,490.0)
66        -2.3329e+02    (524.0,-456.0,-455.0,490.0)
67        -2.3306e+02    (524.0,-456.0,-455.0,489.0)
68        -2.3286e+02    (524.0,-456.0,-455.0,488.0)
69        -2.3266e+02    (523.0,-456.0,-455.0,488.0)
70        -2.3242e+02    (523.0,-456.0,-455.0,487.0)
71        -2.3216e+02    (522.0,-456.0,-455.0,487.0)
72        -2.3185e+02    (522.0,-456.0,-455.0,486.0)
73        -2.3156e+02    (522.0,-456.0,-455.0,485.0)
74        -2.3129e+02    (522.0,-456.0,-455.0,484.0)
75        -2.3103e+02    (521.0,-456.0,-455.0,484.0)
76        -2.3080e+02    (521.0,-456.0,-455.0,483.0)
77        -2.3060e+02    (521.0,-456.0,-455.0,482.0)
78        -2.3042e+02    (520.0,-456.0,-455.0,482.0)
79        -2.3018e+02    (520.0,-456.0,-455.0,481.0)
80        -2.2994e+02    (519.0,-456.0,-455.0,481.0)
81        -2.2964e+02    (519.0,-456.0,-455.0,480.0)
82        -2.2935e+02    (519.0,-456.0,-455.0,479.0)
83        -2.2908e+02    (518.0,-456.0,-455.0,479.0)
84        -2.2881e+02    (518.0,-456.0,-455.0,478.0)
85        -2.2857e+02    (518.0,-456.0,-455.0,477.0)
86        -2.2836e+02    (518.0,-456.0,-455.0,476.0)
87        -2.2818e+02    (517.0,-456.0,-455.0,476.0)
88        -2.2796e+02    (517.0,-456.0,-455.0,475.0)
89        -2.2774e+02    (517.0,-456.0,-455.0,474.0)
90        -2.2745e+02    (516.0,-456.0,-455.0,474.0)
91        -2.2717e+02    (516.0,-456.0,-455.0,473.0)
92        -2.2689e+02    (515.0,-456.0,-455.0,473.0)
93        -2.2661e+02    (515.0,-456.0,-455.0,472.0)
94        -2.2636e+02    (515.0,-456.0,-455.0,471.0)
95        -2.2615e+02    (515.0,-456.0,-455.0,470.0)
96        -2.2597e+02    (514.0,-456.0,-455.0,470.0)
97        -2.2576e+02    (514.0,-456.0,-455.0,469.0)
98        -2.2555e+02    (514.0,-456.0,-455.0,468.0)
99        -2.2528e+02    (513.0,-456.0,-455.0,468.0)
100       -2.2501e+02    (513.0,-456.0,-455.0,467.0)
101       -2.2472e+02    (512.0,-456.0,-455.0,467.0)
102       -2.2444e+02    (512.0,-456.0,-455.0,466.0)
103       -2.2418e+02    (512.0,-456.0,-455.0,465.0)
104       -2.2397e+02    (512.0,-456.0,-455.0,464.0)
105       -2.2378e+02    (511.0,-456.0,-455.0,464.0)
106       -2.2357e+02    (511.0,-456.0,-455.0,463.0)
107       -2.2337e+02    (511.0,-456.0,-455.0,462.0)
108       -2.2313e+02    (510.0,-456.0,-455.0,462.0)
109       -2.2287e+02    (510.0,-456.0,-455.0,461.0)
110       -2.2258e+02    (509.0,-456.0,-455.0,461.0)
111       -2.2229e+02    (509.0,-456.0,-455.0,460.0)
112       -2.2203e+02    (509.0,-456.0,-455.0,459.0)
113       -2.2181e+02    (509.0,-456.0,-455.0,458.0)
114       -2.2161e+02    (508.0,-456.0,-455.0,458.0)
115       -2.2141e+02    (508.0,-456.0,-455.0,457.0)
116       -2.2122e+02    (508.0,-456.0,-455.0,456.0)
117       -2.2100e+02    (507.0,-456.0,-455.0,456.0)
118       -2.2074e+02    (507.0,-456.0,-455.0,455.0)
119       -2.2047e+02    (506.0,-456.0,-455.0,455.0)
120       -2.2018e+02    (506.0,-456.0,-455.0,454.0)
121       -2.1991e+02    (506.0,-456.0,-455.0,453.0)
122       -2.1968e+02    (506.0,-456.0,-455.0,452.0)
123       -2.1947e+02    (505.0,-456.0,-455.0,452.0)
124       -2.1927e+02    (505.0,-456.0,-455.0,451.0)
125       -2.1908e+02    (505.0,-456.0,-455.0,450.0)
126       -2.1888e+02    (504.0,-456.0,-455.0,450.0)
127       -2.1863e+02    (504.0,-455.0,-455.0,450.0)
128       -2.1836e+02    (503.0,-455.0,-455.0,450.0)
129       -2.1806e+02    (503.0,-454.0,-455.0,450.0)
130       -2.1781e+02    (503.0,-453.0,-455.0,450.0)
131       -2.1758e+02    (502.0,-453.0,-455.0,450.0)
132       -2.1739e+02    (502.0,-452.0,-455.0,450.0)
133       -2.1722e+02    (501.0,-452.0,-455.0,450.0)
134       -2.1698e+02    (501.0,-452.0,-454.0,450.0)
135       -2.1669e+02    (500.0,-452.0,-454.0,450.0)
136       -2.1635e+02    (500.0,-452.0,-453.0,450.0)
137       -2.1606e+02    (500.0,-452.0,-452.0,450.0)
138       -2.1582e+02    (499.0,-452.0,-452.0,450.0)
139       -2.1560e+02    (499.0,-452.0,-451.0,450.0)
140       -2.1545e+02    (499.0,-452.0,-450.0,450.0)
141       -2.1532e+02    (498.0,-452.0,-450.0,450.0)
142       -2.1510e+02    (498.0,-451.0,-450.0,450.0)
143       -2.1486e+02    (497.0,-451.0,-450.0,450.0)
144       -2.1452e+02    (497.0,-450.0,-450.0,450.0)
145       -2.1423e+02    (497.0,-449.0,-450.0,450.0)
146       -2.1396e+02    (496.0,-449.0,-450.0,450.0)
147       -2.1376e+02    (496.0,-448.0,-450.0,450.0)
148       -2.1364e+02    (496.0,-447.0,-450.0,450.0)
149       -2.1344e+02    (495.0,-447.0,-450.0,450.0)
150       -2.1323e+02    (495.0,-447.0,-449.0,450.0)
151       -2.1299e+02    (494.0,-447.0,-449.0,450.0)
152       -2.1272e+02    (494.0,-447.0,-448.0,450.0)
153       -2.1245e+02    (493.0,-447.0,-448.0,450.0)
154       -2.1218e+02    (493.0,-447.0,-447.0,450.0)
155       -2.1195e+02    (493.0,-447.0,-446.0,450.0)
156       -2.1175e+02    (493.0,-447.0,-445.0,450.0)
157       -2.1157e+02    (492.0,-447.0,-445.0,450.0)
158       -2.1136e+02    (492.0,-447.0,-444.0,450.0)
159       -2.1115e+02    (491.0,-447.0,-444.0,450.0)
160       -2.1088e+02    (491.0,-446.0,-444.0,450.0)
161       -2.1062e+02    (490.0,-446.0,-444.0,450.0)
162       -2.1034e+02    (490.0,-445.0,-444.0,450.0)
163       -2.1011e+02    (490.0,-444.0,-444.0,450.0)
164       -2.0992e+02    (489.0,-444.0,-444.0,450.0)
165       -2.0972e+02    (489.0,-443.0,-444.0,450.0)
166       -2.0953e+02    (489.0,-442.0,-444.0,450.0)
167       -2.0928e+02    (488.0,-442.0,-444.0,450.0)
168       -2.0903e+02    (488.0,-441.0,-444.0,450.0)
169       -2.0875e+02    (487.0,-441.0,-444.0,450.0)
170       -2.0849e+02    (487.0,-440.0,-444.0,450.0)
171       -2.0829e+02    (487.0,-439.0,-444.0,450.0)
172       -2.0809e+02    (486.0,-439.0,-444.0,450.0)
173       -2.0790e+02    (486.0,-438.0,-444.0,450.0)
174       -2.0769e+02    (485.0,-438.0,-444.0,450.0)
175       -2.0744e+02    (485.0,-437.0,-444.0,450.0)
176       -2.0717e+02    (484.0,-437.0,-444.0,450.0)
177       -2.0690e+02    (484.0,-436.0,-444.0,450.0)
178       -2.0668e+02    (484.0,-435.0,-444.0,450.0)
179       -2.0646e+02    (483.0,-435.0,-444.0,450.0)
180       -2.0628e+02    (483.0,-434.0,-444.0,450.0)
181       -2.0609e+02    (482.0,-434.0,-444.0,450.0)
182       -2.0584e+02    (482.0,-434.0,-443.0,450.0)
183       -2.0557e+02    (481.0,-434.0,-443.0,450.0)
184       -2.0525e+02    (481.0,-434.0,-442.0,450.0)
185       -2.0499e+02    (481.0,-434.0,-441.0,450.0)
186       -2.0478e+02    (480.0,-434.0,-441.0,450.0)
187       -2.0457e+02    (480.0,-434.0,-440.0,450.0)
188       -2.0441e+02    (480.0,-434.0,-439.0,450.0)
189       -2.0426e+02    (479.0,-434.0,-439.0,450.0)
190       -2.0403e+02    (479.0,-434.0,-439.0,449.0)
191       -2.0376e+02    (478.0,-434.0,-439.0,449.0)
192       -2.0342e+02    (478.0,-434.0,-439.0,448.0)
193       -2.0311e+02    (478.0,-434.0,-439.0,447.0)
194       -2.0286e+02    (478.0,-434.0,-439.0,446.0)
195       -2.0263e+02    (477.0,-434.0,-439.0,446.0)
196       -2.0244e+02    (477.0,-434.0,-439.0,445.0)
197       -2.0231e+02    (477.0,-434.0,-439.0,444.0)
198       -2.0219e+02    (476.0,-434.0,-439.0,444.0)
199       -2.0198e+02    (476.0,-434.0,-439.0,443.0)
200       -2.0174e+02    (475.0,-434.0,-439.0,443.0)
201       -2.0141e+02    (475.0,-434.0,-439.0,442.0)
202       -2.0110e+02    (475.0,-434.0,-439.0,441.0)
203       -2.0083e+02    (474.0,-434.0,-439.0,441.0)
204       -2.0057e+02    (474.0,-434.0,-439.0,440.0)
205       -2.0037e+02    (474.0,-434.0,-439.0,439.0)
206       -2.0023e+02    (474.0,-434.0,-439.0,438.0)
207       -2.0013e+02    (473.0,-434.0,-439.0,438.0)
208       -1.9994e+02    (473.0,-434.0,-439.0,437.0)
209       -1.9972e+02    (473.0,-434.0,-438.0,437.0)
210       -1.9949e+02    (472.0,-434.0,-438.0,437.0)
211       -1.9923e+02    (472.0,-434.0,-437.0,437.0)
212       -1.9899e+02    (471.0,-434.0,-437.0,437.0)
213       -1.9874e+02    (471.0,-434.0,-436.0,437.0)
214       -1.9851e+02    (471.0,-434.0,-435.0,437.0)
215       -1.9832e+02    (471.0,-434.0,-434.0,437.0)
216       -1.9812e+02    (470.0,-434.0,-434.0,437.0)
217       -1.9792e+02    (470.0,-434.0,-433.0,437.0)
218       -1.9771e+02    (469.0,-434.0,-433.0,437.0)
219       -1.9745e+02    (469.0,-434.0,-433.0,436.0)
220       -1.9720e+02    (468.0,-434.0,-433.0,436.0)
221       -1.9693e+02    (468.0,-434.0,-433.0,435.0)
222       -1.9668e+02    (468.0,-434.0,-433.0,434.0)
223       -1.9647e+02    (468.0,-434.0,-433.0,433.0)
224       -1.9628e+02    (468.0,-434.0,-433.0,432.0)
225       -1.9610e+02    (467.0,-434.0,-433.0,432.0)
226       -1.9591e+02    (467.0,-434.0,-433.0,431.0)
227       -1.9571e+02    (466.0,-434.0,-433.0,431.0)
228       -1.9545e+02    (466.0,-434.0,-432.0,431.0)
229       -1.9519e+02    (465.0,-434.0,-432.0,431.0)
230       -1.9490e+02    (465.0,-434.0,-431.0,431.0)
231       -1.9465e+02    (465.0,-434.0,-430.0,431.0)
232       -1.9445e+02    (465.0,-434.0,-429.0,431.0)
233       -1.9428e+02    (464.0,-434.0,-429.0,431.0)
234       -1.9411e+02    (464.0,-434.0,-428.0,431.0)
235       -1.9394e+02    (464.0,-433.0,-428.0,431.0)
236       -1.9369e+02    (463.0,-433.0,-428.0,431.0)
237       -1.9345e+02    (463.0,-432.0,-428.0,431.0)
238       -1.9315e+02    (462.0,-432.0,-428.0,431.0)
239       -1.9290e+02    (462.0,-431.0,-428.0,431.0)
240       -1.9271e+02    (461.0,-431.0,-428.0,431.0)
241       -1.9252e+02    (461.0,-430.0,-428.0,431.0)
242       -1.9236e+02    (461.0,-429.0,-428.0,431.0)
243       -1.9215e+02    (460.0,-429.0,-428.0,431.0)
244       -1.9192e+02    (460.0,-428.0,-428.0,431.0)
245       -1.9164e+02    (459.0,-428.0,-428.0,431.0)
246       -1.9136e+02    (459.0,-427.0,-428.0,431.0)
247       -1.9115e+02    (459.0,-426.0,-428.0,431.0)
248       -1.9094e+02    (458.0,-426.0,-428.0,431.0)
249       -1.9078e+02    (458.0,-425.0,-428.0,431.0)
250       -1.9061e+02    (457.0,-425.0,-428.0,431.0)
251       -1.9038e+02    (457.0,-425.0,-428.0,430.0)
252       -1.9012e+02    (456.0,-425.0,-428.0,430.0)
253       -1.8982e+02    (456.0,-425.0,-428.0,429.0)
254       -1.8954e+02    (456.0,-425.0,-428.0,428.0)
255       -1.8932e+02    (456.0,-425.0,-428.0,427.0)
256       -1.8910e+02    (455.0,-425.0,-428.0,427.0)
257       -1.8892e+02    (455.0,-425.0,-428.0,426.0)
258       -1.8878e+02    (455.0,-425.0,-428.0,425.0)
259       -1.8863e+02    (454.0,-425.0,-428.0,425.0)
260       -1.8842e+02    (454.0,-425.0,-427.0,425.0)
261       -1.8818e+02    (453.0,-425.0,-427.0,425.0)
262       -1.8788e+02    (453.0,-425.0,-426.0,425.0)
263       -1.8761e+02    (453.0,-425.0,-425.0,425.0)
264       -1.8737e+02    (452.0,-425.0,-425.0,425.0)
265       -1.8715e+02    (452.0,-425.0,-424.0,425.0)
266       -1.8699e+02    (452.0,-425.0,-423.0,425.0)
267       -1.8687e+02    (451.0,-425.0,-423.0,425.0)
268       -1.8668e+02    (451.0,-425.0,-422.0,425.0)
269       -1.8647e+02    (451.0,-425.0,-422.0,424.0)
270       -1.8624e+02    (450.0,-425.0,-422.0,424.0)
271       -1.8600e+02    (450.0,-425.0,-422.0,423.0)
272       -1.8577e+02    (449.0,-425.0,-422.0,423.0)
273       -1.8553e+02    (449.0,-425.0,-422.0,422.0)
274       -1.8531e+02    (449.0,-425.0,-422.0,421.0)
275       -1.8511e+02    (449.0,-425.0,-422.0,420.0)
276       -1.8492e+02    (449.0,-425.0,-422.0,419.0)
277       -1.8473e+02    (448.0,-425.0,-422.0,419.0)
278       -1.8453e+02    (448.0,-425.0,-422.0,418.0)
279       -1.8431e+02    (447.0,-425.0,-422.0,418.0)
280       -1.8408e+02    (447.0,-425.0,-422.0,417.0)
281       -1.8385e+02    (446.0,-425.0,-422.0,417.0)
282       -1.8361e+02    (446.0,-425.0,-422.0,416.0)
283       -1.8338e+02    (446.0,-425.0,-422.0,415.0)
284       -1.8318e+02    (446.0,-425.0,-422.0,414.0)
285       -1.8300e+02    (446.0,-425.0,-422.0,413.0)
286       -1.8280e+02    (445.0,-425.0,-422.0,413.0)
287       -1.8261e+02    (445.0,-425.0,-422.0,412.0)
288       -1.8241e+02    (444.0,-425.0,-422.0,412.0)
289       -1.8216e+02    (444.0,-425.0,-421.0,412.0)
290       -1.8192e+02    (443.0,-425.0,-421.0,412.0)
291       -1.8167e+02    (443.0,-425.0,-420.0,412.0)
292       -1.8144e+02    (443.0,-425.0,-419.0,412.0)
293       -1.8125e+02    (443.0,-425.0,-418.0,412.0)
294       -1.8106e+02    (442.0,-425.0,-418.0,412.0)
295       -1.8088e+02    (442.0,-425.0,-417.0,412.0)
296       -1.8070e+02    (441.0,-425.0,-417.0,412.0)
297       -1.8046e+02    (441.0,-425.0,-417.0,411.0)
298       -1.8021e+02    (440.0,-425.0,-417.0,411.0)
299       -1.7992e+02    (440.0,-425.0,-417.0,410.0)
300       -1.7966e+02    (440.0,-425.0,-417.0,409.0)
301       -1.7946e+02    (440.0,-425.0,-417.0,408.0)
302       -1.7929e+02    (440.0,-425.0,-417.0,407.0)
303       -1.7912e+02    (439.0,-425.0,-417.0,407.0)
304       -1.7897e+02    (439.0,-425.0,-417.0,406.0)
305       -1.7882e+02    (438.0,-425.0,-417.0,406.0)
306       -1.7858e+02    (438.0,-424.0,-417.0,406.0)
307       -1.7834e+02    (437.0,-424.0,-417.0,406.0)
308       -1.7804e+02    (437.0,-423.0,-417.0,406.0)
309       -1.7780e+02    (437.0,-422.0,-417.0,406.0)
310       -1.7761e+02    (436.0,-422.0,-417.0,406.0)
311       -1.7743e+02    (436.0,-421.0,-417.0,406.0)
312       -1.7729e+02    (436.0,-420.0,-417.0,406.0)
313       -1.7709e+02    (435.0,-420.0,-417.0,406.0)
314       -1.7687e+02    (435.0,-419.0,-417.0,406.0)
315       -1.7659e+02    (434.0,-419.0,-417.0,406.0)
316       -1.7632e+02    (434.0,-418.0,-417.0,406.0)
317       -1.7611e+02    (433.0,-418.0,-417.0,406.0)
318       -1.7591e+02    (433.0,-417.0,-417.0,406.0)
319       -1.7577e+02    (433.0,-416.0,-417.0,406.0)
320       -1.7560e+02    (432.0,-416.0,-417.0,406.0)
321       -1.7539e+02    (432.0,-416.0,-416.0,406.0)
322       -1.7516e+02    (431.0,-416.0,-416.0,406.0)
323       -1.7489e+02    (431.0,-416.0,-415.0,406.0)
324       -1.7465e+02    (431.0,-416.0,-414.0,406.0)
325       -1.7442e+02    (430.0,-416.0,-414.0,406.0)
326       -1.7421e+02    (430.0,-416.0,-413.0,406.0)
327       -1.7405e+02    (430.0,-416.0,-412.0,406.0)
328       -1.7390e+02    (429.0,-416.0,-412.0,406.0)
329       -1.7371e+02    (429.0,-416.0,-411.0,406.0)
330       -1.7351e+02    (429.0,-415.0,-411.0,406.0)
331       -1.7328e+02    (428.0,-415.0,-411.0,406.0)
332       -1.7306e+02    (428.0,-414.0,-411.0,406.0)
333       -1.7284e+02    (427.0,-414.0,-411.0,406.0)
334       -1.7263e+02    (427.0,-413.0,-411.0,406.0)
335       -1.7243e+02    (427.0,-412.0,-411.0,406.0)
336       -1.7224e+02    (426.0,-412.0,-411.0,406.0)
337       -1.7204e+02    (426.0,-411.0,-411.0,406.0)
338       -1.7183e+02    (425.0,-411.0,-411.0,406.0)
339       -1.7161e+02    (425.0,-410.0,-411.0,406.0)
340       -1.7139e+02    (424.0,-410.0,-411.0,406.0)
341       -1.7117e+02    (424.0,-409.0,-411.0,406.0)
342       -1.7097e+02    (424.0,-408.0,-411.0,406.0)
343       -1.7077e+02    (423.0,-408.0,-411.0,406.0)
344       -1.7058e+02    (423.0,-407.0,-411.0,406.0)
345       -1.7038e+02    (422.0,-407.0,-411.0,406.0)
346       -1.7014e+02    (422.0,-407.0,-410.0,406.0)
347       -1.6990e+02    (421.0,-407.0,-410.0,406.0)
348       -1.6965e+02    (421.0,-407.0,-409.0,406.0)
349       -1.6943e+02    (421.0,-407.0,-408.0,406.0)
350       -1.6925e+02    (421.0,-407.0,-407.0,406.0)
351       -1.6908e+02    (420.0,-407.0,-407.0,406.0)
352       -1.6891e+02    (420.0,-407.0,-406.0,406.0)
353       -1.6874e+02    (420.0,-407.0,-406.0,405.0)
354       -1.6851e+02    (419.0,-407.0,-406.0,405.0)
355       -1.6829e+02    (419.0,-407.0,-406.0,404.0)
356       -1.6804e+02    (418.0,-407.0,-406.0,404.0)
357       -1.6780e+02    (418.0,-407.0,-406.0,403.0)
358       -1.6759e+02    (418.0,-407.0,-406.0,402.0)
359       -1.6741e+02    (418.0,-407.0,-406.0,401.0)
360       -1.6723e+02    (417.0,-407.0,-406.0,401.0)
361       -1.6706e+02    (417.0,-407.0,-406.0,400.0)
362       -1.6689e+02    (417.0,-407.0,-406.0,399.0)
363       -1.6669e+02    (416.0,-407.0,-406.0,399.0)
364       -1.6647e+02    (416.0,-407.0,-406.0,398.0)
365       -1.6623e+02    (415.0,-407.0,-406.0,398.0)
366       -1.6599e+02    (415.0,-407.0,-406.0,397.0)
367       -1.6577e+02    (415.0,-407.0,-406.0,396.0)
368       -1.6558e+02    (415.0,-407.0,-406.0,395.0)
369       -1.6540e+02    (414.0,-407.0,-406.0,395.0)
370       -1.6523e+02    (414.0,-407.0,-406.0,394.0)
371       -1.6507e+02    (414.0,-407.0,-406.0,393.0)
372       -1.6488e+02    (413.0,-407.0,-406.0,393.0)
373       -1.6467e+02    (413.0,-406.0,-406.0,393.0)
374       -1.6445e+02    (412.0,-406.0,-406.0,393.0)
375       -1.6422e+02    (412.0,-405.0,-406.0,393.0)
376       -1.6402e+02    (412.0,-404.0,-406.0,393.0)
377       -1.6381e+02    (411.0,-404.0,-406.0,393.0)
378       -1.6363e+02    (411.0,-403.0,-406.0,393.0)
379       -1.6345e+02    (410.0,-403.0,-406.0,393.0)
380       -1.6325e+02    (410.0,-403.0,-405.0,393.0)
381       -1.6302e+02    (409.0,-403.0,-405.0,393.0)
382       -1.6278e+02    (409.0,-403.0,-404.0,393.0)
383       -1.6256e+02    (409.0,-403.0,-403.0,393.0)
384       -1.6235e+02    (408.0,-403.0,-403.0,393.0)
385       -1.6215e+02    (408.0,-403.0,-402.0,393.0)
386       -1.6198e+02    (408.0,-403.0,-401.0,393.0)
387       -1.6182e+02    (407.0,-403.0,-401.0,393.0)
388       -1.6163e+02    (407.0,-403.0,-400.0,393.0)
389       -1.6143e+02    (407.0,-402.0,-400.0,393.0)
390       -1.6122e+02    (406.0,-402.0,-400.0,393.0)
391       -1.6102e+02    (406.0,-401.0,-400.0,393.0)
392       -1.6082e+02    (405.0,-401.0,-400.0,393.0)
393       -1.6061e+02    (405.0,-400.0,-400.0,393.0)
394       -1.6041e+02    (404.0,-400.0,-400.0,393.0)
395       -1.6022e+02    (404.0,-399.0,-400.0,393.0)
396       -1.6002e+02    (404.0,-398.0,-400.0,393.0)
397       -1.5982e+02    (403.0,-398.0,-400.0,393.0)
398       -1.5960e+02    (403.0,-398.0,-399.0,393.0)
399       -1.5939e+02    (403.0,-398.0,-398.0,393.0)
400       -1.5918e+02    (402.0,-398.0,-398.0,393.0)
401       -1.5898e+02    (402.0,-398.0,-397.0,393.0)
402       -1.5879e+02    (402.0,-398.0,-396.0,393.0)
403       -1.5860e+02    (401.0,-398.0,-396.0,393.0)
404       -1.5842e+02    (401.0,-398.0,-395.0,393.0)
405       -1.5823e+02    (400.0,-398.0,-395.0,393.0)
406       -1.5801e+02    (400.0,-398.0,-395.0,392.0)
407       -1.5780e+02    (399.0,-398.0,-395.0,392.0)
408       -1.5757e+02    (399.0,-398.0,-395.0,391.0)
409       -1.5736e+02    (399.0,-398.0,-395.0,390.0)
410       -1.5717e+02    (399.0,-398.0,-395.0,389.0)
411       -1.5699e+02    (399.0,-398.0,-395.0,388.0)
412       -1.5682e+02    (398.0,-398.0,-395.0,388.0)
413       -1.5664e+02    (398.0,-398.0,-395.0,387.0)
414       -1.5646e+02    (397.0,-398.0,-395.0,387.0)
415       -1.5624e+02    (397.0,-397.0,-395.0,387.0)
416       -1.5602e+02    (396.0,-397.0,-395.0,387.0)
417       -1.5578e+02    (396.0,-396.0,-395.0,387.0)
418       -1.5558e+02    (396.0,-395.0,-395.0,387.0)
419       -1.5541e+02    (395.0,-395.0,-395.0,387.0)
420       -1.5523e+02    (395.0,-394.0,-395.0,387.0)
421       -1.5507e+02    (395.0,-393.0,-395.0,387.0)
422       -1.5486e+02    (395.0,-393.0,-394.0,387.0)
423       -1.5463e+02    (395.0,-392.0,-394.0,387.0)
424       -1.5437e+02    (395.0,-392.0,-393.0,387.0)
425       -1.5413e+02    (395.0,-391.0,-393.0,387.0)
426       -1.5389e+02    (395.0,-391.0,-392.0,387.0)
427       -1.5372e+02    (395.0,-391.0,-391.0,387.0)
428       -1.5356e+02    (395.0,-390.0,-391.0,387.0)
429       -1.5342e+02    (395.0,-390.0,-390.0,387.0)
430       -1.5329e+02    (395.0,-389.0,-390.0,387.0)
431       -1.5311e+02    (395.0,-389.0,-389.0,387.0)
432       -1.5291e+02    (394.0,-389.0,-389.0,387.0)
433       -1.5271e+02    (394.0,-389.0,-388.0,387.0)
434       -1.5249e+02    (393.0,-389.0,-388.0,387.0)
435       -1.5228e+02    (393.0,-389.0,-387.0,387.0)
436       -1.5209e+02    (393.0,-389.0,-386.0,387.0)
437       -1.5190e+02    (392.0,-389.0,-386.0,387.0)
438       -1.5172e+02    (392.0,-389.0,-385.0,387.0)
439       -1.5154e+02    (392.0,-389.0,-384.0,387.0)
440       -1.5136e+02    (391.0,-389.0,-384.0,387.0)
441       -1.5116e+02    (391.0,-388.0,-384.0,387.0)
442       -1.5094e+02    (390.0,-388.0,-384.0,387.0)
443       -1.5072e+02    (390.0,-387.0,-384.0,387.0)
444       -1.5053e+02    (390.0,-386.0,-384.0,387.0)
445       -1.5034e+02    (389.0,-386.0,-384.0,387.0)
446       -1.5017e+02    (389.0,-385.0,-384.0,387.0)
447       -1.5000e+02    (388.0,-385.0,-384.0,387.0)
448       -1.4981e+02    (388.0,-385.0,-384.0,386.0)
449       -1.4959e+02    (387.0,-385.0,-384.0,386.0)
450       -1.4936e+02    (387.0,-385.0,-384.0,385.0)
451       -1.4915e+02    (387.0,-385.0,-384.0,384.0)
452       -1.4895e+02    (386.0,-385.0,-384.0,384.0)
453       -1.4875e+02    (386.0,-385.0,-384.0,383.0)
454       -1.4857e+02    (386.0,-385.0,-384.0,382.0)
455       -1.4842e+02    (386.0,-385.0,-384.0,381.0)
456       -1.4826e+02    (385.0,-385.0,-384.0,381.0)
457       -1.4808e+02    (385.0,-385.0,-384.0,380.0)
458       -1.4788e+02    (384.0,-385.0,-384.0,380.0)
459       -1.4765e+02    (384.0,-385.0,-384.0,379.0)
460       -1.4744e+02    (384.0,-385.0,-384.0,378.0)
461       -1.4723e+02    (383.0,-385.0,-384.0,378.0)
462       -1.4703e+02    (383.0,-385.0,-384.0,377.0)
463       -1.4685e+02    (383.0,-385.0,-384.0,376.0)
464       -1.4670e+02    (383.0,-385.0,-384.0,375.0)
465       -1.4654e+02    (382.0,-385.0,-384.0,375.0)
466       -1.4637e+02    (382.0,-385.0,-384.0,374.0)
467       -1.4618e+02    (382.0,-384.0,-384.0,374.0)
468       -1.4598e+02    (382.0,-384.0,-383.0,374.0)
469       -1.4579e+02    (382.0,-383.0,-383.0,374.0)
470       -1.4559e+02    (382.0,-383.0,-382.0,374.0)
471       -1.4539e+02    (382.0,-382.0,-382.0,374.0)
472       -1.4520e+02    (382.0,-382.0,-381.0,374.0)
473       -1.4501e+02    (382.0,-382.0,-380.0,374.0)
474       -1.4483e+02    (382.0,-381.0,-380.0,374.0)
475       -1.4464e+02    (382.0,-381.0,-379.0,374.0)
476       -1.4446e+02    (382.0,-380.0,-379.0,374.0)
477       -1.4427e+02    (382.0,-380.0,-378.0,374.0)
478       -1.4408e+02    (381.0,-380.0,-378.0,374.0)
479       -1.4389e+02    (381.0,-380.0,-377.0,374.0)
480       -1.4370e+02    (380.0,-380.0,-377.0,374.0)
481       -1.4351e+02    (380.0,-380.0,-376.0,374.0)
482       -1.4332e+02    (380.0,-380.0,-375.0,374.0)
483       -1.4313e+02    (379.0,-380.0,-375.0,374.0)
484       -1.4295e+02    (379.0,-380.0,-374.0,374.0)
485       -1.4276e+02    (379.0,-380.0,-373.0,374.0)
486       -1.4257e+02    (378.0,-380.0,-373.0,374.0)
487       -1.4238e+02    (378.0,-379.0,-373.0,374.0)
488       -1.4219e+02    (377.0,-379.0,-373.0,374.0)
489       -1.4199e+02    (377.0,-378.0,-373.0,374.0)
490       -1.4181e+02    (377.0,-377.0,-373.0,374.0)
491       -1.4162e+02    (376.0,-377.0,-373.0,374.0)
492       -1.4144e+02    (376.0,-376.0,-373.0,374.0)
493       -1.4125e+02    (375.0,-376.0,-373.0,374.0)
494       -1.4105e+02    (375.0,-376.0,-373.0,373.0)
495       -1.4085e+02    (374.0,-376.0,-373.0,373.0)
496       -1.4064e+02    (374.0,-376.0,-373.0,372.0)
497       -1.4045e+02    (374.0,-376.0,-373.0,371.0)
498       -1.4026e+02    (374.0,-376.0,-373.0,370.0)
499       -1.4010e+02    (373.0,-376.0,-373.0,370.0)
500       -1.3992e+02    (373.0,-376.0,-373.0,369.0)
501       -1.3976e+02    (373.0,-376.0,-373.0,368.0)
502       -1.3958e+02    (372.0,-376.0,-373.0,368.0)
503       -1.3938e+02    (372.0,-376.0,-372.0,368.0)
504       -1.3917e+02    (371.0,-376.0,-372.0,368.0)
505       -1.3895e+02    (371.0,-376.0,-371.0,368.0)
506       -1.3875e+02    (371.0,-376.0,-370.0,368.0)
507       -1.3858e+02    (371.0,-376.0,-369.0,368.0)
508       -1.3841e+02    (370.0,-376.0,-369.0,368.0)
509       -1.3826e+02    (370.0,-376.0,-368.0,368.0)
510       -1.3810e+02    (369.0,-376.0,-368.0,368.0)
511       -1.3791e+02    (369.0,-375.0,-368.0,368.0)
512       -1.3770e+02    (368.0,-375.0,-368.0,368.0)
513       -1.3747e+02    (368.0,-374.0,-368.0,368.0)
514       -1.3727e+02    (368.0,-373.0,-368.0,368.0)
515       -1.3710e+02    (367.0,-373.0,-368.0,368.0)
516       -1.3693e+02    (367.0,-372.0,-368.0,368.0)
517       -1.3679e+02    (367.0,-371.0,-368.0,368.0)
518       -1.3661e+02    (366.0,-371.0,-368.0,368.0)
519       -1.3643e+02    (366.0,-370.0,-368.0,368.0)
520       -1.3620e+02    (365.0,-370.0,-368.0,368.0)
521       -1.3599e+02    (365.0,-369.0,-368.0,368.0)
522       -1.3580e+02    (364.0,-369.0,-368.0,368.0)
523       -1.3563e+02    (364.0,-368.0,-368.0,368.0)
524       -1.3548e+02    (364.0,-367.0,-368.0,368.0)
525       -1.3532e+02    (363.0,-367.0,-368.0,368.0)
526       -1.3514e+02    (363.0,-367.0,-367.0,368.0)
527       -1.3495e+02    (362.0,-367.0,-367.0,368.0)
528       -1.3474e+02    (362.0,-367.0,-366.0,368.0)
529       -1.3454e+02    (362.0,-367.0,-365.0,368.0)
530       -1.3435e+02    (361.0,-367.0,-365.0,368.0)
531       -1.3417e+02    (361.0,-367.0,-364.0,368.0)
532       -1.3401e+02    (361.0,-367.0,-363.0,368.0)
533       -1.3386e+02    (360.0,-367.0,-363.0,368.0)
534       -1.3369e+02    (360.0,-367.0,-362.0,368.0)
535       -1.3351e+02    (360.0,-367.0,-362.0,367.0)
536       -1.3331e+02    (360.0,-367.0,-361.0,367.0)
537       -1.3311e+02    (360.0,-367.0,-361.0,366.0)
538       -1.3290e+02    (360.0,-367.0,-360.0,366.0)
539       -1.3270e+02    (360.0,-367.0,-360.0,365.0)
540       -1.3251e+02    (360.0,-367.0,-359.0,365.0)
541       -1.3233e+02    (360.0,-367.0,-359.0,364.0)
542       -1.3217e+02    (360.0,-367.0,-359.0,363.0)
543       -1.3200e+02    (360.0,-367.0,-358.0,363.0)
544       -1.3185e+02    (360.0,-367.0,-358.0,362.0)
545       -1.3168e+02    (360.0,-367.0,-357.0,362.0)
546       -1.3152e+02    (360.0,-367.0,-357.0,361.0)
547       -1.3133e+02    (359.0,-367.0,-357.0,361.0)
548       -1.3111e+02    (359.0,-367.0,-357.0,360.0)
549       -1.3091e+02    (359.0,-367.0,-357.0,359.0)
550       -1.3070e+02    (358.0,-367.0,-357.0,359.0)
551       -1.3051e+02    (358.0,-367.0,-357.0,358.0)
552       -1.3035e+02    (358.0,-367.0,-357.0,357.0)
553       -1.3021e+02    (358.0,-367.0,-357.0,356.0)
554       -1.3006e+02    (357.0,-367.0,-357.0,356.0)
555       -1.2990e+02    (357.0,-367.0,-357.0,355.0)
556       -1.2972e+02    (357.0,-366.0,-357.0,355.0)
557       -1.2952e+02    (357.0,-366.0,-357.0,354.0)
558       -1.2930e+02    (357.0,-365.0,-357.0,354.0)
559       -1.2908e+02    (357.0,-365.0,-357.0,353.0)
560       -1.2888e+02    (357.0,-365.0,-357.0,352.0)
561       -1.2869e+02    (357.0,-364.0,-357.0,352.0)
562       -1.2853e+02    (357.0,-364.0,-357.0,351.0)
563       -1.2839e+02    (357.0,-363.0,-357.0,351.0)
564       -1.2824e+02    (357.0,-363.0,-357.0,350.0)
565       -1.2811e+02    (357.0,-363.0,-357.0,349.0)
566       -1.2794e+02    (357.0,-362.0,-357.0,349.0)
567       -1.2776e+02    (356.0,-362.0,-357.0,349.0)
568       -1.2756e+02    (356.0,-361.0,-357.0,349.0)
569       -1.2737e+02    (355.0,-361.0,-357.0,349.0)
570       -1.2717e+02    (355.0,-360.0,-357.0,349.0)
571       -1.2700e+02    (355.0,-359.0,-357.0,349.0)
572       -1.2684e+02    (354.0,-359.0,-357.0,349.0)
573       -1.2668e+02    (354.0,-358.0,-357.0,349.0)
574       -1.2651e+02    (354.0,-358.0,-356.0,349.0)
575       -1.2632e+02    (354.0,-357.0,-356.0,349.0)
576       -1.2612e+02    (354.0,-357.0,-355.0,349.0)
577       -1.2592e+02    (354.0,-356.0,-355.0,349.0)
578       -1.2572e+02    (354.0,-356.0,-354.0,349.0)
579       -1.2554e+02    (354.0,-355.0,-354.0,349.0)
580       -1.2537e+02    (354.0,-355.0,-353.0,349.0)
581       -1.2522e+02    (354.0,-355.0,-352.0,349.0)
582       -1.2506e+02    (354.0,-354.0,-352.0,349.0)
583       -1.2491e+02    (354.0,-354.0,-351.0,349.0)
584       -1.2473e+02    (354.0,-353.0,-351.0,349.0)
585       -1.2455e+02    (354.0,-353.0,-350.0,349.0)
586       -1.2435e+02    (354.0,-352.0,-350.0,349.0)
587       -1.2415e+02    (354.0,-352.0,-349.0,349.0)
588       -1.2396e+02    (354.0,-351.0,-349.0,349.0)
589       -1.2378e+02    (354.0,-351.0,-348.0,349.0)
590       -1.2362e+02    (354.0,-350.0,-348.0,349.0)
591       -1.2346e+02    (354.0,-350.0,-347.0,349.0)
592       -1.2332e+02    (354.0,-350.0,-346.0,349.0)
593       -1.2316e+02    (354.0,-349.0,-346.0,349.0)
594       -1.2298e+02    (353.0,-349.0,-346.0,349.0)
595       -1.2280e+02    (353.0,-348.0,-346.0,349.0)
596       -1.2261e+02    (352.0,-348.0,-346.0,349.0)
597       -1.2242e+02    (352.0,-347.0,-346.0,349.0)
598       -1.2225e+02    (352.0,-346.0,-346.0,349.0)
599       -1.2209e+02    (351.0,-346.0,-346.0,349.0)
600       -1.2192e+02    (351.0,-345.0,-346.0,349.0)
601       -1.2177e+02    (350.0,-345.0,-346.0,349.0)
602       -1.2157e+02    (350.0,-345.0,-346.0,348.0)
603       -1.2137e+02    (349.0,-345.0,-346.0,348.0)
604       -1.2115e+02    (349.0,-345.0,-346.0,347.0)
605       -1.2095e+02    (349.0,-345.0,-346.0,346.0)
606       -1.2078e+02    (349.0,-345.0,-346.0,345.0)
607       -1.2063e+02    (348.0,-345.0,-346.0,345.0)
608       -1.2048e+02    (348.0,-345.0,-346.0,344.0)
609       -1.2035e+02    (348.0,-345.0,-346.0,343.0)
610       -1.2020e+02    (347.0,-345.0,-346.0,343.0)
611       -1.2002e+02    (347.0,-345.0,-345.0,343.0)
612       -1.1982e+02    (346.0,-345.0,-345.0,343.0)
613       -1.1959e+02    (346.0,-345.0,-344.0,343.0)
614       -1.1939e+02    (346.0,-345.0,-343.0,343.0)
615       -1.1923e+02    (345.0,-345.0,-343.0,343.0)
616       -1.1907e+02    (345.0,-345.0,-342.0,343.0)
617       -1.1894e+02    (345.0,-345.0,-341.0,343.0)
618       -1.1882e+02    (344.0,-345.0,-341.0,343.0)
619       -1.1865e+02    (344.0,-344.0,-341.0,343.0)
620       -1.1845e+02    (343.0,-344.0,-341.0,343.0)
621       -1.1821e+02    (343.0,-343.0,-341.0,343.0)
622       -1.1802e+02    (343.0,-342.0,-341.0,343.0)
623       -1.1784e+02    (342.0,-342.0,-341.0,343.0)
624       -1.1770e+02    (342.0,-341.0,-341.0,343.0)
625       -1.1761e+02    (341.0,-341.0,-341.0,343.0)
626       -1.1745e+02    (341.0,-340.0,-341.0,343.0)
627       -1.1728e+02    (341.0,-340.0,-341.0,342.0)
628       -1.1710e+02    (341.0,-339.0,-341.0,342.0)
629       -1.1691e+02    (341.0,-339.0,-341.0,341.0)
630       -1.1673e+02    (341.0,-338.0,-341.0,341.0)
631       -1.1654e+02    (341.0,-338.0,-341.0,340.0)
632       -1.1636e+02    (342.0,-338.0,-341.0,340.0)
633       -1.1616e+02    (342.0,-338.0,-341.0,339.0)
634       -1.1599e+02    (342.0,-338.0,-342.0,339.0)
635       -1.1589e+02    (342.0,-337.0,-342.0,339.0)
636       -1.1586e+02    (342.0,-337.0,-342.0,338.0)
637       -1.1594e+02    (342.0,-337.0,-341.0,338.0)
638       -1.1593e+02    (342.0,-337.0,-341.0,337.0)
639       -1.1585e+02    (342.0,-336.0,-341.0,337.0)
640       -1.1575e+02    (341.0,-336.0,-341.0,337.0)
641       -1.1559e+02    (341.0,-336.0,-340.0,337.0)
642       -1.1541e+02    (340.0,-336.0,-340.0,337.0)
643       -1.1518e+02    (340.0,-336.0,-339.0,337.0)
644       -1.1496e+02    (340.0,-336.0,-338.0,337.0)
645       -1.1476e+02    (339.0,-336.0,-338.0,337.0)
646       -1.1459e+02    (339.0,-336.0,-337.0,337.0)
647       -1.1446e+02    (339.0,-336.0,-336.0,337.0)
648       -1.1437e+02    (338.0,-336.0,-336.0,337.0)
649       -1.1422e+02    (338.0,-336.0,-335.0,337.0)
650       -1.1407e+02    (338.0,-336.0,-335.0,336.0)
651       -1.1389e+02    (337.0,-336.0,-335.0,336.0)
652       -1.1370e+02    (337.0,-336.0,-335.0,335.0)
653       -1.1352e+02    (337.0,-336.0,-335.0,334.0)
654       -1.1332e+02    (336.0,-336.0,-335.0,334.0)
655       -1.1315e+02    (336.0,-336.0,-335.0,333.0)
656       -1.1299e+02    (336.0,-336.0,-335.0,332.0)
657       -1.1285e+02    (336.0,-336.0,-335.0,331.0)
658       -1.1271e+02    (335.0,-336.0,-335.0,331.0)
659       -1.1256e+02    (335.0,-336.0,-335.0,330.0)
660       -1.1240e+02    (335.0,-335.0,-335.0,330.0)
661       -1.1222e+02    (335.0,-335.0,-335.0,329.0)
662       -1.1203e+02    (335.0,-334.0,-335.0,329.0)
663       -1.1184e+02    (335.0,-334.0,-335.0,328.0)
664       -1.1166e+02    (335.0,-334.0,-335.0,327.0)
665       -1.1149e+02    (335.0,-333.0,-335.0,327.0)
666       -1.1133e+02    (335.0,-333.0,-335.0,326.0)
667       -1.1119e+02    (335.0,-332.0,-335.0,326.0)
668       -1.1104e+02    (335.0,-332.0,-335.0,325.0)
669       -1.1090e+02    (335.0,-332.0,-335.0,324.0)
670       -1.1075e+02    (335.0,-331.0,-335.0,324.0)
671       -1.1058e+02    (334.0,-331.0,-335.0,324.0)
672       -1.1040e+02    (334.0,-330.0,-335.0,324.0)
673       -1.1022e+02    (333.0,-330.0,-335.0,324.0)
674       -1.1004e+02    (333.0,-329.0,-335.0,324.0)
675       -1.0988e+02    (333.0,-328.0,-335.0,324.0)
676       -1.0973e+02    (332.0,-328.0,-335.0,324.0)
677       -1.0958e+02    (332.0,-327.0,-335.0,324.0)
678       -1.0943e+02    (331.0,-327.0,-335.0,324.0)
679       -1.0925e+02    (331.0,-327.0,-334.0,324.0)
680       -1.0907e+02    (331.0,-327.0,-333.0,324.0)
681       -1.0887e+02    (330.0,-327.0,-333.0,324.0)
682       -1.0869e+02    (330.0,-327.0,-332.0,324.0)
683       -1.0854e+02    (330.0,-327.0,-331.0,324.0)
684       -1.0839e+02    (329.0,-327.0,-331.0,324.0)
685       -1.0824e+02    (329.0,-327.0,-330.0,324.0)
686       -1.0810e+02    (329.0,-327.0,-329.0,324.0)
687       -1.0793e+02    (329.0,-326.0,-329.0,324.0)
688       -1.0774e+02    (329.0,-326.0,-328.0,324.0)
689       -1.0753e+02    (329.0,-325.0,-328.0,324.0)
690       -1.0733e+02    (329.0,-325.0,-327.0,324.0)
691       -1.0716e+02    (329.0,-324.0,-327.0,324.0)
692       -1.0699e+02    (329.0,-324.0,-326.0,324.0)
693       -1.0687e+02    (329.0,-324.0,-325.0,324.0)
694       -1.0674e+02    (329.0,-323.0,-325.0,324.0)
695       -1.0662e+02    (329.0,-323.0,-324.0,324.0)
696       -1.0647e+02    (329.0,-322.0,-324.0,324.0)
697       -1.0630e+02    (329.0,-322.0,-323.0,324.0)
698       -1.0611e+02    (329.0,-321.0,-323.0,324.0)
699       -1.0591e+02    (329.0,-321.0,-322.0,324.0)
700       -1.0571e+02    (329.0,-320.0,-322.0,324.0)
701       -1.0553e+02    (329.0,-320.0,-321.0,324.0)
702       -1.0539e+02    (329.0,-320.0,-320.0,324.0)
703       -1.0526e+02    (329.0,-319.0,-320.0,324.0)
704       -1.0514e+02    (329.0,-319.0,-319.0,324.0)
705       -1.0501e+02    (329.0,-318.0,-319.0,324.0)
706       -1.0487e+02    (328.0,-318.0,-319.0,324.0)
707       -1.0469e+02    (328.0,-318.0,-319.0,323.0)
708       -1.0451e+02    (327.0,-318.0,-319.0,323.0)
709       -1.0431e+02    (327.0,-318.0,-319.0,322.0)
710       -1.0413e+02    (327.0,-318.0,-319.0,321.0)
711       -1.0397e+02    (327.0,-318.0,-319.0,320.0)
712       -1.0383e+02    (326.0,-318.0,-319.0,320.0)
713       -1.0368e+02    (326.0,-318.0,-319.0,319.0)
714       -1.0355e+02    (326.0,-318.0,-319.0,318.0)
715       -1.0341e+02    (325.0,-318.0,-319.0,318.0)
716       -1.0324e+02    (325.0,-317.0,-319.0,318.0)
717       -1.0303e+02    (324.0,-317.0,-319.0,318.0)
718       -1.0282e+02    (324.0,-316.0,-319.0,318.0)
719       -1.0266e+02    (324.0,-315.0,-319.0,318.0)
720       -1.0251e+02    (323.0,-315.0,-319.0,318.0)
721       -1.0240e+02    (323.0,-314.0,-319.0,318.0)
722       -1.0229e+02    (322.0,-314.0,-319.0,318.0)
723       -1.0213e+02    (322.0,-314.0,-318.0,318.0)
724       -1.0194e+02    (321.0,-314.0,-318.0,318.0)
725       -1.0171e+02    (321.0,-314.0,-317.0,318.0)
726       -1.0151e+02    (321.0,-314.0,-316.0,318.0)
727       -1.0134e+02    (320.0,-314.0,-316.0,318.0)
728       -1.0118e+02    (320.0,-314.0,-315.0,318.0)
729       -1.0108e+02    (320.0,-314.0,-314.0,318.0)
730       -1.0101e+02    (319.0,-314.0,-314.0,318.0)
731       -1.0086e+02    (319.0,-314.0,-313.0,318.0)
732       -1.0070e+02    (319.0,-314.0,-313.0,317.0)
733       -1.0054e+02    (318.0,-314.0,-313.0,317.0)
734       -1.0037e+02    (318.0,-314.0,-313.0,316.0)
735       -1.0020e+02    (318.0,-314.0,-313.0,315.0)
736       -1.0004e+02    (317.0,-314.0,-313.0,315.0)
737       -9.9878e+01    (317.0,-314.0,-313.0,314.0)
738       -9.9727e+01    (317.0,-314.0,-313.0,313.0)
739       -9.9583e+01    (317.0,-314.0,-313.0,312.0)
740       -9.9437e+01    (316.0,-314.0,-313.0,312.0)
741       -9.9286e+01    (316.0,-314.0,-313.0,311.0)
742       -9.9127e+01    (315.0,-314.0,-313.0,311.0)
743       -9.8961e+01    (315.0,-314.0,-313.0,310.0)
744       -9.8797e+01    (315.0,-314.0,-313.0,309.0)
745       -9.8630e+01    (314.0,-314.0,-313.0,309.0)
746       -9.8471e+01    (314.0,-314.0,-313.0,308.0)
747       -9.8320e+01    (314.0,-314.0,-313.0,307.0)
748       -9.8178e+01    (314.0,-314.0,-313.0,306.0)
749       -9.8034e+01    (313.0,-314.0,-313.0,306.0)
750       -9.7888e+01    (313.0,-314.0,-313.0,305.0)
751       -9.7734e+01    (313.0,-313.0,-313.0,305.0)
752       -9.7573e+01    (313.0,-313.0,-312.0,305.0)
753       -9.7401e+01    (313.0,-312.0,-312.0,305.0)
754       -9.7229e+01    (313.0,-312.0,-311.0,305.0)
755       -9.7062e+01    (313.0,-311.0,-311.0,305.0)
756       -9.6901e+01    (313.0,-311.0,-310.0,305.0)
757       -9.6757e+01    (313.0,-311.0,-309.0,305.0)
758       -9.6612e+01    (313.0,-310.0,-309.0,305.0)
759       -9.6477e+01    (313.0,-310.0,-308.0,305.0)
760       -9.6332e+01    (313.0,-309.0,-308.0,305.0)
761       -9.6182e+01    (312.0,-309.0,-308.0,305.0)
762       -9.6012e+01    (312.0,-308.0,-308.0,305.0)
763       -9.5846e+01    (311.0,-308.0,-308.0,305.0)
764       -9.5675e+01    (311.0,-307.0,-308.0,305.0)
765       -9.5523e+01    (311.0,-306.0,-308.0,305.0)
766       -9.5386e+01    (310.0,-306.0,-308.0,305.0)
767       -9.5243e+01    (310.0,-305.0,-308.0,305.0)
768       -9.5106e+01    (310.0,-304.0,-308.0,305.0)
769       -9.4935e+01    (310.0,-304.0,-308.0,304.0)
770       -9.4749e+01    (310.0,-303.0,-308.0,304.0)
771       -9.4542e+01    (310.0,-303.0,-308.0,303.0)
772       -9.4362e+01    (310.0,-303.0,-308.0,302.0)
773       -9.4180e+01    (310.0,-302.0,-308.0,302.0)
774       -9.4033e+01    (310.0,-302.0,-308.0,301.0)
775       -9.3925e+01    (310.0,-302.0,-308.0,300.0)
776       -9.3809e+01    (310.0,-301.0,-308.0,300.0)
777       -9.3710e+01    (310.0,-301.0,-308.0,299.0)
778       -9.3588e+01    (310.0,-300.0,-308.0,299.0)
779       -9.3439e+01    (309.0,-300.0,-308.0,299.0)
780       -9.3265e+01    (309.0,-299.0,-308.0,299.0)
781       -9.3082e+01    (308.0,-299.0,-308.0,299.0)
782       -9.2900e+01    (308.0,-298.0,-308.0,299.0)
783       -9.2758e+01    (308.0,-297.0,-308.0,299.0)
784       -9.2632e+01    (307.0,-297.0,-308.0,299.0)
785       -9.2512e+01    (307.0,-296.0,-308.0,299.0)
786       -9.2389e+01    (306.0,-296.0,-308.0,299.0)
787       -9.2218e+01    (306.0,-296.0,-307.0,299.0)
788       -9.2048e+01    (305.0,-296.0,-307.0,299.0)
789       -9.1847e+01    (305.0,-296.0,-306.0,299.0)
790       -9.1669e+01    (305.0,-296.0,-305.0,299.0)
791       -9.1524e+01    (305.0,-296.0,-304.0,299.0)
792       -9.1393e+01    (304.0,-296.0,-304.0,299.0)
793       -9.1269e+01    (304.0,-296.0,-303.0,299.0)
794       -9.1159e+01    (304.0,-296.0,-302.0,299.0)
795       -9.1007e+01    (303.0,-296.0,-302.0,299.0)
796       -9.0848e+01    (303.0,-296.0,-301.0,299.0)
797       -9.0654e+01    (302.0,-296.0,-301.0,299.0)
798       -9.0469e+01    (302.0,-296.0,-300.0,299.0)
799       -9.0313e+01    (302.0,-296.0,-299.0,299.0)
800       -9.0171e+01    (301.0,-296.0,-299.0,299.0)
801       -9.0043e+01    (301.0,-296.0,-298.0,299.0)
802       -8.9935e+01    (301.0,-296.0,-297.0,299.0)
803       -8.9807e+01    (300.0,-296.0,-297.0,299.0)
804       -8.9657e+01    (300.0,-296.0,-297.0,298.0)
805       -8.9489e+01    (299.0,-296.0,-297.0,298.0)
806       -8.9305e+01    (299.0,-296.0,-297.0,297.0)
807       -8.9134e+01    (299.0,-296.0,-297.0,296.0)
808       -8.8980e+01    (298.0,-296.0,-297.0,296.0)
809       -8.8828e+01    (298.0,-296.0,-297.0,295.0)
810       -8.8698e+01    (298.0,-296.0,-297.0,294.0)
811       -8.8585e+01    (298.0,-296.0,-297.0,293.0)
812       -8.8466e+01    (297.0,-296.0,-297.0,293.0)
813       -8.8326e+01    (297.0,-296.0,-297.0,292.0)
814       -8.8170e+01    (296.0,-296.0,-297.0,292.0)
815       -8.7990e+01    (296.0,-296.0,-297.0,291.0)
816       -8.7820e+01    (296.0,-296.0,-297.0,290.0)
817       -8.7657e+01    (295.0,-296.0,-297.0,290.0)
818       -8.7501e+01    (295.0,-296.0,-297.0,289.0)
819       -8.7369e+01    (295.0,-296.0,-297.0,288.0)
820       -8.7257e+01    (295.0,-296.0,-297.0,287.0)
821       -8.7144e+01    (294.0,-296.0,-297.0,287.0)
822       -8.7013e+01    (294.0,-296.0,-297.0,286.0)
823       -8.6868e+01    (294.0,-295.0,-297.0,286.0)
824       -8.6715e+01    (294.0,-295.0,-297.0,285.0)
825       -8.6552e+01    (294.0,-294.0,-297.0,285.0)
826       -8.6389e+01    (294.0,-294.0,-297.0,284.0)
827       -8.6235e+01    (294.0,-293.0,-297.0,284.0)
828       -8.6082e+01    (294.0,-293.0,-297.0,283.0)
829       -8.5944e+01    (294.0,-293.0,-297.0,282.0)
830       -8.5819e+01    (294.0,-292.0,-297.0,282.0)
831       -8.5690e+01    (294.0,-292.0,-297.0,281.0)
832       -8.5569e+01    (294.0,-292.0,-297.0,280.0)
833       -8.5432e+01    (294.0,-291.0,-297.0,280.0)
834       -8.5283e+01    (294.0,-291.0,-296.0,280.0)
835       -8.5127e+01    (294.0,-290.0,-296.0,280.0)
836       -8.4964e+01    (294.0,-290.0,-295.0,280.0)
837       -8.4806e+01    (294.0,-289.0,-295.0,280.0)
838       -8.4648e+01    (294.0,-289.0,-294.0,280.0)
839       -8.4507e+01    (294.0,-289.0,-293.0,280.0)
840       -8.4369e+01    (294.0,-288.0,-293.0,280.0)
841       -8.4240e+01    (294.0,-288.0,-292.0,280.0)
842       -8.4110e+01    (294.0,-287.0,-292.0,280.0)
843       -8.3972e+01    (294.0,-287.0,-291.0,280.0)
844       -8.3822e+01    (293.0,-287.0,-291.0,280.0)
845       -8.3655e+01    (293.0,-287.0,-290.0,280.0)
846       -8.3497e+01    (293.0,-287.0,-289.0,280.0)
847       -8.3333e+01    (292.0,-287.0,-289.0,280.0)
848       -8.3187e+01    (292.0,-287.0,-288.0,280.0)
849       -8.3060e+01    (292.0,-287.0,-287.0,280.0)
850       -8.2939e+01    (291.0,-287.0,-287.0,280.0)
851       -8.2807e+01    (291.0,-287.0,-286.0,280.0)
852       -8.2673e+01    (290.0,-287.0,-286.0,280.0)
853       -8.2511e+01    (290.0,-287.0,-285.0,280.0)
854       -8.2354e+01    (290.0,-287.0,-284.0,280.0)
855       -8.2187e+01    (289.0,-287.0,-284.0,280.0)
856       -8.2035e+01    (289.0,-287.0,-283.0,280.0)
857       -8.1903e+01    (289.0,-287.0,-282.0,280.0)
858       -8.1783e+01    (288.0,-287.0,-282.0,280.0)
859       -8.1655e+01    (288.0,-287.0,-281.0,280.0)
860       -8.1532e+01    (288.0,-287.0,-280.0,280.0)
861       -8.1380e+01    (288.0,-286.0,-280.0,280.0)
862       -8.1219e+01    (288.0,-286.0,-279.0,280.0)
863       -8.1043e+01    (288.0,-285.0,-279.0,280.0)
864       -8.0875e+01    (288.0,-285.0,-278.0,280.0)
865       -8.0725e+01    (288.0,-284.0,-278.0,280.0)
866       -8.0587e+01    (288.0,-284.0,-277.0,280.0)
867       -8.0480e+01    (288.0,-284.0,-276.0,280.0)
868       -8.0364e+01    (288.0,-283.0,-276.0,280.0)
869       -8.0257e+01    (288.0,-283.0,-275.0,280.0)
870       -8.0124e+01    (288.0,-282.0,-275.0,280.0)
871       -7.9979e+01    (287.0,-282.0,-275.0,280.0)
872       -7.9831e+01    (287.0,-281.0,-275.0,280.0)
873       -7.9679e+01    (286.0,-281.0,-275.0,280.0)
874       -7.9532e+01    (286.0,-280.0,-275.0,280.0)
875       -7.9397e+01    (286.0,-279.0,-275.0,280.0)
876       -7.9261e+01    (285.0,-279.0,-275.0,280.0)
877       -7.9130e+01    (285.0,-278.0,-275.0,280.0)
878       -7.8993e+01    (284.0,-278.0,-275.0,280.0)
879       -7.8848e+01    (284.0,-278.0,-274.0,280.0)
880       -7.8693e+01    (283.0,-278.0,-274.0,280.0)
881       -7.8539e+01    (283.0,-278.0,-273.0,280.0)
882       -7.8396e+01    (283.0,-278.0,-272.0,280.0)
883       -7.8265e+01    (282.0,-278.0,-272.0,280.0)
884       -7.8136e+01    (282.0,-278.0,-271.0,280.0)
885       -7.8015e+01    (282.0,-278.0,-270.0,280.0)
886       -7.7889e+01    (281.0,-278.0,-270.0,280.0)
887       -7.7742e+01    (281.0,-277.0,-270.0,280.0)
888       -7.7576e+01    (280.0,-277.0,-270.0,280.0)
889       -7.7407e+01    (280.0,-276.0,-270.0,280.0)
890       -7.7268e+01    (280.0,-275.0,-270.0,280.0)
891       -7.7135e+01    (279.0,-275.0,-270.0,280.0)
892       -7.7023e+01    (279.0,-274.0,-270.0,280.0)
893       -7.6916e+01    (278.0,-274.0,-270.0,280.0)
894       -7.6773e+01    (278.0,-274.0,-270.0,279.0)
895       -7.6589e+01    (277.0,-274.0,-270.0,279.0)
896       -7.6381e+01    (277.0,-274.0,-270.0,278.0)
897       -7.6203e+01    (277.0,-274.0,-270.0,277.0)
898       -7.6058e+01    (276.0,-274.0,-270.0,277.0)
899       -7.5918e+01    (276.0,-274.0,-270.0,276.0)
900       -7.5818e+01    (276.0,-274.0,-270.0,275.0)
901       -7.5751e+01    (276.0,-274.0,-270.0,274.0)
902       -7.5662e+01    (275.0,-274.0,-270.0,274.0)
903       -7.5535e+01    (275.0,-273.0,-270.0,274.0)
904       -7.5379e+01    (274.0,-273.0,-270.0,274.0)
905       -7.5186e+01    (274.0,-272.0,-270.0,274.0)
906       -7.5028e+01    (274.0,-271.0,-270.0,274.0)
907       -7.4870e+01    (273.0,-271.0,-270.0,274.0)
908       -7.4764e+01    (273.0,-270.0,-270.0,274.0)
909       -7.4692e+01    (272.0,-270.0,-270.0,274.0)
910       -7.4576e+01    (272.0,-269.0,-270.0,274.0)
911       -7.4446e+01    (272.0,-269.0,-270.0,273.0)
912       -7.4302e+01    (272.0,-268.0,-270.0,273.0)
913       -7.4143e+01    (272.0,-268.0,-270.0,272.0)
914       -7.3986e+01    (272.0,-267.0,-270.0,272.0)
915       -7.3823e+01    (272.0,-267.0,-270.0,271.0)
916       -7.3681e+01    (272.0,-267.0,-270.0,270.0)
917       -7.3551e+01    (272.0,-266.0,-270.0,270.0)
918       -7.3430e+01    (272.0,-266.0,-270.0,269.0)
919       -7.3327e+01    (272.0,-266.0,-270.0,268.0)
920       -7.3214e+01    (272.0,-265.0,-270.0,268.0)
921       -7.3100e+01    (272.0,-265.0,-270.0,267.0)
922       -7.2962e+01    (271.0,-265.0,-270.0,267.0)
923       -7.2776e+01    (271.0,-265.0,-270.0,266.0)
924       -7.2604e+01    (271.0,-265.0,-270.0,265.0)
925       -7.2426e+01    (270.0,-265.0,-270.0,265.0)
926       -7.2271e+01    (270.0,-265.0,-270.0,264.0)
927       -7.2154e+01    (270.0,-265.0,-270.0,263.0)
928       -7.2074e+01    (270.0,-265.0,-270.0,262.0)
929       -7.1996e+01    (269.0,-265.0,-270.0,262.0)
930       -7.1894e+01    (269.0,-265.0,-270.0,261.0)
931       -7.1771e+01    (269.0,-265.0,-269.0,261.0)
932       -7.1624e+01    (269.0,-265.0,-269.0,260.0)
933       -7.1459e+01    (269.0,-265.0,-268.0,260.0)
934       -7.1281e+01    (269.0,-265.0,-268.0,259.0)
935       -7.1112e+01    (269.0,-265.0,-267.0,259.0)
936       -7.0947e+01    (269.0,-265.0,-267.0,258.0)
937       -7.0821e+01    (269.0,-265.0,-266.0,258.0)
938       -7.0696e+01    (269.0,-265.0,-266.0,257.0)
939       -7.0594e+01    (270.0,-265.0,-266.0,257.0)
940       -7.0309e+01    (270.0,-266.0,-266.0,257.0)
941       -7.0401e+01    (270.0,-266.0,-266.0,256.0)
942       -7.0485e+01    (270.0,-266.0,-265.0,256.0)
943       -7.0474e+01    (270.0,-266.0,-265.0,257.0)
944       -7.0587e+01    (270.0,-267.0,-265.0,257.0)
945       -7.0410e+01    (270.0,-267.0,-266.0,257.0)
946       -7.0506e+01    (270.0,-267.0,-267.0,257.0)
947       -7.0405e+01    (270.0,-266.0,-267.0,257.0)
948       -7.0508e+01    (270.0,-266.0,-267.0,256.0)
949       -7.0617e+01    (270.0,-267.0,-267.0,256.0)
950       -7.0511e+01    (270.0,-267.0,-266.0,256.0)
951       -7.0603e+01    (270.0,-267.0,-265.0,256.0)
952       -7.0703e+01    (269.0,-267.0,-265.0,256.0)
953       -7.0575e+01    (269.0,-266.0,-265.0,256.0)
954       -7.0517e+01    (269.0,-265.0,-265.0,256.0)
955       -7.0433e+01    (269.0,-265.0,-265.0,255.0)
956       -7.0324e+01    (269.0,-265.0,-264.0,255.0)
957       -7.0196e+01    (269.0,-264.0,-264.0,255.0)
958       -7.0050e+01    (269.0,-264.0,-263.0,255.0)
959       -6.9890e+01    (269.0,-263.0,-263.0,255.0)
960       -6.9726e+01    (269.0,-263.0,-262.0,255.0)
961       -6.9579e+01    (269.0,-262.0,-262.0,255.0)
962       -6.9438e+01    (269.0,-262.0,-261.0,255.0)
963       -6.9330e+01    (269.0,-262.0,-260.0,255.0)
964       -6.9222e+01    (269.0,-261.0,-260.0,255.0)
965       -6.9126e+01    (269.0,-261.0,-259.0,255.0)
966       -6.9015e+01    (269.0,-260.0,-259.0,255.0)
967       -6.8885e+01    (268.0,-260.0,-259.0,255.0)
968       -6.8726e+01    (268.0,-259.0,-259.0,255.0)
969       -6.8571e+01    (267.0,-259.0,-259.0,255.0)
970       -6.8412e+01    (267.0,-258.0,-259.0,255.0)
971       -6.8291e+01    (267.0,-257.0,-259.0,255.0)
972       -6.8192e+01    (266.0,-257.0,-259.0,255.0)
973       -6.8085e+01    (266.0,-256.0,-259.0,255.0)
974       -6.7980e+01    (265.0,-256.0,-259.0,255.0)
975       -6.7826e+01    (265.0,-256.0,-258.0,255.0)
976       -6.7676e+01    (265.0,-256.0,-257.0,255.0)
977       -6.7504e+01    (264.0,-256.0,-257.0,255.0)
978       -6.7353e+01    (264.0,-256.0,-256.0,255.0)
979       -6.7233e+01    (264.0,-256.0,-255.0,255.0)
980       -6.7134e+01    (263.0,-256.0,-255.0,255.0)
981       -6.7029e+01    (263.0,-256.0,-254.0,255.0)
982       -6.6936e+01    (263.0,-256.0,-253.0,255.0)
983       -6.6803e+01    (262.0,-256.0,-253.0,255.0)
984       -6.6660e+01    (262.0,-256.0,-252.0,255.0)
985       -6.6494e+01    (261.0,-256.0,-252.0,255.0)
986       -6.6334e+01    (261.0,-256.0,-251.0,255.0)
987       -6.6203e+01    (261.0,-256.0,-250.0,255.0)
988       -6.6096e+01    (260.0,-256.0,-250.0,255.0)
989       -6.5989e+01    (260.0,-256.0,-249.0,255.0)
990       -6.5899e+01    (260.0,-256.0,-248.0,255.0)
991       -6.5791e+01    (259.0,-256.0,-248.0,255.0)
992       -6.5655e+01    (259.0,-255.0,-248.0,255.0)
993       -6.5511e+01    (258.0,-255.0,-248.0,255.0)
994       -6.5353e+01    (258.0,-254.0,-248.0,255.0)
995       -6.5219e+01    (258.0,-253.0,-248.0,255.0)
996       -6.5096e+01    (257.0,-253.0,-248.0,255.0)
997       -6.4988e+01    (257.0,-252.0,-248.0,255.0)
998       -6.4894e+01    (256.0,-252.0,-248.0,255.0)
999       -6.4764e+01    (256.0,-252.0,-248.0,254.0)
