# run = 22
occ          S   
0         (-536.0,574.0,491.0,-496.0)
0         (-535.0,574.0,491.0,-496.0)
0         (-534.0,574.0,491.0,-496.0)
0         (-534.0,574.0,490.0,-496.0)
0         (-534.0,573.0,490.0,-496.0)
0         (-534.0,573.0,489.0,-496.0)
0         (-534.0,573.0,489.0,-495.0)
0         (-534.0,572.0,489.0,-495.0)
0         (-534.0,572.0,488.0,-495.0)
0         (-533.0,572.0,488.0,-495.0)
0         (-533.0,572.0,488.0,-494.0)
0         (-533.0,571.0,488.0,-494.0)
0         (-532.0,571.0,488.0,-494.0)
0         (-532.0,570.0,488.0,-494.0)
0         (-531.0,570.0,488.0,-494.0)
0         (-531.0,569.0,488.0,-494.0)
0         (-531.0,568.0,488.0,-494.0)
0         (-530.0,568.0,488.0,-494.0)
0         (-530.0,567.0,488.0,-494.0)
0         (-530.0,566.0,488.0,-494.0)
0         (-529.0,566.0,488.0,-494.0)
0         (-529.0,565.0,488.0,-494.0)
0         (-528.0,565.0,488.0,-494.0)
0         (-528.0,564.0,488.0,-494.0)
0         (-528.0,563.0,488.0,-494.0)
0         (-527.0,563.0,488.0,-494.0)
0         (-527.0,562.0,488.0,-494.0)
0         (-526.0,562.0,488.0,-494.0)
0         (-526.0,561.0,488.0,-494.0)
0         (-525.0,561.0,488.0,-494.0)
0         (-525.0,560.0,488.0,-494.0)
0         (-525.0,559.0,488.0,-494.0)
0         (-524.0,559.0,488.0,-494.0)
0         (-524.0,558.0,488.0,-494.0)
0         (-523.0,558.0,488.0,-494.0)
0         (-523.0,557.0,488.0,-494.0)
0         (-522.0,557.0,488.0,-494.0)
0         (-522.0,556.0,488.0,-494.0)
0         (-522.0,555.0,488.0,-494.0)
0         (-521.0,555.0,488.0,-494.0)
0         (-521.0,554.0,488.0,-494.0)
0         (-520.0,554.0,488.0,-494.0)
0         (-520.0,553.0,488.0,-494.0)
0         (-519.0,553.0,488.0,-494.0)
0         (-519.0,552.0,488.0,-494.0)
0         (-519.0,551.0,488.0,-494.0)
0         (-518.0,551.0,488.0,-494.0)
0         (-518.0,550.0,488.0,-494.0)
0         (-518.0,549.0,488.0,-494.0)
0         (-517.0,549.0,488.0,-494.0)
0         (-517.0,548.0,488.0,-494.0)
0         (-516.0,548.0,488.0,-494.0)
0         (-516.0,547.0,488.0,-494.0)
0         (-515.0,547.0,488.0,-494.0)
0         (-515.0,546.0,488.0,-494.0)
0         (-515.0,545.0,488.0,-494.0)
0         (-514.0,545.0,488.0,-494.0)
0         (-514.0,544.0,488.0,-494.0)
0         (-513.0,544.0,488.0,-494.0)
0         (-513.0,543.0,488.0,-494.0)
0         (-512.0,543.0,488.0,-494.0)
0         (-512.0,542.0,488.0,-494.0)
0         (-512.0,541.0,488.0,-494.0)
0         (-511.0,541.0,488.0,-494.0)
0         (-511.0,540.0,488.0,-494.0)
0         (-511.0,540.0,487.0,-494.0)
0         (-511.0,539.0,487.0,-494.0)
0         (-511.0,539.0,486.0,-494.0)
0         (-511.0,538.0,486.0,-494.0)
0         (-511.0,538.0,485.0,-494.0)
0         (-511.0,537.0,485.0,-494.0)
0         (-511.0,537.0,484.0,-494.0)
0         (-511.0,537.0,483.0,-494.0)
0         (-511.0,536.0,483.0,-494.0)
0         (-511.0,536.0,482.0,-494.0)
0         (-511.0,535.0,482.0,-494.0)
0         (-510.0,535.0,482.0,-494.0)
0         (-510.0,534.0,482.0,-494.0)
0         (-509.0,534.0,482.0,-494.0)
0         (-509.0,533.0,482.0,-494.0)
0         (-509.0,532.0,482.0,-494.0)
0         (-508.0,532.0,482.0,-494.0)
0         (-508.0,531.0,482.0,-494.0)
0         (-507.0,531.0,482.0,-494.0)
0         (-507.0,530.0,482.0,-494.0)
0         (-506.0,530.0,482.0,-494.0)
0         (-506.0,529.0,482.0,-494.0)
0         (-506.0,528.0,482.0,-494.0)
0         (-505.0,528.0,482.0,-494.0)
0         (-505.0,527.0,482.0,-494.0)
0         (-504.0,527.0,482.0,-494.0)
0         (-504.0,526.0,482.0,-494.0)
0         (-503.0,526.0,482.0,-494.0)
0         (-503.0,525.0,482.0,-494.0)
0         (-503.0,524.0,482.0,-494.0)
0         (-502.0,524.0,482.0,-494.0)
0         (-502.0,523.0,482.0,-494.0)
0         (-502.0,522.0,482.0,-494.0)
0         (-501.0,522.0,482.0,-494.0)
0         (-501.0,521.0,482.0,-494.0)
0         (-500.0,521.0,482.0,-494.0)
0         (-500.0,520.0,482.0,-494.0)
0         (-499.0,520.0,482.0,-494.0)
0         (-499.0,519.0,482.0,-494.0)
0         (-499.0,518.0,482.0,-494.0)
0         (-498.0,518.0,482.0,-494.0)
0         (-498.0,517.0,482.0,-494.0)
0         (-497.0,517.0,482.0,-494.0)
0         (-497.0,516.0,482.0,-494.0)
0         (-497.0,515.0,482.0,-494.0)
0         (-496.0,515.0,482.0,-494.0)
0         (-496.0,514.0,482.0,-494.0)
0         (-495.0,514.0,482.0,-494.0)
0         (-495.0,513.0,482.0,-494.0)
0         (-494.0,513.0,482.0,-494.0)
0         (-494.0,512.0,482.0,-494.0)
0         (-494.0,511.0,482.0,-494.0)
0         (-493.0,511.0,482.0,-494.0)
0         (-493.0,510.0,482.0,-494.0)
0         (-493.0,509.0,482.0,-494.0)
0         (-492.0,509.0,482.0,-494.0)
0         (-492.0,509.0,482.0,-493.0)
0         (-492.0,508.0,482.0,-493.0)
0         (-492.0,508.0,482.0,-492.0)
0         (-492.0,507.0,482.0,-492.0)
0         (-492.0,507.0,482.0,-491.0)
0         (-492.0,506.0,482.0,-491.0)
0         (-492.0,506.0,482.0,-490.0)
0         (-492.0,506.0,482.0,-489.0)
0         (-492.0,505.0,482.0,-489.0)
0         (-492.0,505.0,482.0,-488.0)
0         (-492.0,505.0,482.0,-487.0)
0         (-492.0,504.0,482.0,-487.0)
0         (-492.0,504.0,482.0,-486.0)
0         (-492.0,503.0,482.0,-486.0)
0         (-492.0,503.0,482.0,-485.0)
0         (-492.0,502.0,482.0,-485.0)
0         (-492.0,502.0,482.0,-484.0)
0         (-492.0,502.0,482.0,-483.0)
0         (-492.0,501.0,482.0,-483.0)
0         (-492.0,501.0,482.0,-482.0)
0         (-492.0,500.0,482.0,-482.0)
0         (-492.0,500.0,482.0,-481.0)
0         (-491.0,500.0,482.0,-481.0)
0         (-491.0,499.0,482.0,-481.0)
0         (-491.0,498.0,482.0,-481.0)
0         (-490.0,498.0,482.0,-481.0)
0         (-490.0,497.0,482.0,-481.0)
0         (-490.0,496.0,482.0,-481.0)
0         (-489.0,496.0,482.0,-481.0)
0         (-489.0,495.0,482.0,-481.0)
0         (-489.0,495.0,482.0,-480.0)
0         (-489.0,494.0,482.0,-480.0)
0         (-489.0,494.0,482.0,-479.0)
0         (-489.0,494.0,482.0,-478.0)
0         (-489.0,493.0,482.0,-478.0)
0         (-489.0,493.0,482.0,-477.0)
0         (-489.0,492.0,482.0,-477.0)
0         (-489.0,492.0,482.0,-476.0)
0         (-489.0,492.0,482.0,-475.0)
0         (-489.0,491.0,482.0,-475.0)
0         (-488.0,491.0,482.0,-475.0)
0         (-488.0,490.0,482.0,-475.0)
0         (-487.0,490.0,482.0,-475.0)
0         (-487.0,489.0,482.0,-475.0)
0         (-487.0,488.0,482.0,-475.0)
0         (-486.0,488.0,482.0,-475.0)
0         (-486.0,487.0,482.0,-475.0)
0         (-485.0,487.0,482.0,-475.0)
0         (-485.0,487.0,481.0,-475.0)
0         (-484.0,487.0,481.0,-475.0)
0         (-484.0,487.0,480.0,-475.0)
0         (-484.0,487.0,479.0,-475.0)
0         (-484.0,487.0,478.0,-475.0)
0         (-483.0,487.0,478.0,-475.0)
0         (-483.0,487.0,477.0,-475.0)
0         (-483.0,487.0,476.0,-475.0)
0         (-483.0,486.0,476.0,-475.0)
0         (-483.0,486.0,475.0,-475.0)
0         (-483.0,485.0,475.0,-475.0)
0         (-483.0,485.0,474.0,-475.0)
0         (-483.0,484.0,474.0,-475.0)
0         (-483.0,484.0,473.0,-475.0)
0         (-483.0,484.0,472.0,-475.0)
0         (-483.0,483.0,472.0,-475.0)
0         (-483.0,483.0,471.0,-475.0)
0         (-483.0,482.0,471.0,-475.0)
0         (-482.0,482.0,471.0,-475.0)
0         (-482.0,481.0,471.0,-475.0)
0         (-481.0,481.0,471.0,-475.0)
0         (-481.0,480.0,471.0,-475.0)
0         (-480.0,480.0,471.0,-475.0)
0         (-480.0,479.0,471.0,-475.0)
0         (-480.0,478.0,471.0,-475.0)
0         (-479.0,478.0,471.0,-475.0)
0         (-479.0,477.0,471.0,-475.0)
0         (-478.0,477.0,471.0,-475.0)
0         (-478.0,476.0,471.0,-475.0)
0         (-478.0,475.0,471.0,-475.0)
0         (-477.0,475.0,471.0,-475.0)
0         (-477.0,474.0,471.0,-475.0)
0         (-476.0,474.0,471.0,-475.0)
0         (-476.0,473.0,471.0,-475.0)
0         (-475.0,473.0,471.0,-475.0)
0         (-475.0,472.0,471.0,-475.0)
0         (-475.0,471.0,471.0,-475.0)
0         (-474.0,471.0,471.0,-475.0)
0         (-474.0,470.0,471.0,-475.0)
0         (-473.0,470.0,471.0,-475.0)
0         (-473.0,469.0,471.0,-475.0)
0         (-473.0,469.0,471.0,-474.0)
0         (-472.0,469.0,471.0,-474.0)
0         (-472.0,469.0,471.0,-473.0)
0         (-472.0,469.0,471.0,-472.0)
0         (-471.0,469.0,471.0,-472.0)
0         (-471.0,469.0,471.0,-471.0)
0         (-471.0,469.0,471.0,-470.0)
0         (-471.0,469.0,471.0,-469.0)
0         (-470.0,469.0,471.0,-469.0)
0         (-470.0,469.0,471.0,-468.0)
0         (-470.0,469.0,470.0,-468.0)
0         (-470.0,469.0,470.0,-467.0)
0         (-470.0,469.0,469.0,-467.0)
0         (-470.0,469.0,469.0,-466.0)
0         (-470.0,469.0,468.0,-466.0)
0         (-470.0,469.0,468.0,-465.0)
0         (-470.0,469.0,468.0,-464.0)
0         (-470.0,469.0,467.0,-464.0)
0         (-470.0,469.0,467.0,-463.0)
0         (-470.0,469.0,466.0,-463.0)
0         (-470.0,469.0,466.0,-462.0)
0         (-470.0,469.0,465.0,-462.0)
0         (-470.0,468.0,465.0,-462.0)
0         (-470.0,468.0,464.0,-462.0)
0         (-470.0,467.0,464.0,-462.0)
0         (-470.0,467.0,463.0,-462.0)
0         (-470.0,466.0,463.0,-462.0)
0         (-470.0,466.0,462.0,-462.0)
0         (-470.0,466.0,461.0,-462.0)
0         (-470.0,465.0,461.0,-462.0)
0         (-470.0,465.0,460.0,-462.0)
0         (-470.0,464.0,460.0,-462.0)
0         (-469.0,464.0,460.0,-462.0)
0         (-469.0,463.0,460.0,-462.0)
0         (-468.0,463.0,460.0,-462.0)
0         (-468.0,462.0,460.0,-462.0)
0         (-467.0,462.0,460.0,-462.0)
0         (-467.0,461.0,460.0,-462.0)
0         (-467.0,460.0,460.0,-462.0)
0         (-466.0,460.0,460.0,-462.0)
0         (-466.0,460.0,460.0,-461.0)
0         (-465.0,460.0,460.0,-461.0)
0         (-465.0,460.0,460.0,-460.0)
0         (-465.0,460.0,460.0,-459.0)
0         (-465.0,460.0,460.0,-458.0)
0         (-464.0,460.0,460.0,-458.0)
0         (-464.0,460.0,460.0,-457.0)
0         (-464.0,460.0,460.0,-456.0)
0         (-463.0,460.0,460.0,-456.0)
0         (-463.0,459.0,460.0,-456.0)
0         (-462.0,459.0,460.0,-456.0)
0         (-462.0,458.0,460.0,-456.0)
0         (-462.0,457.0,460.0,-456.0)
0         (-461.0,457.0,460.0,-456.0)
0         (-461.0,456.0,460.0,-456.0)
0         (-460.0,456.0,460.0,-456.0)
0         (-460.0,456.0,459.0,-456.0)
0         (-459.0,456.0,459.0,-456.0)
0         (-459.0,456.0,458.0,-456.0)
0         (-459.0,456.0,457.0,-456.0)
0         (-458.0,456.0,457.0,-456.0)
0         (-458.0,456.0,456.0,-456.0)
0         (-458.0,456.0,455.0,-456.0)
0         (-457.0,456.0,455.0,-456.0)
0         (-457.0,456.0,455.0,-455.0)
0         (-456.0,456.0,455.0,-455.0)
0         (-456.0,456.0,455.0,-454.0)
0         (-456.0,456.0,455.0,-453.0)
0         (-456.0,456.0,455.0,-452.0)
0         (-455.0,456.0,455.0,-452.0)
0         (-455.0,456.0,455.0,-451.0)
0         (-455.0,456.0,455.0,-450.0)
0         (-454.0,456.0,455.0,-450.0)
0         (-454.0,455.0,455.0,-450.0)
0         (-453.0,455.0,455.0,-450.0)
0         (-453.0,454.0,455.0,-450.0)
0         (-453.0,453.0,455.0,-450.0)
0         (-452.0,453.0,455.0,-450.0)
0         (-452.0,452.0,455.0,-450.0)
0         (-451.0,452.0,455.0,-450.0)
0         (-451.0,451.0,455.0,-450.0)
0         (-451.0,451.0,454.0,-450.0)
0         (-451.0,450.0,454.0,-450.0)
0         (-451.0,450.0,453.0,-450.0)
0         (-451.0,449.0,453.0,-450.0)
0         (-451.0,449.0,452.0,-450.0)
0         (-451.0,449.0,451.0,-450.0)
0         (-451.0,448.0,451.0,-450.0)
0         (-451.0,448.0,450.0,-450.0)
0         (-451.0,447.0,450.0,-450.0)
0         (-451.0,447.0,449.0,-450.0)
0         (-451.0,447.0,449.0,-449.0)
0         (-451.0,447.0,448.0,-449.0)
0         (-451.0,447.0,448.0,-448.0)
0         (-451.0,447.0,447.0,-448.0)
0         (-451.0,447.0,447.0,-447.0)
0         (-451.0,447.0,446.0,-447.0)
0         (-451.0,447.0,446.0,-446.0)
0         (-451.0,447.0,446.0,-445.0)
0         (-451.0,447.0,445.0,-445.0)
0         (-451.0,447.0,445.0,-444.0)
0         (-451.0,447.0,444.0,-444.0)
0         (-451.0,447.0,444.0,-443.0)
0         (-450.0,447.0,444.0,-443.0)
0         (-450.0,447.0,444.0,-442.0)
0         (-450.0,447.0,444.0,-441.0)
0         (-449.0,447.0,444.0,-441.0)
0         (-449.0,447.0,444.0,-440.0)
0         (-449.0,447.0,444.0,-439.0)
0         (-449.0,447.0,444.0,-438.0)
0         (-448.0,447.0,444.0,-438.0)
0         (-448.0,447.0,444.0,-437.0)
0         (-448.0,446.0,444.0,-437.0)
0         (-447.0,446.0,444.0,-437.0)
0         (-447.0,445.0,444.0,-437.0)
0         (-446.0,445.0,444.0,-437.0)
0         (-446.0,444.0,444.0,-437.0)
0         (-446.0,443.0,444.0,-437.0)
0         (-445.0,443.0,444.0,-437.0)
0         (-445.0,442.0,444.0,-437.0)
0         (-444.0,442.0,444.0,-437.0)
0         (-444.0,441.0,444.0,-437.0)
0         (-443.0,441.0,444.0,-437.0)
0         (-443.0,440.0,444.0,-437.0)
0         (-443.0,439.0,444.0,-437.0)
0         (-442.0,439.0,444.0,-437.0)
0         (-442.0,438.0,444.0,-437.0)
0         (-441.0,438.0,444.0,-437.0)
0         (-441.0,438.0,444.0,-436.0)
0         (-440.0,438.0,444.0,-436.0)
0         (-440.0,438.0,444.0,-435.0)
0         (-440.0,438.0,444.0,-434.0)
0         (-440.0,438.0,444.0,-433.0)
0         (-440.0,438.0,444.0,-432.0)
0         (-439.0,438.0,444.0,-432.0)
0         (-439.0,438.0,444.0,-431.0)
0         (-438.0,438.0,444.0,-431.0)
0         (-438.0,437.0,444.0,-431.0)
0         (-437.0,437.0,444.0,-431.0)
0         (-437.0,436.0,444.0,-431.0)
0         (-437.0,435.0,444.0,-431.0)
0         (-436.0,435.0,444.0,-431.0)
0         (-436.0,434.0,444.0,-431.0)
0         (-435.0,434.0,444.0,-431.0)
0         (-435.0,434.0,443.0,-431.0)
0         (-434.0,434.0,443.0,-431.0)
0         (-434.0,434.0,442.0,-431.0)
0         (-434.0,434.0,441.0,-431.0)
0         (-433.0,434.0,441.0,-431.0)
0         (-433.0,434.0,440.0,-431.0)
0         (-433.0,434.0,439.0,-431.0)
0         (-432.0,434.0,439.0,-431.0)
0         (-432.0,434.0,438.0,-431.0)
0         (-431.0,434.0,438.0,-431.0)
0         (-431.0,434.0,437.0,-431.0)
0         (-431.0,434.0,436.0,-431.0)
0         (-430.0,434.0,436.0,-431.0)
0         (-430.0,434.0,435.0,-431.0)
0         (-430.0,434.0,434.0,-431.0)
0         (-430.0,434.0,433.0,-431.0)
0         (-429.0,434.0,433.0,-431.0)
0         (-429.0,433.0,433.0,-431.0)
0         (-428.0,433.0,433.0,-431.0)
0         (-428.0,432.0,433.0,-431.0)
0         (-428.0,431.0,433.0,-431.0)
0         (-427.0,431.0,433.0,-431.0)
0         (-427.0,430.0,433.0,-431.0)
0         (-426.0,430.0,433.0,-431.0)
0         (-426.0,429.0,433.0,-431.0)
0         (-426.0,429.0,433.0,-430.0)
0         (-426.0,428.0,433.0,-430.0)
0         (-426.0,428.0,433.0,-429.0)
0         (-426.0,427.0,433.0,-429.0)
0         (-426.0,427.0,433.0,-428.0)
0         (-426.0,427.0,433.0,-427.0)
0         (-426.0,426.0,433.0,-427.0)
0         (-426.0,426.0,433.0,-426.0)
0         (-426.0,426.0,433.0,-425.0)
0         (-426.0,425.0,433.0,-425.0)
0         (-426.0,425.0,433.0,-424.0)
0         (-426.0,425.0,432.0,-424.0)
0         (-426.0,425.0,432.0,-423.0)
0         (-426.0,425.0,431.0,-423.0)
0         (-426.0,425.0,431.0,-422.0)
0         (-426.0,425.0,430.0,-422.0)
0         (-426.0,425.0,430.0,-421.0)
0         (-426.0,425.0,429.0,-421.0)
0         (-426.0,425.0,429.0,-420.0)
0         (-426.0,425.0,429.0,-419.0)
0         (-426.0,425.0,428.0,-419.0)
0         (-426.0,425.0,428.0,-418.0)
0         (-426.0,425.0,427.0,-418.0)
0         (-425.0,425.0,427.0,-418.0)
0         (-425.0,425.0,426.0,-418.0)
0         (-425.0,425.0,425.0,-418.0)
0         (-424.0,425.0,425.0,-418.0)
0         (-424.0,425.0,424.0,-418.0)
0         (-424.0,425.0,423.0,-418.0)
0         (-423.0,425.0,423.0,-418.0)
0         (-423.0,425.0,422.0,-418.0)
0         (-423.0,424.0,422.0,-418.0)
0         (-423.0,424.0,422.0,-417.0)
0         (-423.0,423.0,422.0,-417.0)
0         (-423.0,423.0,422.0,-416.0)
0         (-423.0,422.0,422.0,-416.0)
0         (-423.0,422.0,422.0,-415.0)
0         (-423.0,422.0,422.0,-414.0)
0         (-423.0,421.0,422.0,-414.0)
0         (-423.0,421.0,422.0,-413.0)
0         (-423.0,421.0,422.0,-412.0)
0         (-423.0,420.0,422.0,-412.0)
0         (-422.0,420.0,422.0,-412.0)
0         (-422.0,419.0,422.0,-412.0)
0         (-421.0,419.0,422.0,-412.0)
0         (-421.0,418.0,422.0,-412.0)
0         (-421.0,417.0,422.0,-412.0)
0         (-420.0,417.0,422.0,-412.0)
0         (-420.0,416.0,422.0,-412.0)
0         (-419.0,416.0,422.0,-412.0)
0         (-419.0,416.0,421.0,-412.0)
0         (-418.0,416.0,421.0,-412.0)
0         (-418.0,416.0,420.0,-412.0)
0         (-418.0,416.0,419.0,-412.0)
0         (-418.0,416.0,418.0,-412.0)
0         (-417.0,416.0,418.0,-412.0)
0         (-417.0,416.0,417.0,-412.0)
0         (-417.0,416.0,416.0,-412.0)
0         (-417.0,416.0,416.0,-411.0)
0         (-417.0,416.0,415.0,-411.0)
0         (-417.0,416.0,415.0,-410.0)
0         (-417.0,416.0,414.0,-410.0)
0         (-417.0,416.0,414.0,-409.0)
0         (-417.0,416.0,414.0,-408.0)
0         (-417.0,416.0,413.0,-408.0)
0         (-417.0,416.0,413.0,-407.0)
0         (-417.0,416.0,412.0,-407.0)
0         (-417.0,416.0,412.0,-406.0)
0         (-417.0,416.0,411.0,-406.0)
0         (-416.0,416.0,411.0,-406.0)
0         (-416.0,416.0,410.0,-406.0)
0         (-415.0,416.0,410.0,-406.0)
0         (-415.0,416.0,409.0,-406.0)
0         (-415.0,416.0,408.0,-406.0)
0         (-414.0,416.0,408.0,-406.0)
0         (-414.0,416.0,407.0,-406.0)
0         (-414.0,416.0,406.0,-406.0)
0         (-413.0,416.0,406.0,-406.0)
0         (-413.0,415.0,406.0,-406.0)
0         (-412.0,415.0,406.0,-406.0)
0         (-412.0,414.0,406.0,-406.0)
0         (-412.0,413.0,406.0,-406.0)
0         (-411.0,413.0,406.0,-406.0)
0         (-411.0,412.0,406.0,-406.0)
0         (-411.0,411.0,406.0,-406.0)
0         (-410.0,411.0,406.0,-406.0)
0         (-410.0,410.0,406.0,-406.0)
0         (-409.0,410.0,406.0,-406.0)
0         (-409.0,409.0,406.0,-406.0)
0         (-408.0,409.0,406.0,-406.0)
0         (-408.0,408.0,406.0,-406.0)
0         (-408.0,407.0,406.0,-406.0)
0         (-407.0,407.0,406.0,-406.0)
0         (-407.0,407.0,406.0,-405.0)
0         (-406.0,407.0,406.0,-405.0)
0         (-406.0,407.0,406.0,-404.0)
0         (-406.0,407.0,406.0,-403.0)
0         (-405.0,407.0,406.0,-403.0)
0         (-405.0,407.0,406.0,-402.0)
0         (-405.0,407.0,406.0,-401.0)
0         (-405.0,407.0,406.0,-400.0)
0         (-404.0,407.0,406.0,-400.0)
0         (-404.0,407.0,406.0,-399.0)
0         (-404.0,406.0,406.0,-399.0)
0         (-404.0,406.0,406.0,-398.0)
0         (-404.0,405.0,406.0,-398.0)
0         (-404.0,405.0,406.0,-397.0)
0         (-404.0,405.0,406.0,-396.0)
0         (-404.0,404.0,406.0,-396.0)
0         (-404.0,404.0,406.0,-395.0)
0         (-404.0,403.0,406.0,-395.0)
0         (-404.0,403.0,406.0,-394.0)
0         (-404.0,403.0,406.0,-393.0)
0         (-404.0,402.0,406.0,-393.0)
0         (-403.0,402.0,406.0,-393.0)
0         (-403.0,401.0,406.0,-393.0)
0         (-402.0,401.0,406.0,-393.0)
0         (-402.0,400.0,406.0,-393.0)
0         (-402.0,399.0,406.0,-393.0)
0         (-401.0,399.0,406.0,-393.0)
0         (-401.0,398.0,406.0,-393.0)
0         (-401.0,398.0,405.0,-393.0)
0         (-401.0,397.0,405.0,-393.0)
0         (-401.0,397.0,404.0,-393.0)
0         (-401.0,396.0,404.0,-393.0)
0         (-401.0,396.0,403.0,-393.0)
0         (-401.0,395.0,403.0,-393.0)
0         (-401.0,395.0,402.0,-393.0)
0         (-401.0,395.0,401.0,-393.0)
0         (-401.0,394.0,401.0,-393.0)
0         (-401.0,394.0,400.0,-393.0)
0         (-400.0,394.0,400.0,-393.0)
0         (-400.0,394.0,399.0,-393.0)
0         (-399.0,394.0,399.0,-393.0)
0         (-399.0,394.0,398.0,-393.0)
0         (-399.0,394.0,397.0,-393.0)
0         (-399.0,394.0,396.0,-393.0)
0         (-398.0,394.0,396.0,-393.0)
0         (-398.0,394.0,395.0,-393.0)
0         (-398.0,393.0,395.0,-393.0)
0         (-398.0,393.0,395.0,-392.0)
0         (-398.0,392.0,395.0,-392.0)
0         (-398.0,392.0,395.0,-391.0)
0         (-398.0,391.0,395.0,-391.0)
0         (-398.0,391.0,395.0,-390.0)
0         (-398.0,391.0,395.0,-389.0)
0         (-398.0,390.0,395.0,-389.0)
0         (-398.0,390.0,395.0,-388.0)
0         (-398.0,390.0,395.0,-387.0)
0         (-398.0,389.0,395.0,-387.0)
0         (-397.0,389.0,395.0,-387.0)
0         (-397.0,388.0,395.0,-387.0)
0         (-396.0,388.0,395.0,-387.0)
0         (-396.0,387.0,395.0,-387.0)
0         (-396.0,386.0,395.0,-387.0)
0         (-395.0,386.0,395.0,-387.0)
0         (-395.0,385.0,395.0,-387.0)
0         (-394.0,385.0,395.0,-387.0)
0         (-394.0,385.0,394.0,-387.0)
0         (-393.0,385.0,394.0,-387.0)
0         (-393.0,385.0,393.0,-387.0)
0         (-393.0,385.0,392.0,-387.0)
0         (-393.0,385.0,391.0,-387.0)
0         (-392.0,385.0,391.0,-387.0)
0         (-392.0,385.0,390.0,-387.0)
0         (-392.0,385.0,389.0,-387.0)
0         (-391.0,385.0,389.0,-387.0)
0         (-391.0,385.0,388.0,-387.0)
0         (-390.0,385.0,388.0,-387.0)
0         (-390.0,385.0,387.0,-387.0)
0         (-390.0,385.0,386.0,-387.0)
0         (-389.0,385.0,386.0,-387.0)
0         (-389.0,385.0,385.0,-387.0)
0         (-389.0,385.0,384.0,-387.0)
0         (-388.0,385.0,384.0,-387.0)
0         (-388.0,385.0,384.0,-386.0)
0         (-387.0,385.0,384.0,-386.0)
0         (-387.0,385.0,384.0,-385.0)
0         (-387.0,385.0,384.0,-384.0)
0         (-386.0,385.0,384.0,-384.0)
0         (-386.0,385.0,384.0,-383.0)
0         (-386.0,385.0,384.0,-382.0)
0         (-386.0,385.0,384.0,-381.0)
0         (-385.0,385.0,384.0,-381.0)
0         (-385.0,385.0,384.0,-380.0)
0         (-384.0,385.0,384.0,-380.0)
0         (-384.0,385.0,384.0,-379.0)
0         (-384.0,385.0,384.0,-378.0)
0         (-383.0,385.0,384.0,-378.0)
0         (-383.0,385.0,384.0,-377.0)
0         (-383.0,385.0,384.0,-376.0)
0         (-383.0,385.0,384.0,-375.0)
0         (-382.0,385.0,384.0,-375.0)
0         (-382.0,385.0,384.0,-374.0)
0         (-382.0,384.0,384.0,-374.0)
0         (-382.0,384.0,383.0,-374.0)
0         (-382.0,383.0,383.0,-374.0)
0         (-382.0,383.0,382.0,-374.0)
0         (-382.0,382.0,382.0,-374.0)
0         (-382.0,382.0,381.0,-374.0)
0         (-382.0,382.0,380.0,-374.0)
0         (-382.0,381.0,380.0,-374.0)
0         (-382.0,381.0,379.0,-374.0)
0         (-382.0,380.0,379.0,-374.0)
0         (-382.0,380.0,378.0,-374.0)
0         (-381.0,380.0,378.0,-374.0)
0         (-381.0,380.0,377.0,-374.0)
0         (-380.0,380.0,377.0,-374.0)
0         (-380.0,380.0,376.0,-374.0)
0         (-380.0,380.0,375.0,-374.0)
0         (-379.0,380.0,375.0,-374.0)
0         (-379.0,380.0,374.0,-374.0)
0         (-379.0,380.0,373.0,-374.0)
0         (-378.0,380.0,373.0,-374.0)
0         (-378.0,379.0,373.0,-374.0)
0         (-377.0,379.0,373.0,-374.0)
0         (-377.0,378.0,373.0,-374.0)
0         (-377.0,377.0,373.0,-374.0)
0         (-376.0,377.0,373.0,-374.0)
0         (-376.0,376.0,373.0,-374.0)
0         (-376.0,375.0,373.0,-374.0)
0         (-376.0,375.0,373.0,-373.0)
0         (-376.0,374.0,373.0,-373.0)
0         (-376.0,374.0,373.0,-372.0)
0         (-376.0,374.0,373.0,-371.0)
0         (-376.0,373.0,373.0,-371.0)
0         (-376.0,373.0,373.0,-370.0)
0         (-376.0,373.0,373.0,-369.0)
0         (-376.0,372.0,373.0,-369.0)
0         (-376.0,372.0,373.0,-368.0)
0         (-376.0,371.0,373.0,-368.0)
0         (-375.0,371.0,373.0,-368.0)
0         (-375.0,370.0,373.0,-368.0)
0         (-374.0,370.0,373.0,-368.0)
0         (-374.0,369.0,373.0,-368.0)
0         (-374.0,368.0,373.0,-368.0)
0         (-373.0,368.0,373.0,-368.0)
0         (-373.0,367.0,373.0,-368.0)
0         (-372.0,367.0,373.0,-368.0)
0         (-372.0,367.0,372.0,-368.0)
0         (-371.0,367.0,372.0,-368.0)
0         (-371.0,367.0,371.0,-368.0)
0         (-371.0,367.0,370.0,-368.0)
0         (-371.0,367.0,369.0,-368.0)
0         (-370.0,367.0,369.0,-368.0)
0         (-370.0,367.0,368.0,-368.0)
0         (-369.0,367.0,368.0,-368.0)
0         (-369.0,367.0,368.0,-367.0)
0         (-368.0,367.0,368.0,-367.0)
0         (-368.0,367.0,368.0,-366.0)
0         (-368.0,367.0,368.0,-365.0)
0         (-368.0,367.0,368.0,-364.0)
0         (-367.0,367.0,368.0,-364.0)
0         (-367.0,367.0,368.0,-363.0)
0         (-367.0,367.0,368.0,-362.0)
0         (-366.0,367.0,368.0,-362.0)
0         (-366.0,367.0,367.0,-362.0)
0         (-365.0,367.0,367.0,-362.0)
0         (-365.0,367.0,366.0,-362.0)
0         (-365.0,367.0,365.0,-362.0)
0         (-364.0,367.0,365.0,-362.0)
0         (-364.0,367.0,364.0,-362.0)
0         (-364.0,367.0,363.0,-362.0)
0         (-363.0,367.0,363.0,-362.0)
0         (-363.0,367.0,362.0,-362.0)
0         (-363.0,366.0,362.0,-362.0)
0         (-363.0,366.0,361.0,-362.0)
0         (-363.0,365.0,361.0,-362.0)
0         (-363.0,365.0,360.0,-362.0)
0         (-363.0,364.0,360.0,-362.0)
0         (-363.0,364.0,359.0,-362.0)
0         (-363.0,364.0,358.0,-362.0)
0         (-363.0,363.0,358.0,-362.0)
0         (-363.0,363.0,357.0,-362.0)
0         (-363.0,362.0,357.0,-362.0)
0         (-362.0,362.0,357.0,-362.0)
0         (-362.0,361.0,357.0,-362.0)
0         (-362.0,360.0,357.0,-362.0)
0         (-361.0,360.0,357.0,-362.0)
0         (-361.0,359.0,357.0,-362.0)
0         (-360.0,359.0,357.0,-362.0)
0         (-360.0,358.0,357.0,-362.0)
0         (-360.0,358.0,357.0,-361.0)
0         (-359.0,358.0,357.0,-361.0)
0         (-359.0,358.0,357.0,-360.0)
0         (-359.0,358.0,357.0,-359.0)
0         (-358.0,358.0,357.0,-359.0)
0         (-358.0,358.0,357.0,-358.0)
0         (-358.0,358.0,357.0,-357.0)
0         (-358.0,358.0,357.0,-356.0)
0         (-357.0,358.0,357.0,-356.0)
0         (-357.0,358.0,357.0,-355.0)
0         (-357.0,357.0,357.0,-355.0)
0         (-357.0,357.0,357.0,-354.0)
0         (-357.0,356.0,357.0,-354.0)
0         (-357.0,356.0,357.0,-353.0)
0         (-357.0,356.0,357.0,-352.0)
0         (-357.0,355.0,357.0,-352.0)
0         (-357.0,355.0,357.0,-351.0)
0         (-357.0,355.0,357.0,-350.0)
0         (-357.0,354.0,357.0,-350.0)
0         (-357.0,354.0,357.0,-349.0)
0         (-357.0,353.0,357.0,-349.0)
0         (-356.0,353.0,357.0,-349.0)
0         (-356.0,352.0,357.0,-349.0)
0         (-355.0,352.0,357.0,-349.0)
0         (-355.0,351.0,357.0,-349.0)
0         (-355.0,350.0,357.0,-349.0)
0         (-354.0,350.0,357.0,-349.0)
0         (-354.0,349.0,357.0,-349.0)
0         (-354.0,349.0,356.0,-349.0)
0         (-354.0,348.0,356.0,-349.0)
0         (-354.0,348.0,355.0,-349.0)
0         (-354.0,347.0,355.0,-349.0)
0         (-354.0,347.0,354.0,-349.0)
0         (-354.0,347.0,353.0,-349.0)
0         (-354.0,346.0,353.0,-349.0)
0         (-354.0,346.0,352.0,-349.0)
0         (-354.0,345.0,352.0,-349.0)
0         (-354.0,345.0,351.0,-349.0)
0         (-353.0,345.0,351.0,-349.0)
0         (-353.0,345.0,350.0,-349.0)
0         (-352.0,345.0,350.0,-349.0)
0         (-352.0,345.0,349.0,-349.0)
0         (-352.0,345.0,348.0,-349.0)
0         (-352.0,345.0,347.0,-349.0)
0         (-351.0,345.0,347.0,-349.0)
0         (-351.0,345.0,346.0,-349.0)
0         (-350.0,345.0,346.0,-349.0)
0         (-350.0,345.0,346.0,-348.0)
0         (-349.0,345.0,346.0,-348.0)
0         (-349.0,345.0,346.0,-347.0)
0         (-349.0,345.0,346.0,-346.0)
0         (-349.0,345.0,346.0,-345.0)
0         (-348.0,345.0,346.0,-345.0)
0         (-348.0,345.0,346.0,-344.0)
0         (-348.0,345.0,346.0,-343.0)
0         (-347.0,345.0,346.0,-343.0)
0         (-347.0,345.0,345.0,-343.0)
0         (-346.0,345.0,345.0,-343.0)
0         (-346.0,345.0,344.0,-343.0)
0         (-346.0,345.0,343.0,-343.0)
0         (-345.0,345.0,343.0,-343.0)
0         (-345.0,345.0,342.0,-343.0)
0         (-345.0,345.0,341.0,-343.0)
0         (-344.0,345.0,341.0,-343.0)
0         (-344.0,344.0,341.0,-343.0)
0         (-343.0,344.0,341.0,-343.0)
0         (-343.0,343.0,341.0,-343.0)
0         (-343.0,342.0,341.0,-343.0)
0         (-342.0,342.0,341.0,-343.0)
0         (-342.0,341.0,341.0,-343.0)
0         (-341.0,341.0,341.0,-343.0)
0         (-341.0,340.0,341.0,-343.0)
0         (-341.0,340.0,340.0,-343.0)
0         (-341.0,340.0,340.0,-342.0)
0         (-341.0,340.0,339.0,-342.0)
0         (-341.0,340.0,339.0,-341.0)
0         (-341.0,340.0,339.0,-340.0)
0         (-341.0,340.0,338.0,-340.0)
0         (-341.0,340.0,338.0,-339.0)
0         (-341.0,340.0,337.0,-339.0)
0         (-341.0,340.0,337.0,-338.0)
0         (-341.0,340.0,336.0,-338.0)
0         (-341.0,340.0,336.0,-337.0)
0         (-341.0,340.0,335.0,-337.0)
0         (-341.0,340.0,335.0,-336.0)
0         (-340.0,340.0,335.0,-336.0)
0         (-340.0,340.0,335.0,-335.0)
0         (-339.0,340.0,335.0,-335.0)
0         (-339.0,340.0,335.0,-334.0)
0         (-339.0,340.0,335.0,-333.0)
0         (-339.0,340.0,335.0,-332.0)
0         (-339.0,340.0,335.0,-331.0)
0         (-338.0,340.0,335.0,-331.0)
0         (-338.0,340.0,335.0,-330.0)
0         (-337.0,340.0,335.0,-330.0)
0         (-337.0,339.0,335.0,-330.0)
0         (-337.0,338.0,335.0,-330.0)
0         (-336.0,338.0,335.0,-330.0)
0         (-336.0,337.0,335.0,-330.0)
0         (-336.0,336.0,335.0,-330.0)
0         (-335.0,336.0,335.0,-330.0)
0         (-335.0,335.0,335.0,-330.0)
0         (-335.0,335.0,335.0,-329.0)
0         (-335.0,334.0,335.0,-329.0)
0         (-335.0,334.0,335.0,-328.0)
0         (-335.0,334.0,335.0,-327.0)
0         (-335.0,333.0,335.0,-327.0)
0         (-335.0,333.0,335.0,-326.0)
0         (-335.0,332.0,335.0,-326.0)
0         (-335.0,332.0,335.0,-325.0)
0         (-335.0,332.0,335.0,-324.0)
0         (-335.0,331.0,335.0,-324.0)
0         (-335.0,331.0,334.0,-324.0)
0         (-335.0,330.0,334.0,-324.0)
0         (-335.0,330.0,333.0,-324.0)
0         (-335.0,329.0,333.0,-324.0)
0         (-335.0,329.0,332.0,-324.0)
0         (-335.0,329.0,331.0,-324.0)
0         (-335.0,328.0,331.0,-324.0)
0         (-335.0,328.0,330.0,-324.0)
0         (-335.0,327.0,330.0,-324.0)
0         (-335.0,327.0,329.0,-324.0)
0         (-334.0,327.0,329.0,-324.0)
0         (-334.0,327.0,328.0,-324.0)
0         (-333.0,327.0,328.0,-324.0)
0         (-333.0,327.0,327.0,-324.0)
0         (-333.0,327.0,326.0,-324.0)
0         (-333.0,327.0,325.0,-324.0)
0         (-332.0,327.0,325.0,-324.0)
0         (-332.0,327.0,324.0,-324.0)
0         (-331.0,327.0,324.0,-324.0)
0         (-331.0,327.0,323.0,-324.0)
0         (-330.0,327.0,323.0,-324.0)
0         (-330.0,327.0,322.0,-324.0)
0         (-330.0,327.0,321.0,-324.0)
0         (-330.0,327.0,320.0,-324.0)
0         (-329.0,327.0,320.0,-324.0)
0         (-329.0,327.0,319.0,-324.0)
0         (-328.0,327.0,319.0,-324.0)
0         (-328.0,326.0,319.0,-324.0)
0         (-327.0,326.0,319.0,-324.0)
0         (-327.0,325.0,319.0,-324.0)
0         (-327.0,324.0,319.0,-324.0)
0         (-326.0,324.0,319.0,-324.0)
0         (-326.0,323.0,319.0,-324.0)
0         (-326.0,322.0,319.0,-324.0)
0         (-326.0,322.0,319.0,-323.0)
0         (-326.0,321.0,319.0,-323.0)
0         (-326.0,321.0,319.0,-322.0)
0         (-326.0,320.0,319.0,-322.0)
0         (-326.0,320.0,319.0,-321.0)
0         (-326.0,320.0,319.0,-320.0)
0         (-326.0,320.0,320.0,-320.0)
0         (-326.0,319.0,320.0,-320.0)
0         (-326.0,319.0,320.0,-319.0)
0         (-326.0,319.0,319.0,-319.0)
0         (-326.0,319.0,319.0,-318.0)
0         (-326.0,318.0,319.0,-318.0)
0         (-325.0,318.0,319.0,-318.0)
0         (-325.0,317.0,319.0,-318.0)
0         (-324.0,317.0,319.0,-318.0)
0         (-324.0,316.0,319.0,-318.0)
0         (-324.0,315.0,319.0,-318.0)
0         (-323.0,315.0,319.0,-318.0)
0         (-323.0,314.0,319.0,-318.0)
0         (-322.0,314.0,319.0,-318.0)
0         (-322.0,314.0,318.0,-318.0)
0         (-321.0,314.0,318.0,-318.0)
0         (-321.0,314.0,317.0,-318.0)
0         (-321.0,314.0,316.0,-318.0)
0         (-320.0,314.0,316.0,-318.0)
0         (-320.0,314.0,315.0,-318.0)
0         (-320.0,314.0,314.0,-318.0)
0         (-319.0,314.0,314.0,-318.0)
0         (-319.0,314.0,313.0,-318.0)
0         (-319.0,314.0,313.0,-317.0)
0         (-318.0,314.0,313.0,-317.0)
0         (-318.0,314.0,313.0,-316.0)
0         (-318.0,314.0,313.0,-315.0)
0         (-317.0,314.0,313.0,-315.0)
0         (-317.0,314.0,313.0,-314.0)
0         (-317.0,314.0,313.0,-313.0)
0         (-317.0,314.0,313.0,-312.0)
0         (-316.0,314.0,313.0,-312.0)
0         (-316.0,314.0,313.0,-311.0)
0         (-315.0,314.0,313.0,-311.0)
0         (-315.0,314.0,313.0,-310.0)
0         (-315.0,314.0,313.0,-309.0)
0         (-314.0,314.0,313.0,-309.0)
0         (-314.0,314.0,313.0,-308.0)
0         (-314.0,314.0,313.0,-307.0)
0         (-314.0,314.0,313.0,-306.0)
0         (-313.0,314.0,313.0,-306.0)
0         (-313.0,314.0,313.0,-305.0)
0         (-313.0,313.0,313.0,-305.0)
0         (-313.0,313.0,312.0,-305.0)
0         (-313.0,312.0,312.0,-305.0)
0         (-313.0,312.0,311.0,-305.0)
0         (-313.0,311.0,311.0,-305.0)
0         (-313.0,311.0,310.0,-305.0)
0         (-313.0,311.0,309.0,-305.0)
0         (-313.0,310.0,309.0,-305.0)
0         (-313.0,310.0,308.0,-305.0)
0         (-313.0,309.0,308.0,-305.0)
0         (-312.0,309.0,308.0,-305.0)
0         (-312.0,308.0,308.0,-305.0)
0         (-311.0,308.0,308.0,-305.0)
0         (-311.0,307.0,308.0,-305.0)
0         (-311.0,306.0,308.0,-305.0)
0         (-310.0,306.0,308.0,-305.0)
0         (-310.0,305.0,308.0,-305.0)
0         (-310.0,304.0,308.0,-305.0)
0         (-310.0,304.0,308.0,-304.0)
0         (-310.0,303.0,308.0,-304.0)
0         (-310.0,303.0,308.0,-303.0)
0         (-310.0,303.0,308.0,-302.0)
0         (-310.0,302.0,308.0,-302.0)
0         (-310.0,302.0,308.0,-301.0)
0         (-310.0,302.0,308.0,-300.0)
0         (-310.0,301.0,308.0,-300.0)
0         (-310.0,301.0,308.0,-299.0)
0         (-310.0,300.0,308.0,-299.0)
0         (-309.0,300.0,308.0,-299.0)
0         (-309.0,299.0,308.0,-299.0)
0         (-308.0,299.0,308.0,-299.0)
0         (-308.0,298.0,308.0,-299.0)
0         (-308.0,297.0,308.0,-299.0)
0         (-307.0,297.0,308.0,-299.0)
0         (-307.0,296.0,308.0,-299.0)
0         (-306.0,296.0,308.0,-299.0)
0         (-306.0,296.0,307.0,-299.0)
0         (-305.0,296.0,307.0,-299.0)
0         (-305.0,296.0,306.0,-299.0)
0         (-305.0,296.0,305.0,-299.0)
0         (-305.0,296.0,304.0,-299.0)
0         (-304.0,296.0,304.0,-299.0)
0         (-304.0,296.0,303.0,-299.0)
0         (-304.0,296.0,302.0,-299.0)
0         (-303.0,296.0,302.0,-299.0)
0         (-303.0,296.0,301.0,-299.0)
0         (-302.0,296.0,301.0,-299.0)
0         (-302.0,296.0,300.0,-299.0)
0         (-302.0,296.0,299.0,-299.0)
0         (-301.0,296.0,299.0,-299.0)
0         (-301.0,296.0,298.0,-299.0)
0         (-301.0,296.0,297.0,-299.0)
0         (-300.0,296.0,297.0,-299.0)
0         (-300.0,296.0,297.0,-298.0)
0         (-299.0,296.0,297.0,-298.0)
0         (-299.0,296.0,297.0,-297.0)
0         (-299.0,296.0,297.0,-296.0)
0         (-298.0,296.0,297.0,-296.0)
0         (-298.0,296.0,297.0,-295.0)
0         (-298.0,296.0,297.0,-294.0)
0         (-298.0,296.0,297.0,-293.0)
0         (-297.0,296.0,297.0,-293.0)
0         (-297.0,296.0,297.0,-292.0)
0         (-296.0,296.0,297.0,-292.0)
0         (-296.0,296.0,297.0,-291.0)
0         (-296.0,296.0,297.0,-290.0)
0         (-295.0,296.0,297.0,-290.0)
0         (-295.0,296.0,297.0,-289.0)
0         (-295.0,296.0,297.0,-288.0)
0         (-295.0,296.0,297.0,-287.0)
0         (-294.0,296.0,297.0,-287.0)
0         (-294.0,296.0,297.0,-286.0)
0         (-294.0,295.0,297.0,-286.0)
0         (-294.0,295.0,297.0,-285.0)
0         (-294.0,294.0,297.0,-285.0)
0         (-294.0,294.0,297.0,-284.0)
0         (-294.0,293.0,297.0,-284.0)
0         (-294.0,293.0,297.0,-283.0)
0         (-294.0,293.0,297.0,-282.0)
0         (-294.0,292.0,297.0,-282.0)
0         (-294.0,292.0,297.0,-281.0)
0         (-294.0,292.0,297.0,-280.0)
0         (-294.0,291.0,297.0,-280.0)
0         (-294.0,291.0,296.0,-280.0)
0         (-294.0,290.0,296.0,-280.0)
0         (-294.0,290.0,295.0,-280.0)
0         (-294.0,289.0,295.0,-280.0)
0         (-294.0,289.0,294.0,-280.0)
0         (-294.0,289.0,293.0,-280.0)
0         (-294.0,288.0,293.0,-280.0)
0         (-294.0,288.0,292.0,-280.0)
0         (-294.0,287.0,292.0,-280.0)
0         (-294.0,287.0,291.0,-280.0)
0         (-293.0,287.0,291.0,-280.0)
0         (-293.0,287.0,290.0,-280.0)
0         (-293.0,287.0,289.0,-280.0)
0         (-292.0,287.0,289.0,-280.0)
0         (-292.0,287.0,288.0,-280.0)
0         (-292.0,287.0,287.0,-280.0)
0         (-291.0,287.0,287.0,-280.0)
0         (-291.0,287.0,286.0,-280.0)
0         (-290.0,287.0,286.0,-280.0)
0         (-290.0,287.0,285.0,-280.0)
0         (-290.0,287.0,284.0,-280.0)
0         (-289.0,287.0,284.0,-280.0)
0         (-289.0,287.0,283.0,-280.0)
0         (-289.0,287.0,282.0,-280.0)
0         (-288.0,287.0,282.0,-280.0)
0         (-288.0,287.0,281.0,-280.0)
0         (-288.0,287.0,280.0,-280.0)
0         (-288.0,286.0,280.0,-280.0)
0         (-288.0,286.0,279.0,-280.0)
0         (-288.0,285.0,279.0,-280.0)
0         (-288.0,285.0,278.0,-280.0)
0         (-288.0,284.0,278.0,-280.0)
0         (-288.0,284.0,277.0,-280.0)
0         (-288.0,284.0,276.0,-280.0)
0         (-288.0,283.0,276.0,-280.0)
0         (-288.0,283.0,275.0,-280.0)
0         (-288.0,282.0,275.0,-280.0)
0         (-287.0,282.0,275.0,-280.0)
0         (-287.0,281.0,275.0,-280.0)
0         (-286.0,281.0,275.0,-280.0)
0         (-286.0,280.0,275.0,-280.0)
0         (-286.0,279.0,275.0,-280.0)
0         (-285.0,279.0,275.0,-280.0)
0         (-285.0,278.0,275.0,-280.0)
0         (-284.0,278.0,275.0,-280.0)
0         (-284.0,278.0,274.0,-280.0)
0         (-283.0,278.0,274.0,-280.0)
0         (-283.0,278.0,273.0,-280.0)
0         (-283.0,278.0,272.0,-280.0)
0         (-282.0,278.0,272.0,-280.0)
0         (-282.0,278.0,271.0,-280.0)
0         (-282.0,278.0,270.0,-280.0)
0         (-281.0,278.0,270.0,-280.0)
0         (-281.0,277.0,270.0,-280.0)
0         (-280.0,277.0,270.0,-280.0)
0         (-280.0,276.0,270.0,-280.0)
0         (-280.0,275.0,270.0,-280.0)
0         (-279.0,275.0,270.0,-280.0)
0         (-279.0,274.0,270.0,-280.0)
0         (-278.0,274.0,270.0,-280.0)
0         (-278.0,274.0,270.0,-279.0)
0         (-277.0,274.0,270.0,-279.0)
