# run = 11
occ          S   
0         (167.0,-93.0,-402.0,-352.0)
0         (167.0,-93.0,-402.0,-351.0)
0         (166.0,-93.0,-402.0,-351.0)
0         (166.0,-93.0,-402.0,-350.0)
0         (166.0,-93.0,-401.0,-350.0)
0         (166.0,-93.0,-401.0,-351.0)
0         (167.0,-93.0,-401.0,-351.0)
0         (167.0,-93.0,-401.0,-350.0)
0         (167.0,-93.0,-402.0,-350.0)
0         (167.0,-94.0,-402.0,-350.0)
0         (166.0,-94.0,-402.0,-350.0)
0         (166.0,-94.0,-402.0,-351.0)
0         (166.0,-94.0,-401.0,-351.0)
0         (166.0,-94.0,-401.0,-350.0)
0         (166.0,-94.0,-401.0,-349.0)
0         (166.0,-94.0,-400.0,-349.0)
0         (166.0,-94.0,-400.0,-348.0)
0         (166.0,-94.0,-399.0,-348.0)
0         (166.0,-94.0,-399.0,-347.0)
0         (166.0,-94.0,-398.0,-347.0)
0         (166.0,-94.0,-398.0,-346.0)
0         (166.0,-94.0,-397.0,-346.0)
0         (166.0,-94.0,-397.0,-345.0)
0         (166.0,-93.0,-397.0,-345.0)
0         (166.0,-93.0,-396.0,-345.0)
0         (166.0,-93.0,-396.0,-344.0)
0         (166.0,-93.0,-397.0,-344.0)
0         (167.0,-93.0,-397.0,-344.0)
0         (167.0,-93.0,-396.0,-344.0)
0         (167.0,-93.0,-396.0,-345.0)
0         (167.0,-93.0,-397.0,-345.0)
0         (167.0,-94.0,-397.0,-345.0)
0         (167.0,-94.0,-396.0,-345.0)
0         (166.0,-94.0,-396.0,-345.0)
0         (166.0,-94.0,-396.0,-344.0)
0         (166.0,-94.0,-395.0,-344.0)
0         (166.0,-94.0,-395.0,-343.0)
0         (166.0,-94.0,-394.0,-343.0)
0         (166.0,-94.0,-394.0,-342.0)
0         (166.0,-94.0,-393.0,-342.0)
0         (166.0,-94.0,-393.0,-341.0)
0         (166.0,-94.0,-393.0,-340.0)
0         (166.0,-94.0,-392.0,-340.0)
0         (166.0,-94.0,-392.0,-339.0)
0         (166.0,-93.0,-392.0,-339.0)
0         (166.0,-93.0,-391.0,-339.0)
0         (166.0,-93.0,-391.0,-338.0)
0         (166.0,-93.0,-390.0,-338.0)
0         (166.0,-93.0,-390.0,-337.0)
0         (166.0,-93.0,-389.0,-337.0)
0         (166.0,-93.0,-389.0,-336.0)
0         (166.0,-93.0,-388.0,-336.0)
0         (166.0,-93.0,-388.0,-335.0)
0         (166.0,-93.0,-387.0,-335.0)
0         (166.0,-93.0,-387.0,-334.0)
0         (166.0,-93.0,-387.0,-333.0)
0         (166.0,-93.0,-386.0,-333.0)
0         (166.0,-93.0,-386.0,-332.0)
0         (166.0,-93.0,-385.0,-332.0)
0         (166.0,-93.0,-385.0,-331.0)
0         (166.0,-93.0,-384.0,-331.0)
0         (166.0,-93.0,-384.0,-330.0)
0         (166.0,-93.0,-383.0,-330.0)
0         (166.0,-93.0,-383.0,-329.0)
0         (166.0,-93.0,-382.0,-329.0)
0         (166.0,-93.0,-382.0,-328.0)
0         (166.0,-93.0,-381.0,-328.0)
0         (166.0,-93.0,-381.0,-327.0)
0         (166.0,-93.0,-381.0,-326.0)
0         (166.0,-93.0,-380.0,-326.0)
0         (166.0,-93.0,-380.0,-325.0)
0         (166.0,-93.0,-379.0,-325.0)
0         (166.0,-93.0,-379.0,-324.0)
0         (166.0,-93.0,-378.0,-324.0)
0         (166.0,-93.0,-378.0,-323.0)
0         (166.0,-93.0,-377.0,-323.0)
0         (166.0,-93.0,-377.0,-322.0)
0         (166.0,-93.0,-376.0,-322.0)
0         (166.0,-93.0,-376.0,-321.0)
0         (166.0,-93.0,-375.0,-321.0)
0         (166.0,-93.0,-375.0,-320.0)
0         (166.0,-93.0,-375.0,-319.0)
0         (166.0,-93.0,-374.0,-319.0)
0         (166.0,-93.0,-374.0,-320.0)
0         (167.0,-93.0,-374.0,-320.0)
0         (167.0,-93.0,-375.0,-320.0)
0         (167.0,-93.0,-375.0,-319.0)
0         (167.0,-93.0,-374.0,-319.0)
0         (167.0,-93.0,-374.0,-318.0)
0         (166.0,-93.0,-374.0,-318.0)
0         (166.0,-93.0,-373.0,-318.0)
0         (166.0,-93.0,-373.0,-317.0)
0         (166.0,-93.0,-372.0,-317.0)
0         (166.0,-93.0,-372.0,-316.0)
0         (166.0,-93.0,-371.0,-316.0)
0         (166.0,-93.0,-371.0,-315.0)
0         (166.0,-93.0,-370.0,-315.0)
0         (166.0,-93.0,-370.0,-314.0)
0         (166.0,-93.0,-369.0,-314.0)
0         (166.0,-93.0,-369.0,-313.0)
0         (166.0,-93.0,-370.0,-313.0)
0         (167.0,-93.0,-370.0,-313.0)
0         (167.0,-93.0,-369.0,-313.0)
0         (167.0,-93.0,-369.0,-314.0)
0         (167.0,-93.0,-370.0,-314.0)
0         (167.0,-94.0,-370.0,-314.0)
0         (166.0,-94.0,-370.0,-314.0)
0         (166.0,-94.0,-369.0,-314.0)
0         (166.0,-94.0,-369.0,-313.0)
0         (166.0,-94.0,-370.0,-313.0)
0         (167.0,-94.0,-370.0,-313.0)
0         (167.0,-94.0,-369.0,-313.0)
0         (167.0,-94.0,-369.0,-314.0)
0         (167.0,-94.0,-368.0,-314.0)
0         (167.0,-94.0,-368.0,-313.0)
0         (166.0,-94.0,-368.0,-313.0)
0         (166.0,-93.0,-368.0,-313.0)
0         (166.0,-93.0,-368.0,-312.0)
0         (166.0,-93.0,-368.0,-311.0)
0         (166.0,-93.0,-367.0,-311.0)
0         (166.0,-93.0,-367.0,-310.0)
0         (166.0,-93.0,-366.0,-310.0)
0         (166.0,-93.0,-366.0,-309.0)
0         (166.0,-93.0,-365.0,-309.0)
0         (166.0,-93.0,-365.0,-308.0)
0         (166.0,-93.0,-364.0,-308.0)
0         (166.0,-93.0,-364.0,-307.0)
0         (166.0,-93.0,-363.0,-307.0)
0         (166.0,-93.0,-363.0,-306.0)
0         (166.0,-93.0,-364.0,-306.0)
0         (167.0,-93.0,-364.0,-306.0)
0         (167.0,-93.0,-364.0,-307.0)
0         (167.0,-93.0,-363.0,-307.0)
0         (167.0,-93.0,-363.0,-306.0)
0         (167.0,-92.0,-363.0,-306.0)
0         (166.0,-92.0,-363.0,-306.0)
0         (166.0,-92.0,-362.0,-306.0)
0         (166.0,-92.0,-362.0,-305.0)
0         (166.0,-92.0,-361.0,-305.0)
0         (166.0,-92.0,-361.0,-304.0)
0         (166.0,-92.0,-360.0,-304.0)
0         (166.0,-92.0,-360.0,-303.0)
0         (166.0,-92.0,-360.0,-302.0)
0         (166.0,-92.0,-359.0,-302.0)
0         (166.0,-93.0,-359.0,-302.0)
0         (166.0,-93.0,-359.0,-301.0)
0         (166.0,-93.0,-358.0,-301.0)
0         (166.0,-93.0,-358.0,-300.0)
0         (166.0,-93.0,-359.0,-300.0)
0         (167.0,-93.0,-359.0,-300.0)
0         (167.0,-93.0,-359.0,-301.0)
0         (167.0,-93.0,-358.0,-301.0)
0         (167.0,-93.0,-358.0,-300.0)
0         (167.0,-94.0,-358.0,-300.0)
0         (166.0,-94.0,-358.0,-300.0)
0         (166.0,-94.0,-358.0,-301.0)
0         (166.0,-94.0,-359.0,-301.0)
0         (166.0,-94.0,-359.0,-300.0)
0         (167.0,-94.0,-359.0,-300.0)
0         (167.0,-94.0,-359.0,-301.0)
0         (167.0,-94.0,-358.0,-301.0)
0         (167.0,-94.0,-358.0,-302.0)
0         (167.0,-93.0,-358.0,-302.0)
0         (166.0,-93.0,-358.0,-302.0)
0         (166.0,-94.0,-358.0,-302.0)
0         (166.0,-94.0,-359.0,-302.0)
0         (167.0,-94.0,-359.0,-302.0)
0         (167.0,-93.0,-359.0,-302.0)
0         (167.0,-92.0,-359.0,-302.0)
0         (167.0,-92.0,-359.0,-301.0)
0         (166.0,-92.0,-359.0,-301.0)
0         (166.0,-92.0,-358.0,-301.0)
0         (166.0,-92.0,-358.0,-300.0)
0         (166.0,-92.0,-357.0,-300.0)
0         (166.0,-92.0,-357.0,-299.0)
0         (166.0,-92.0,-356.0,-299.0)
0         (166.0,-92.0,-356.0,-298.0)
0         (166.0,-92.0,-355.0,-298.0)
0         (166.0,-92.0,-355.0,-297.0)
0         (166.0,-92.0,-354.0,-297.0)
0         (166.0,-92.0,-354.0,-296.0)
0         (166.0,-93.0,-354.0,-296.0)
0         (166.0,-93.0,-354.0,-295.0)
0         (166.0,-93.0,-353.0,-295.0)
0         (166.0,-93.0,-353.0,-294.0)
0         (166.0,-93.0,-352.0,-294.0)
0         (166.0,-93.0,-352.0,-293.0)
0         (166.0,-93.0,-351.0,-293.0)
0         (166.0,-93.0,-351.0,-292.0)
0         (166.0,-93.0,-350.0,-292.0)
0         (166.0,-93.0,-350.0,-291.0)
0         (166.0,-93.0,-349.0,-291.0)
0         (166.0,-93.0,-349.0,-290.0)
0         (166.0,-93.0,-348.0,-290.0)
0         (166.0,-93.0,-348.0,-289.0)
0         (166.0,-93.0,-348.0,-288.0)
0         (166.0,-93.0,-347.0,-288.0)
0         (166.0,-93.0,-347.0,-289.0)
0         (167.0,-93.0,-347.0,-289.0)
0         (167.0,-93.0,-347.0,-288.0)
0         (167.0,-93.0,-348.0,-288.0)
0         (167.0,-93.0,-348.0,-289.0)
0         (167.0,-94.0,-348.0,-289.0)
0         (166.0,-94.0,-348.0,-289.0)
0         (166.0,-94.0,-348.0,-288.0)
0         (166.0,-94.0,-347.0,-288.0)
0         (166.0,-94.0,-347.0,-287.0)
0         (166.0,-93.0,-347.0,-287.0)
0         (166.0,-93.0,-346.0,-287.0)
0         (166.0,-93.0,-346.0,-286.0)
0         (166.0,-93.0,-345.0,-286.0)
0         (166.0,-93.0,-345.0,-285.0)
0         (166.0,-93.0,-344.0,-285.0)
0         (166.0,-93.0,-344.0,-284.0)
0         (166.0,-93.0,-343.0,-284.0)
0         (166.0,-93.0,-343.0,-283.0)
0         (166.0,-93.0,-343.0,-282.0)
0         (166.0,-93.0,-342.0,-282.0)
0         (166.0,-93.0,-342.0,-281.0)
0         (166.0,-93.0,-341.0,-281.0)
0         (166.0,-93.0,-341.0,-282.0)
0         (167.0,-93.0,-341.0,-282.0)
0         (167.0,-93.0,-342.0,-282.0)
0         (167.0,-93.0,-342.0,-281.0)
0         (167.0,-93.0,-341.0,-281.0)
0         (167.0,-93.0,-341.0,-280.0)
0         (166.0,-93.0,-341.0,-280.0)
0         (166.0,-93.0,-340.0,-280.0)
0         (166.0,-93.0,-340.0,-279.0)
0         (166.0,-93.0,-339.0,-279.0)
0         (166.0,-93.0,-339.0,-278.0)
0         (166.0,-93.0,-338.0,-278.0)
0         (166.0,-93.0,-338.0,-277.0)
0         (166.0,-93.0,-337.0,-277.0)
0         (166.0,-93.0,-337.0,-276.0)
0         (166.0,-93.0,-337.0,-275.0)
0         (166.0,-93.0,-336.0,-275.0)
0         (166.0,-93.0,-336.0,-276.0)
0         (167.0,-93.0,-336.0,-276.0)
0         (167.0,-93.0,-337.0,-276.0)
0         (167.0,-93.0,-337.0,-275.0)
0         (167.0,-93.0,-336.0,-275.0)
0         (167.0,-94.0,-336.0,-275.0)
0         (166.0,-94.0,-336.0,-275.0)
0         (166.0,-94.0,-337.0,-275.0)
0         (166.0,-94.0,-337.0,-276.0)
0         (166.0,-94.0,-336.0,-276.0)
0         (167.0,-94.0,-336.0,-276.0)
0         (167.0,-94.0,-337.0,-276.0)
0         (167.0,-94.0,-337.0,-275.0)
0         (167.0,-94.0,-337.0,-274.0)
0         (167.0,-94.0,-336.0,-274.0)
0         (166.0,-94.0,-336.0,-274.0)
0         (166.0,-93.0,-336.0,-274.0)
0         (166.0,-93.0,-335.0,-274.0)
0         (166.0,-93.0,-335.0,-273.0)
0         (166.0,-93.0,-334.0,-273.0)
0         (166.0,-93.0,-334.0,-272.0)
0         (166.0,-93.0,-333.0,-272.0)
0         (166.0,-93.0,-333.0,-271.0)
0         (166.0,-93.0,-332.0,-271.0)
0         (166.0,-93.0,-332.0,-270.0)
0         (166.0,-93.0,-331.0,-270.0)
0         (166.0,-93.0,-331.0,-269.0)
0         (166.0,-93.0,-332.0,-269.0)
0         (167.0,-93.0,-332.0,-269.0)
0         (167.0,-93.0,-331.0,-269.0)
0         (167.0,-93.0,-331.0,-270.0)
0         (167.0,-93.0,-332.0,-270.0)
0         (167.0,-94.0,-332.0,-270.0)
0         (166.0,-94.0,-332.0,-270.0)
0         (166.0,-94.0,-331.0,-270.0)
0         (166.0,-94.0,-331.0,-269.0)
0         (166.0,-94.0,-332.0,-269.0)
0         (167.0,-94.0,-332.0,-269.0)
0         (167.0,-94.0,-331.0,-269.0)
0         (167.0,-94.0,-331.0,-270.0)
0         (167.0,-94.0,-330.0,-270.0)
0         (167.0,-93.0,-330.0,-270.0)
0         (166.0,-93.0,-330.0,-270.0)
0         (166.0,-93.0,-330.0,-269.0)
0         (166.0,-93.0,-330.0,-268.0)
0         (166.0,-93.0,-331.0,-268.0)
0         (166.0,-94.0,-331.0,-268.0)
0         (166.0,-94.0,-330.0,-268.0)
0         (166.0,-94.0,-330.0,-269.0)
0         (166.0,-94.0,-330.0,-270.0)
0         (166.0,-94.0,-330.0,-271.0)
0         (166.0,-94.0,-331.0,-271.0)
0         (166.0,-93.0,-331.0,-271.0)
0         (167.0,-93.0,-331.0,-271.0)
0         (167.0,-93.0,-332.0,-271.0)
0         (167.0,-94.0,-332.0,-271.0)
0         (166.0,-94.0,-332.0,-271.0)
0         (166.0,-94.0,-333.0,-271.0)
0         (166.0,-94.0,-333.0,-270.0)
0         (166.0,-93.0,-333.0,-270.0)
0         (166.0,-93.0,-333.0,-269.0)
0         (167.0,-93.0,-333.0,-269.0)
0         (167.0,-93.0,-333.0,-270.0)
0         (167.0,-94.0,-333.0,-270.0)
0         (167.0,-94.0,-333.0,-269.0)
0         (166.0,-94.0,-333.0,-269.0)
0         (166.0,-94.0,-333.0,-268.0)
0         (166.0,-94.0,-332.0,-268.0)
0         (166.0,-93.0,-332.0,-268.0)
0         (167.0,-93.0,-332.0,-268.0)
0         (167.0,-93.0,-331.0,-268.0)
0         (167.0,-93.0,-330.0,-268.0)
0         (167.0,-93.0,-330.0,-269.0)
0         (167.0,-92.0,-330.0,-269.0)
0         (166.0,-92.0,-330.0,-269.0)
0         (166.0,-92.0,-330.0,-268.0)
0         (166.0,-92.0,-329.0,-268.0)
0         (166.0,-92.0,-329.0,-267.0)
0         (166.0,-92.0,-328.0,-267.0)
0         (166.0,-92.0,-328.0,-266.0)
0         (166.0,-92.0,-328.0,-265.0)
0         (166.0,-92.0,-327.0,-265.0)
0         (166.0,-93.0,-327.0,-265.0)
0         (166.0,-93.0,-327.0,-264.0)
0         (166.0,-93.0,-326.0,-264.0)
0         (166.0,-93.0,-326.0,-263.0)
0         (166.0,-93.0,-325.0,-263.0)
0         (166.0,-93.0,-325.0,-262.0)
0         (166.0,-93.0,-326.0,-262.0)
0         (167.0,-93.0,-326.0,-262.0)
0         (167.0,-93.0,-326.0,-263.0)
0         (167.0,-93.0,-326.0,-264.0)
0         (167.0,-93.0,-325.0,-264.0)
0         (166.0,-93.0,-325.0,-264.0)
0         (166.0,-94.0,-325.0,-264.0)
0         (166.0,-94.0,-325.0,-263.0)
0         (166.0,-94.0,-326.0,-263.0)
0         (166.0,-94.0,-326.0,-264.0)
0         (167.0,-94.0,-326.0,-264.0)
0         (167.0,-94.0,-326.0,-263.0)
0         (167.0,-94.0,-325.0,-263.0)
0         (167.0,-93.0,-325.0,-263.0)
0         (167.0,-93.0,-325.0,-262.0)
0         (167.0,-92.0,-325.0,-262.0)
0         (166.0,-92.0,-325.0,-262.0)
0         (166.0,-92.0,-324.0,-262.0)
0         (166.0,-92.0,-324.0,-261.0)
0         (166.0,-92.0,-323.0,-261.0)
0         (166.0,-92.0,-323.0,-260.0)
0         (166.0,-92.0,-322.0,-260.0)
0         (166.0,-92.0,-322.0,-259.0)
0         (166.0,-92.0,-322.0,-258.0)
0         (166.0,-92.0,-321.0,-258.0)
0         (166.0,-93.0,-321.0,-258.0)
0         (166.0,-93.0,-321.0,-257.0)
0         (166.0,-93.0,-320.0,-257.0)
0         (166.0,-93.0,-320.0,-256.0)
0         (166.0,-93.0,-321.0,-256.0)
0         (167.0,-93.0,-321.0,-256.0)
0         (167.0,-93.0,-321.0,-257.0)
0         (167.0,-93.0,-320.0,-257.0)
0         (167.0,-93.0,-320.0,-256.0)
0         (167.0,-94.0,-320.0,-256.0)
0         (166.0,-94.0,-320.0,-256.0)
0         (166.0,-94.0,-320.0,-257.0)
0         (166.0,-94.0,-321.0,-257.0)
0         (166.0,-94.0,-321.0,-256.0)
0         (167.0,-94.0,-321.0,-256.0)
0         (167.0,-94.0,-321.0,-257.0)
0         (167.0,-94.0,-320.0,-257.0)
0         (167.0,-94.0,-320.0,-258.0)
0         (167.0,-93.0,-320.0,-258.0)
0         (166.0,-93.0,-320.0,-258.0)
0         (166.0,-94.0,-320.0,-258.0)
0         (166.0,-94.0,-321.0,-258.0)
0         (167.0,-94.0,-321.0,-258.0)
0         (167.0,-93.0,-321.0,-258.0)
0         (167.0,-92.0,-321.0,-258.0)
0         (167.0,-92.0,-321.0,-257.0)
0         (166.0,-92.0,-321.0,-257.0)
0         (166.0,-92.0,-320.0,-257.0)
0         (166.0,-92.0,-320.0,-256.0)
0         (166.0,-92.0,-319.0,-256.0)
0         (166.0,-92.0,-319.0,-255.0)
0         (166.0,-92.0,-318.0,-255.0)
0         (166.0,-92.0,-318.0,-254.0)
0         (166.0,-92.0,-317.0,-254.0)
0         (166.0,-92.0,-317.0,-253.0)
0         (166.0,-92.0,-316.0,-253.0)
0         (166.0,-92.0,-316.0,-252.0)
0         (166.0,-93.0,-316.0,-252.0)
0         (166.0,-93.0,-316.0,-251.0)
0         (166.0,-93.0,-315.0,-251.0)
0         (166.0,-93.0,-315.0,-250.0)
0         (166.0,-93.0,-314.0,-250.0)
0         (166.0,-93.0,-314.0,-251.0)
0         (167.0,-93.0,-314.0,-251.0)
0         (167.0,-93.0,-315.0,-251.0)
0         (167.0,-93.0,-315.0,-250.0)
0         (167.0,-93.0,-314.0,-250.0)
0         (167.0,-93.0,-314.0,-249.0)
0         (166.0,-93.0,-314.0,-249.0)
0         (166.0,-93.0,-313.0,-249.0)
0         (166.0,-93.0,-313.0,-248.0)
0         (166.0,-93.0,-312.0,-248.0)
0         (166.0,-93.0,-312.0,-247.0)
0         (166.0,-93.0,-311.0,-247.0)
0         (166.0,-93.0,-311.0,-246.0)
0         (166.0,-93.0,-310.0,-246.0)
0         (166.0,-93.0,-310.0,-245.0)
0         (166.0,-93.0,-310.0,-244.0)
0         (166.0,-93.0,-309.0,-244.0)
0         (166.0,-93.0,-309.0,-245.0)
0         (167.0,-93.0,-309.0,-245.0)
0         (167.0,-93.0,-309.0,-244.0)
0         (167.0,-93.0,-310.0,-244.0)
0         (167.0,-93.0,-310.0,-245.0)
0         (167.0,-94.0,-310.0,-245.0)
0         (166.0,-94.0,-310.0,-245.0)
0         (166.0,-94.0,-310.0,-244.0)
0         (166.0,-94.0,-309.0,-244.0)
0         (166.0,-94.0,-309.0,-245.0)
0         (167.0,-94.0,-309.0,-245.0)
0         (167.0,-94.0,-309.0,-244.0)
0         (167.0,-94.0,-310.0,-244.0)
0         (167.0,-94.0,-310.0,-243.0)
0         (167.0,-93.0,-310.0,-243.0)
0         (166.0,-93.0,-310.0,-243.0)
0         (166.0,-93.0,-309.0,-243.0)
0         (166.0,-93.0,-308.0,-243.0)
0         (166.0,-93.0,-308.0,-242.0)
0         (166.0,-93.0,-307.0,-242.0)
0         (166.0,-93.0,-307.0,-241.0)
0         (166.0,-93.0,-306.0,-241.0)
0         (166.0,-93.0,-306.0,-240.0)
0         (166.0,-93.0,-305.0,-240.0)
0         (166.0,-93.0,-305.0,-239.0)
0         (166.0,-93.0,-304.0,-239.0)
0         (166.0,-93.0,-304.0,-238.0)
0         (167.0,-93.0,-304.0,-238.0)
0         (167.0,-93.0,-304.0,-239.0)
0         (167.0,-93.0,-305.0,-239.0)
0         (167.0,-93.0,-305.0,-238.0)
0         (166.0,-93.0,-305.0,-238.0)
0         (166.0,-94.0,-305.0,-238.0)
0         (166.0,-94.0,-304.0,-238.0)
0         (166.0,-94.0,-304.0,-239.0)
0         (167.0,-94.0,-304.0,-239.0)
0         (167.0,-94.0,-304.0,-238.0)
0         (167.0,-94.0,-304.0,-237.0)
0         (167.0,-93.0,-304.0,-237.0)
0         (166.0,-93.0,-304.0,-237.0)
0         (166.0,-93.0,-303.0,-237.0)
0         (166.0,-93.0,-303.0,-238.0)
0         (167.0,-93.0,-303.0,-238.0)
0         (167.0,-93.0,-303.0,-237.0)
0         (167.0,-92.0,-303.0,-237.0)
0         (166.0,-92.0,-303.0,-237.0)
0         (166.0,-92.0,-303.0,-236.0)
0         (166.0,-92.0,-302.0,-236.0)
0         (166.0,-92.0,-302.0,-235.0)
0         (166.0,-92.0,-301.0,-235.0)
0         (166.0,-92.0,-301.0,-234.0)
0         (166.0,-92.0,-300.0,-234.0)
0         (166.0,-92.0,-300.0,-233.0)
0         (166.0,-93.0,-300.0,-233.0)
0         (166.0,-93.0,-299.0,-233.0)
0         (166.0,-93.0,-299.0,-232.0)
0         (166.0,-93.0,-298.0,-232.0)
0         (166.0,-93.0,-298.0,-231.0)
0         (166.0,-93.0,-299.0,-231.0)
0         (167.0,-93.0,-299.0,-231.0)
0         (167.0,-93.0,-299.0,-232.0)
0         (167.0,-93.0,-298.0,-232.0)
0         (167.0,-93.0,-298.0,-231.0)
0         (167.0,-94.0,-298.0,-231.0)
0         (166.0,-94.0,-298.0,-231.0)
0         (166.0,-94.0,-298.0,-232.0)
0         (166.0,-94.0,-299.0,-232.0)
0         (166.0,-94.0,-299.0,-231.0)
0         (167.0,-94.0,-299.0,-231.0)
0         (167.0,-94.0,-299.0,-232.0)
0         (167.0,-94.0,-298.0,-232.0)
0         (167.0,-94.0,-298.0,-233.0)
0         (167.0,-93.0,-298.0,-233.0)
0         (166.0,-93.0,-298.0,-233.0)
0         (166.0,-94.0,-298.0,-233.0)
0         (166.0,-94.0,-299.0,-233.0)
0         (167.0,-94.0,-299.0,-233.0)
0         (167.0,-93.0,-299.0,-233.0)
0         (167.0,-93.0,-300.0,-233.0)
0         (167.0,-93.0,-300.0,-232.0)
0         (166.0,-93.0,-300.0,-232.0)
0         (166.0,-93.0,-300.0,-231.0)
0         (167.0,-93.0,-300.0,-231.0)
0         (167.0,-94.0,-300.0,-231.0)
0         (166.0,-94.0,-300.0,-231.0)
0         (166.0,-94.0,-300.0,-232.0)
0         (167.0,-94.0,-300.0,-232.0)
0         (167.0,-94.0,-300.0,-233.0)
0         (166.0,-94.0,-300.0,-233.0)
0         (166.0,-94.0,-300.0,-234.0)
0         (166.0,-94.0,-299.0,-234.0)
0         (166.0,-93.0,-299.0,-234.0)
0         (166.0,-93.0,-298.0,-234.0)
0         (167.0,-93.0,-298.0,-234.0)
0         (167.0,-93.0,-299.0,-234.0)
0         (167.0,-94.0,-299.0,-234.0)
0         (167.0,-94.0,-298.0,-234.0)
0         (166.0,-94.0,-298.0,-234.0)
0         (166.0,-94.0,-297.0,-234.0)
0         (166.0,-94.0,-297.0,-233.0)
0         (166.0,-94.0,-297.0,-232.0)
0         (166.0,-94.0,-297.0,-231.0)
0         (166.0,-93.0,-297.0,-231.0)
0         (166.0,-93.0,-297.0,-230.0)
0         (166.0,-92.0,-297.0,-230.0)
0         (166.0,-92.0,-296.0,-230.0)
0         (166.0,-92.0,-296.0,-229.0)
0         (166.0,-92.0,-296.0,-228.0)
0         (166.0,-92.0,-295.0,-228.0)
0         (166.0,-92.0,-295.0,-227.0)
0         (166.0,-92.0,-294.0,-227.0)
0         (166.0,-93.0,-294.0,-227.0)
0         (166.0,-93.0,-294.0,-226.0)
0         (166.0,-93.0,-293.0,-226.0)
0         (166.0,-93.0,-293.0,-225.0)
0         (166.0,-93.0,-294.0,-225.0)
0         (167.0,-93.0,-294.0,-225.0)
0         (167.0,-93.0,-293.0,-225.0)
0         (167.0,-93.0,-293.0,-226.0)
0         (167.0,-93.0,-294.0,-226.0)
0         (167.0,-94.0,-294.0,-226.0)
0         (166.0,-94.0,-294.0,-226.0)
0         (166.0,-94.0,-293.0,-226.0)
0         (166.0,-94.0,-293.0,-225.0)
0         (166.0,-94.0,-294.0,-225.0)
0         (167.0,-94.0,-294.0,-225.0)
0         (167.0,-94.0,-293.0,-225.0)
0         (167.0,-94.0,-293.0,-226.0)
0         (167.0,-94.0,-292.0,-226.0)
0         (167.0,-93.0,-292.0,-226.0)
0         (166.0,-93.0,-292.0,-226.0)
0         (166.0,-93.0,-292.0,-225.0)
0         (166.0,-93.0,-292.0,-224.0)
0         (166.0,-93.0,-293.0,-224.0)
0         (166.0,-94.0,-293.0,-224.0)
0         (166.0,-94.0,-292.0,-224.0)
0         (166.0,-94.0,-292.0,-225.0)
0         (166.0,-94.0,-292.0,-226.0)
0         (166.0,-94.0,-292.0,-227.0)
0         (166.0,-94.0,-293.0,-227.0)
0         (166.0,-93.0,-293.0,-227.0)
0         (167.0,-93.0,-293.0,-227.0)
0         (167.0,-93.0,-294.0,-227.0)
0         (167.0,-94.0,-294.0,-227.0)
0         (166.0,-94.0,-294.0,-227.0)
0         (166.0,-94.0,-295.0,-227.0)
0         (166.0,-94.0,-295.0,-226.0)
0         (166.0,-93.0,-295.0,-226.0)
0         (166.0,-93.0,-295.0,-225.0)
0         (167.0,-93.0,-295.0,-225.0)
0         (167.0,-93.0,-295.0,-226.0)
0         (167.0,-94.0,-295.0,-226.0)
0         (167.0,-94.0,-295.0,-225.0)
0         (166.0,-94.0,-295.0,-225.0)
0         (166.0,-94.0,-295.0,-224.0)
0         (166.0,-94.0,-294.0,-224.0)
0         (166.0,-93.0,-294.0,-224.0)
0         (167.0,-93.0,-294.0,-224.0)
0         (167.0,-93.0,-293.0,-224.0)
0         (167.0,-93.0,-292.0,-224.0)
0         (167.0,-93.0,-292.0,-225.0)
0         (167.0,-94.0,-292.0,-225.0)
0         (167.0,-94.0,-292.0,-224.0)
0         (167.0,-94.0,-293.0,-224.0)
0         (167.0,-94.0,-294.0,-224.0)
0         (167.0,-94.0,-295.0,-224.0)
0         (167.0,-93.0,-295.0,-224.0)
0         (166.0,-93.0,-295.0,-224.0)
0         (166.0,-92.0,-295.0,-224.0)
0         (166.0,-92.0,-294.0,-224.0)
0         (166.0,-92.0,-293.0,-224.0)
0         (166.0,-92.0,-293.0,-225.0)
0         (166.0,-92.0,-292.0,-225.0)
0         (166.0,-92.0,-292.0,-224.0)
0         (166.0,-92.0,-291.0,-224.0)
0         (166.0,-92.0,-291.0,-223.0)
0         (166.0,-92.0,-290.0,-223.0)
0         (166.0,-92.0,-290.0,-222.0)
0         (166.0,-92.0,-289.0,-222.0)
0         (166.0,-92.0,-289.0,-221.0)
0         (166.0,-93.0,-289.0,-221.0)
0         (166.0,-93.0,-289.0,-220.0)
0         (166.0,-93.0,-288.0,-220.0)
0         (166.0,-93.0,-288.0,-219.0)
0         (166.0,-93.0,-287.0,-219.0)
0         (166.0,-93.0,-287.0,-220.0)
0         (167.0,-93.0,-287.0,-220.0)
0         (167.0,-93.0,-288.0,-220.0)
0         (167.0,-93.0,-288.0,-219.0)
0         (167.0,-93.0,-287.0,-219.0)
0         (167.0,-93.0,-287.0,-218.0)
0         (166.0,-93.0,-287.0,-218.0)
0         (166.0,-93.0,-288.0,-218.0)
0         (167.0,-93.0,-288.0,-218.0)
0         (167.0,-94.0,-288.0,-218.0)
0         (167.0,-94.0,-288.0,-219.0)
0         (166.0,-94.0,-288.0,-219.0)
0         (166.0,-94.0,-288.0,-220.0)
0         (166.0,-94.0,-287.0,-220.0)
0         (166.0,-94.0,-287.0,-219.0)
0         (166.0,-94.0,-287.0,-218.0)
0         (166.0,-94.0,-288.0,-218.0)
0         (166.0,-94.0,-289.0,-218.0)
0         (166.0,-94.0,-289.0,-219.0)
0         (166.0,-93.0,-289.0,-219.0)
0         (167.0,-93.0,-289.0,-219.0)
0         (167.0,-93.0,-289.0,-220.0)
0         (167.0,-94.0,-289.0,-220.0)
0         (167.0,-94.0,-288.0,-220.0)
0         (167.0,-94.0,-287.0,-220.0)
0         (167.0,-94.0,-287.0,-219.0)
0         (167.0,-94.0,-287.0,-218.0)
0         (167.0,-94.0,-286.0,-218.0)
0         (166.0,-94.0,-286.0,-218.0)
0         (166.0,-93.0,-286.0,-218.0)
0         (166.0,-93.0,-286.0,-217.0)
0         (166.0,-93.0,-285.0,-217.0)
0         (166.0,-93.0,-285.0,-216.0)
0         (166.0,-93.0,-284.0,-216.0)
0         (166.0,-93.0,-284.0,-215.0)
0         (166.0,-93.0,-283.0,-215.0)
0         (166.0,-93.0,-283.0,-214.0)
0         (166.0,-93.0,-283.0,-213.0)
0         (166.0,-93.0,-282.0,-213.0)
0         (167.0,-93.0,-282.0,-213.0)
0         (167.0,-93.0,-283.0,-213.0)
0         (167.0,-93.0,-283.0,-214.0)
0         (167.0,-93.0,-282.0,-214.0)
0         (166.0,-93.0,-282.0,-214.0)
0         (166.0,-94.0,-282.0,-214.0)
0         (166.0,-94.0,-282.0,-213.0)
0         (166.0,-94.0,-283.0,-213.0)
0         (167.0,-94.0,-283.0,-213.0)
0         (167.0,-94.0,-282.0,-213.0)
0         (167.0,-94.0,-282.0,-212.0)
0         (167.0,-93.0,-282.0,-212.0)
0         (166.0,-93.0,-282.0,-212.0)
0         (166.0,-93.0,-283.0,-212.0)
0         (167.0,-93.0,-283.0,-212.0)
0         (167.0,-94.0,-283.0,-212.0)
0         (166.0,-94.0,-283.0,-212.0)
0         (166.0,-94.0,-282.0,-212.0)
0         (166.0,-94.0,-281.0,-212.0)
0         (166.0,-93.0,-281.0,-212.0)
0         (166.0,-93.0,-281.0,-213.0)
0         (166.0,-94.0,-281.0,-213.0)
0         (167.0,-94.0,-281.0,-213.0)
0         (167.0,-93.0,-281.0,-213.0)
0         (167.0,-93.0,-281.0,-212.0)
0         (167.0,-92.0,-281.0,-212.0)
0         (166.0,-92.0,-281.0,-212.0)
0         (166.0,-92.0,-282.0,-212.0)
0         (166.0,-92.0,-282.0,-213.0)
0         (166.0,-92.0,-283.0,-213.0)
0         (166.0,-92.0,-283.0,-212.0)
0         (167.0,-92.0,-283.0,-212.0)
0         (167.0,-92.0,-282.0,-212.0)
0         (167.0,-92.0,-282.0,-213.0)
0         (167.0,-92.0,-283.0,-213.0)
0         (167.0,-92.0,-283.0,-214.0)
0         (166.0,-92.0,-283.0,-214.0)
0         (166.0,-92.0,-282.0,-214.0)
0         (166.0,-92.0,-281.0,-214.0)
0         (166.0,-92.0,-281.0,-213.0)
0         (167.0,-92.0,-281.0,-213.0)
0         (167.0,-92.0,-281.0,-214.0)
0         (167.0,-93.0,-281.0,-214.0)
0         (166.0,-93.0,-281.0,-214.0)
0         (166.0,-94.0,-281.0,-214.0)
0         (167.0,-94.0,-281.0,-214.0)
0         (167.0,-94.0,-282.0,-214.0)
0         (167.0,-94.0,-283.0,-214.0)
0         (166.0,-94.0,-283.0,-214.0)
0         (166.0,-94.0,-283.0,-215.0)
0         (166.0,-94.0,-282.0,-215.0)
0         (166.0,-93.0,-282.0,-215.0)
0         (167.0,-93.0,-282.0,-215.0)
0         (167.0,-93.0,-283.0,-215.0)
0         (167.0,-94.0,-283.0,-215.0)
0         (167.0,-94.0,-282.0,-215.0)
0         (167.0,-94.0,-281.0,-215.0)
0         (166.0,-94.0,-281.0,-215.0)
0         (166.0,-93.0,-281.0,-215.0)
0         (166.0,-92.0,-281.0,-215.0)
0         (166.0,-92.0,-282.0,-215.0)
0         (166.0,-92.0,-283.0,-215.0)
0         (167.0,-92.0,-283.0,-215.0)
0         (167.0,-92.0,-282.0,-215.0)
0         (167.0,-92.0,-282.0,-214.0)
0         (167.0,-91.0,-282.0,-214.0)
0         (167.0,-91.0,-281.0,-214.0)
0         (167.0,-91.0,-280.0,-214.0)
0         (167.0,-91.0,-279.0,-214.0)
0         (167.0,-90.0,-279.0,-214.0)
0         (167.0,-90.0,-278.0,-214.0)
0         (167.0,-89.0,-278.0,-214.0)
0         (167.0,-89.0,-277.0,-214.0)
0         (167.0,-89.0,-277.0,-213.0)
0         (166.0,-89.0,-277.0,-213.0)
0         (166.0,-89.0,-277.0,-214.0)
0         (166.0,-88.0,-277.0,-214.0)
0         (166.0,-88.0,-277.0,-213.0)
0         (166.0,-88.0,-277.0,-212.0)
0         (166.0,-89.0,-277.0,-212.0)
0         (166.0,-89.0,-276.0,-212.0)
0         (166.0,-89.0,-276.0,-213.0)
0         (166.0,-88.0,-276.0,-213.0)
0         (166.0,-88.0,-276.0,-212.0)
0         (167.0,-88.0,-276.0,-212.0)
0         (167.0,-89.0,-276.0,-212.0)
0         (167.0,-89.0,-277.0,-212.0)
0         (167.0,-88.0,-277.0,-212.0)
0         (167.0,-88.0,-277.0,-213.0)
0         (167.0,-88.0,-276.0,-213.0)
0         (167.0,-89.0,-276.0,-213.0)
0         (167.0,-89.0,-276.0,-214.0)
0         (166.0,-89.0,-276.0,-214.0)
0         (166.0,-88.0,-276.0,-214.0)
0         (167.0,-88.0,-276.0,-214.0)
0         (167.0,-88.0,-277.0,-214.0)
0         (167.0,-88.0,-278.0,-214.0)
0         (167.0,-88.0,-278.0,-213.0)
0         (167.0,-89.0,-278.0,-213.0)
0         (166.0,-89.0,-278.0,-213.0)
0         (166.0,-89.0,-278.0,-214.0)
0         (166.0,-88.0,-278.0,-214.0)
0         (166.0,-88.0,-278.0,-213.0)
0         (166.0,-88.0,-278.0,-212.0)
0         (166.0,-89.0,-278.0,-212.0)
0         (167.0,-89.0,-278.0,-212.0)
0         (167.0,-88.0,-278.0,-212.0)
0         (167.0,-88.0,-278.0,-211.0)
0         (167.0,-88.0,-277.0,-211.0)
0         (166.0,-88.0,-277.0,-211.0)
0         (166.0,-88.0,-276.0,-211.0)
0         (166.0,-88.0,-275.0,-211.0)
0         (165.0,-88.0,-275.0,-211.0)
0         (165.0,-88.0,-274.0,-211.0)
0         (164.0,-88.0,-274.0,-211.0)
0         (164.0,-88.0,-273.0,-211.0)
0         (164.0,-88.0,-272.0,-211.0)
0         (164.0,-88.0,-272.0,-212.0)
0         (163.0,-88.0,-272.0,-212.0)
0         (163.0,-88.0,-272.0,-213.0)
0         (163.0,-89.0,-272.0,-213.0)
0         (163.0,-89.0,-271.0,-213.0)
0         (163.0,-88.0,-271.0,-213.0)
0         (163.0,-88.0,-271.0,-212.0)
0         (163.0,-89.0,-271.0,-212.0)
0         (163.0,-89.0,-272.0,-212.0)
0         (164.0,-89.0,-272.0,-212.0)
0         (164.0,-89.0,-272.0,-213.0)
0         (164.0,-89.0,-271.0,-213.0)
0         (164.0,-88.0,-271.0,-213.0)
0         (164.0,-88.0,-272.0,-213.0)
0         (164.0,-88.0,-272.0,-214.0)
0         (163.0,-88.0,-272.0,-214.0)
0         (163.0,-89.0,-272.0,-214.0)
0         (163.0,-89.0,-271.0,-214.0)
0         (163.0,-88.0,-271.0,-214.0)
0         (164.0,-88.0,-271.0,-214.0)
0         (164.0,-89.0,-271.0,-214.0)
0         (164.0,-89.0,-272.0,-214.0)
0         (164.0,-89.0,-273.0,-214.0)
0         (163.0,-89.0,-273.0,-214.0)
0         (163.0,-89.0,-273.0,-213.0)
0         (163.0,-88.0,-273.0,-213.0)
0         (163.0,-88.0,-273.0,-212.0)
0         (163.0,-89.0,-273.0,-212.0)
0         (164.0,-89.0,-273.0,-212.0)
0         (164.0,-89.0,-273.0,-213.0)
0         (164.0,-88.0,-273.0,-213.0)
0         (164.0,-88.0,-273.0,-212.0)
0         (164.0,-87.0,-273.0,-212.0)
0         (164.0,-87.0,-272.0,-212.0)
0         (164.0,-87.0,-271.0,-212.0)
0         (164.0,-88.0,-271.0,-212.0)
0         (164.0,-89.0,-271.0,-212.0)
0         (164.0,-89.0,-270.0,-212.0)
0         (163.0,-89.0,-270.0,-212.0)
0         (163.0,-88.0,-270.0,-212.0)
0         (163.0,-88.0,-270.0,-211.0)
0         (162.0,-88.0,-270.0,-211.0)
0         (162.0,-88.0,-269.0,-211.0)
0         (162.0,-88.0,-269.0,-210.0)
0         (162.0,-88.0,-268.0,-210.0)
0         (162.0,-88.0,-268.0,-209.0)
0         (163.0,-88.0,-268.0,-209.0)
0         (163.0,-88.0,-267.0,-209.0)
0         (163.0,-88.0,-267.0,-208.0)
0         (163.0,-88.0,-267.0,-207.0)
0         (163.0,-89.0,-267.0,-207.0)
0         (163.0,-89.0,-266.0,-207.0)
0         (163.0,-89.0,-266.0,-206.0)
0         (163.0,-88.0,-266.0,-206.0)
0         (163.0,-88.0,-266.0,-207.0)
0         (163.0,-88.0,-265.0,-207.0)
0         (163.0,-89.0,-265.0,-207.0)
0         (163.0,-89.0,-265.0,-206.0)
0         (163.0,-88.0,-265.0,-206.0)
0         (163.0,-88.0,-265.0,-205.0)
0         (163.0,-89.0,-265.0,-205.0)
0         (163.0,-89.0,-266.0,-205.0)
0         (163.0,-88.0,-266.0,-205.0)
0         (163.0,-88.0,-267.0,-205.0)
0         (163.0,-88.0,-267.0,-206.0)
0         (163.0,-89.0,-267.0,-206.0)
0         (164.0,-89.0,-267.0,-206.0)
0         (164.0,-89.0,-266.0,-206.0)
0         (164.0,-89.0,-266.0,-207.0)
0         (164.0,-88.0,-266.0,-207.0)
0         (164.0,-88.0,-266.0,-206.0)
0         (164.0,-88.0,-265.0,-206.0)
0         (164.0,-89.0,-265.0,-206.0)
0         (164.0,-89.0,-265.0,-207.0)
0         (164.0,-88.0,-265.0,-207.0)
0         (164.0,-88.0,-265.0,-208.0)
0         (163.0,-88.0,-265.0,-208.0)
0         (163.0,-88.0,-266.0,-208.0)
0         (163.0,-89.0,-266.0,-208.0)
0         (163.0,-89.0,-267.0,-208.0)
0         (164.0,-89.0,-267.0,-208.0)
0         (164.0,-89.0,-267.0,-207.0)
0         (164.0,-88.0,-267.0,-207.0)
0         (164.0,-88.0,-267.0,-206.0)
0         (164.0,-88.0,-267.0,-205.0)
0         (164.0,-88.0,-266.0,-205.0)
0         (164.0,-88.0,-265.0,-205.0)
0         (164.0,-88.0,-264.0,-205.0)
0         (164.0,-88.0,-264.0,-204.0)
0         (164.0,-88.0,-263.0,-204.0)
0         (164.0,-88.0,-263.0,-203.0)
0         (164.0,-88.0,-262.0,-203.0)
0         (164.0,-88.0,-262.0,-202.0)
0         (164.0,-88.0,-261.0,-202.0)
0         (163.0,-88.0,-261.0,-202.0)
0         (163.0,-88.0,-261.0,-201.0)
0         (163.0,-89.0,-261.0,-201.0)
0         (163.0,-89.0,-261.0,-200.0)
0         (163.0,-89.0,-260.0,-200.0)
0         (163.0,-89.0,-260.0,-201.0)
0         (163.0,-88.0,-260.0,-201.0)
0         (163.0,-88.0,-260.0,-200.0)
0         (163.0,-88.0,-261.0,-200.0)
0         (163.0,-88.0,-261.0,-199.0)
0         (163.0,-88.0,-260.0,-199.0)
0         (163.0,-89.0,-260.0,-199.0)
0         (163.0,-89.0,-261.0,-199.0)
0         (164.0,-89.0,-261.0,-199.0)
0         (164.0,-89.0,-261.0,-200.0)
0         (164.0,-89.0,-261.0,-201.0)
0         (164.0,-89.0,-260.0,-201.0)
0         (164.0,-89.0,-260.0,-200.0)
0         (164.0,-88.0,-260.0,-200.0)
0         (164.0,-88.0,-261.0,-200.0)
0         (164.0,-88.0,-261.0,-201.0)
0         (164.0,-88.0,-260.0,-201.0)
0         (164.0,-88.0,-260.0,-202.0)
0         (163.0,-88.0,-260.0,-202.0)
0         (163.0,-89.0,-260.0,-202.0)
0         (163.0,-89.0,-261.0,-202.0)
0         (164.0,-89.0,-261.0,-202.0)
0         (164.0,-89.0,-260.0,-202.0)
0         (164.0,-89.0,-259.0,-202.0)
0         (164.0,-89.0,-259.0,-201.0)
0         (163.0,-89.0,-259.0,-201.0)
0         (163.0,-89.0,-259.0,-200.0)
0         (163.0,-88.0,-259.0,-200.0)
0         (163.0,-88.0,-259.0,-199.0)
0         (163.0,-88.0,-259.0,-198.0)
0         (163.0,-88.0,-258.0,-198.0)
0         (163.0,-88.0,-258.0,-197.0)
0         (163.0,-88.0,-257.0,-197.0)
0         (163.0,-88.0,-257.0,-196.0)
0         (163.0,-88.0,-256.0,-196.0)
0         (163.0,-88.0,-256.0,-195.0)
0         (163.0,-89.0,-256.0,-195.0)
0         (163.0,-89.0,-255.0,-195.0)
0         (163.0,-89.0,-255.0,-194.0)
0         (163.0,-89.0,-256.0,-194.0)
0         (163.0,-88.0,-256.0,-194.0)
0         (163.0,-88.0,-255.0,-194.0)
0         (163.0,-88.0,-255.0,-195.0)
0         (163.0,-88.0,-254.0,-195.0)
0         (163.0,-88.0,-254.0,-194.0)
0         (163.0,-89.0,-254.0,-194.0)
0         (163.0,-89.0,-254.0,-193.0)
0         (163.0,-89.0,-255.0,-193.0)
0         (163.0,-88.0,-255.0,-193.0)
0         (163.0,-88.0,-254.0,-193.0)
0         (163.0,-88.0,-254.0,-192.0)
0         (163.0,-88.0,-253.0,-192.0)
0         (163.0,-88.0,-253.0,-191.0)
0         (163.0,-88.0,-252.0,-191.0)
0         (163.0,-88.0,-252.0,-190.0)
0         (163.0,-88.0,-251.0,-190.0)
0         (163.0,-88.0,-251.0,-189.0)
0         (163.0,-88.0,-250.0,-189.0)
0         (163.0,-89.0,-250.0,-189.0)
0         (163.0,-89.0,-250.0,-188.0)
0         (163.0,-89.0,-249.0,-188.0)
0         (163.0,-89.0,-249.0,-187.0)
0         (163.0,-89.0,-250.0,-187.0)
0         (163.0,-88.0,-250.0,-187.0)
0         (163.0,-88.0,-250.0,-188.0)
0         (163.0,-88.0,-249.0,-188.0)
0         (163.0,-88.0,-249.0,-187.0)
0         (164.0,-88.0,-249.0,-187.0)
0         (164.0,-89.0,-249.0,-187.0)
0         (164.0,-89.0,-249.0,-188.0)
0         (164.0,-89.0,-250.0,-188.0)
0         (164.0,-88.0,-250.0,-188.0)
0         (164.0,-88.0,-249.0,-188.0)
0         (164.0,-88.0,-249.0,-189.0)
0         (163.0,-88.0,-249.0,-189.0)
0         (163.0,-89.0,-249.0,-189.0)
0         (164.0,-89.0,-249.0,-189.0)
0         (164.0,-89.0,-250.0,-189.0)
0         (164.0,-88.0,-250.0,-189.0)
0         (164.0,-88.0,-251.0,-189.0)
0         (164.0,-88.0,-251.0,-188.0)
0         (163.0,-88.0,-251.0,-188.0)
0         (163.0,-89.0,-251.0,-188.0)
0         (163.0,-89.0,-251.0,-189.0)
0         (164.0,-89.0,-251.0,-189.0)
0         (164.0,-89.0,-251.0,-188.0)
0         (164.0,-89.0,-251.0,-187.0)
0         (163.0,-89.0,-251.0,-187.0)
0         (163.0,-88.0,-251.0,-187.0)
0         (164.0,-88.0,-251.0,-187.0)
0         (164.0,-88.0,-250.0,-187.0)
0         (164.0,-89.0,-250.0,-187.0)
0         (164.0,-90.0,-250.0,-187.0)
0         (163.0,-90.0,-250.0,-187.0)
0         (163.0,-90.0,-250.0,-188.0)
0         (163.0,-90.0,-249.0,-188.0)
0         (163.0,-90.0,-249.0,-187.0)
0         (163.0,-90.0,-249.0,-186.0)
0         (163.0,-89.0,-249.0,-186.0)
0         (163.0,-88.0,-249.0,-186.0)
0         (163.0,-88.0,-248.0,-186.0)
0         (162.0,-88.0,-248.0,-186.0)
0         (162.0,-88.0,-247.0,-186.0)
0         (161.0,-88.0,-247.0,-186.0)
0         (161.0,-88.0,-246.0,-186.0)
0         (161.0,-88.0,-245.0,-186.0)
0         (161.0,-88.0,-245.0,-187.0)
0         (160.0,-88.0,-245.0,-187.0)
0         (160.0,-88.0,-245.0,-188.0)
0         (160.0,-89.0,-245.0,-188.0)
0         (160.0,-89.0,-244.0,-188.0)
0         (160.0,-89.0,-244.0,-189.0)
0         (160.0,-89.0,-245.0,-189.0)
0         (160.0,-88.0,-245.0,-189.0)
0         (160.0,-88.0,-244.0,-189.0)
0         (160.0,-88.0,-244.0,-188.0)
0         (160.0,-88.0,-244.0,-187.0)
0         (160.0,-89.0,-244.0,-187.0)
0         (160.0,-89.0,-245.0,-187.0)
0         (160.0,-90.0,-245.0,-187.0)
0         (160.0,-90.0,-245.0,-188.0)
0         (160.0,-90.0,-244.0,-188.0)
0         (160.0,-90.0,-244.0,-187.0)
0         (160.0,-90.0,-243.0,-187.0)
0         (160.0,-89.0,-243.0,-187.0)
0         (160.0,-89.0,-243.0,-188.0)
0         (160.0,-88.0,-243.0,-188.0)
0         (160.0,-88.0,-243.0,-187.0)
0         (160.0,-88.0,-243.0,-186.0)
0         (159.0,-88.0,-243.0,-186.0)
0         (159.0,-88.0,-242.0,-186.0)
0         (159.0,-88.0,-242.0,-185.0)
0         (159.0,-88.0,-241.0,-185.0)
0         (159.0,-88.0,-241.0,-184.0)
0         (159.0,-88.0,-240.0,-184.0)
0         (160.0,-88.0,-240.0,-184.0)
0         (160.0,-88.0,-240.0,-183.0)
0         (160.0,-88.0,-240.0,-182.0)
0         (160.0,-88.0,-239.0,-182.0)
0         (160.0,-89.0,-239.0,-182.0)
0         (160.0,-89.0,-239.0,-181.0)
0         (160.0,-88.0,-239.0,-181.0)
0         (160.0,-88.0,-238.0,-181.0)
0         (160.0,-89.0,-238.0,-181.0)
0         (160.0,-89.0,-238.0,-182.0)
0         (160.0,-88.0,-238.0,-182.0)
0         (160.0,-88.0,-238.0,-183.0)
0         (160.0,-88.0,-239.0,-183.0)
0         (160.0,-89.0,-239.0,-183.0)
0         (160.0,-89.0,-238.0,-183.0)
0         (160.0,-90.0,-238.0,-183.0)
