# run = 21
occ          S   
0         (-249.0,-479.0,470.0,448.0)
0         (-249.0,-479.0,469.0,448.0)
0         (-249.0,-479.0,469.0,447.0)
0         (-249.0,-479.0,468.0,447.0)
0         (-248.0,-479.0,468.0,447.0)
0         (-248.0,-479.0,468.0,446.0)
0         (-248.0,-479.0,467.0,446.0)
0         (-248.0,-479.0,467.0,445.0)
0         (-248.0,-479.0,467.0,444.0)
0         (-248.0,-479.0,466.0,444.0)
0         (-248.0,-478.0,466.0,444.0)
0         (-248.0,-478.0,466.0,443.0)
0         (-248.0,-477.0,466.0,443.0)
0         (-248.0,-477.0,466.0,442.0)
0         (-248.0,-476.0,466.0,442.0)
0         (-248.0,-476.0,466.0,441.0)
0         (-248.0,-476.0,466.0,440.0)
0         (-248.0,-475.0,466.0,440.0)
0         (-248.0,-475.0,466.0,439.0)
0         (-248.0,-475.0,467.0,439.0)
0         (-248.0,-475.0,467.0,438.0)
0         (-248.0,-474.0,467.0,438.0)
0         (-248.0,-474.0,466.0,438.0)
0         (-248.0,-474.0,466.0,437.0)
0         (-248.0,-473.0,466.0,437.0)
0         (-248.0,-473.0,465.0,437.0)
0         (-248.0,-472.0,465.0,437.0)
0         (-248.0,-472.0,464.0,437.0)
0         (-248.0,-472.0,463.0,437.0)
0         (-248.0,-471.0,463.0,437.0)
0         (-248.0,-471.0,462.0,437.0)
0         (-248.0,-471.0,462.0,438.0)
0         (-248.0,-470.0,462.0,438.0)
0         (-248.0,-470.0,461.0,438.0)
0         (-248.0,-469.0,461.0,438.0)
0         (-248.0,-469.0,460.0,438.0)
0         (-248.0,-469.0,460.0,437.0)
0         (-248.0,-468.0,460.0,437.0)
0         (-248.0,-468.0,459.0,437.0)
0         (-248.0,-467.0,459.0,437.0)
0         (-248.0,-467.0,458.0,437.0)
0         (-248.0,-467.0,457.0,437.0)
0         (-248.0,-466.0,457.0,437.0)
0         (-248.0,-466.0,456.0,437.0)
0         (-248.0,-465.0,456.0,437.0)
0         (-248.0,-465.0,455.0,437.0)
0         (-248.0,-464.0,455.0,437.0)
0         (-248.0,-464.0,455.0,436.0)
0         (-248.0,-463.0,455.0,436.0)
0         (-248.0,-463.0,455.0,435.0)
0         (-248.0,-462.0,455.0,435.0)
0         (-248.0,-462.0,455.0,434.0)
0         (-248.0,-462.0,455.0,433.0)
0         (-248.0,-462.0,456.0,433.0)
0         (-248.0,-461.0,456.0,433.0)
0         (-248.0,-461.0,456.0,432.0)
0         (-248.0,-461.0,455.0,432.0)
0         (-248.0,-461.0,455.0,431.0)
0         (-248.0,-460.0,455.0,431.0)
0         (-248.0,-460.0,454.0,431.0)
0         (-248.0,-459.0,454.0,431.0)
0         (-248.0,-459.0,453.0,431.0)
0         (-248.0,-458.0,453.0,431.0)
0         (-248.0,-458.0,452.0,431.0)
0         (-248.0,-458.0,451.0,431.0)
0         (-248.0,-457.0,451.0,431.0)
0         (-248.0,-457.0,451.0,432.0)
0         (-248.0,-457.0,450.0,432.0)
0         (-248.0,-456.0,450.0,432.0)
0         (-248.0,-456.0,450.0,431.0)
0         (-248.0,-456.0,449.0,431.0)
0         (-248.0,-455.0,449.0,431.0)
0         (-248.0,-455.0,448.0,431.0)
0         (-248.0,-454.0,448.0,431.0)
0         (-248.0,-454.0,447.0,431.0)
0         (-248.0,-453.0,447.0,431.0)
0         (-248.0,-453.0,446.0,431.0)
0         (-248.0,-453.0,446.0,432.0)
0         (-248.0,-453.0,445.0,432.0)
0         (-248.0,-452.0,445.0,432.0)
0         (-248.0,-452.0,445.0,431.0)
0         (-248.0,-452.0,444.0,431.0)
0         (-248.0,-451.0,444.0,431.0)
0         (-248.0,-451.0,443.0,431.0)
0         (-248.0,-450.0,443.0,431.0)
0         (-248.0,-450.0,442.0,431.0)
0         (-248.0,-449.0,442.0,431.0)
0         (-248.0,-449.0,441.0,431.0)
0         (-248.0,-449.0,440.0,431.0)
0         (-248.0,-448.0,440.0,431.0)
0         (-248.0,-448.0,439.0,431.0)
0         (-248.0,-447.0,439.0,431.0)
0         (-248.0,-447.0,438.0,431.0)
0         (-248.0,-446.0,438.0,431.0)
0         (-248.0,-446.0,437.0,431.0)
0         (-248.0,-445.0,437.0,431.0)
0         (-248.0,-445.0,436.0,431.0)
0         (-248.0,-444.0,436.0,431.0)
0         (-248.0,-444.0,435.0,431.0)
0         (-248.0,-444.0,435.0,432.0)
0         (-248.0,-444.0,434.0,432.0)
0         (-248.0,-443.0,434.0,432.0)
0         (-248.0,-443.0,434.0,431.0)
0         (-248.0,-443.0,433.0,431.0)
0         (-248.0,-442.0,433.0,431.0)
0         (-248.0,-442.0,432.0,431.0)
0         (-248.0,-441.0,432.0,431.0)
0         (-248.0,-441.0,431.0,431.0)
0         (-248.0,-440.0,431.0,431.0)
0         (-248.0,-440.0,430.0,431.0)
0         (-248.0,-440.0,430.0,432.0)
0         (-248.0,-440.0,429.0,432.0)
0         (-248.0,-439.0,429.0,432.0)
0         (-248.0,-439.0,428.0,432.0)
0         (-248.0,-439.0,428.0,431.0)
0         (-248.0,-438.0,428.0,431.0)
0         (-248.0,-438.0,427.0,431.0)
0         (-248.0,-437.0,427.0,431.0)
0         (-248.0,-437.0,426.0,431.0)
0         (-248.0,-436.0,426.0,431.0)
0         (-248.0,-436.0,425.0,431.0)
0         (-248.0,-435.0,425.0,431.0)
0         (-248.0,-435.0,424.0,431.0)
0         (-248.0,-435.0,424.0,432.0)
0         (-248.0,-435.0,423.0,432.0)
0         (-248.0,-434.0,423.0,432.0)
0         (-248.0,-434.0,423.0,431.0)
0         (-248.0,-434.0,422.0,431.0)
0         (-248.0,-433.0,422.0,431.0)
0         (-248.0,-433.0,421.0,431.0)
0         (-248.0,-432.0,421.0,431.0)
0         (-248.0,-432.0,420.0,431.0)
0         (-248.0,-431.0,420.0,431.0)
0         (-248.0,-431.0,419.0,431.0)
0         (-248.0,-431.0,419.0,432.0)
0         (-248.0,-431.0,418.0,432.0)
0         (-248.0,-430.0,418.0,432.0)
0         (-248.0,-430.0,417.0,432.0)
0         (-248.0,-430.0,417.0,431.0)
0         (-248.0,-429.0,417.0,431.0)
0         (-248.0,-429.0,417.0,430.0)
0         (-248.0,-428.0,417.0,430.0)
0         (-248.0,-428.0,417.0,429.0)
0         (-248.0,-427.0,417.0,429.0)
0         (-248.0,-427.0,417.0,428.0)
0         (-248.0,-427.0,417.0,427.0)
0         (-248.0,-426.0,417.0,427.0)
0         (-248.0,-426.0,418.0,427.0)
0         (-248.0,-426.0,418.0,426.0)
0         (-248.0,-426.0,418.0,425.0)
0         (-248.0,-425.0,418.0,425.0)
0         (-248.0,-425.0,417.0,425.0)
0         (-248.0,-425.0,417.0,424.0)
0         (-248.0,-424.0,417.0,424.0)
0         (-248.0,-424.0,417.0,423.0)
0         (-248.0,-423.0,417.0,423.0)
0         (-248.0,-423.0,417.0,422.0)
0         (-248.0,-422.0,417.0,422.0)
0         (-248.0,-422.0,417.0,421.0)
0         (-248.0,-422.0,418.0,421.0)
0         (-248.0,-422.0,418.0,420.0)
0         (-248.0,-421.0,418.0,420.0)
0         (-248.0,-421.0,418.0,419.0)
0         (-248.0,-421.0,417.0,419.0)
0         (-248.0,-421.0,417.0,418.0)
0         (-248.0,-420.0,417.0,418.0)
0         (-248.0,-420.0,416.0,418.0)
0         (-248.0,-419.0,416.0,418.0)
0         (-248.0,-419.0,415.0,418.0)
0         (-248.0,-418.0,415.0,418.0)
0         (-248.0,-418.0,414.0,418.0)
0         (-248.0,-418.0,414.0,419.0)
0         (-248.0,-418.0,413.0,419.0)
0         (-248.0,-417.0,413.0,419.0)
0         (-248.0,-417.0,413.0,420.0)
0         (-248.0,-417.0,412.0,420.0)
0         (-248.0,-417.0,412.0,419.0)
0         (-248.0,-416.0,412.0,419.0)
0         (-248.0,-416.0,412.0,418.0)
0         (-248.0,-416.0,411.0,418.0)
0         (-248.0,-415.0,411.0,418.0)
0         (-248.0,-415.0,411.0,417.0)
0         (-248.0,-414.0,411.0,417.0)
0         (-248.0,-414.0,411.0,416.0)
0         (-248.0,-414.0,411.0,415.0)
0         (-248.0,-414.0,412.0,415.0)
0         (-248.0,-413.0,412.0,415.0)
0         (-248.0,-413.0,412.0,414.0)
0         (-248.0,-413.0,413.0,414.0)
0         (-248.0,-413.0,413.0,413.0)
0         (-248.0,-412.0,413.0,413.0)
0         (-248.0,-412.0,412.0,413.0)
0         (-248.0,-412.0,412.0,412.0)
0         (-248.0,-412.0,411.0,412.0)
0         (-248.0,-411.0,411.0,412.0)
0         (-248.0,-411.0,411.0,411.0)
0         (-248.0,-410.0,411.0,411.0)
0         (-248.0,-410.0,411.0,410.0)
0         (-248.0,-409.0,411.0,410.0)
0         (-248.0,-409.0,411.0,409.0)
0         (-248.0,-409.0,412.0,409.0)
0         (-248.0,-409.0,412.0,408.0)
0         (-248.0,-408.0,412.0,408.0)
0         (-248.0,-408.0,412.0,407.0)
0         (-248.0,-408.0,413.0,407.0)
0         (-248.0,-408.0,413.0,408.0)
0         (-248.0,-409.0,413.0,408.0)
0         (-248.0,-409.0,413.0,407.0)
0         (-248.0,-409.0,412.0,407.0)
0         (-248.0,-409.0,412.0,406.0)
0         (-248.0,-408.0,412.0,406.0)
0         (-248.0,-407.0,412.0,406.0)
0         (-248.0,-407.0,411.0,406.0)
0         (-248.0,-407.0,411.0,405.0)
0         (-248.0,-407.0,410.0,405.0)
0         (-248.0,-407.0,410.0,404.0)
0         (-248.0,-407.0,409.0,404.0)
0         (-248.0,-407.0,409.0,403.0)
0         (-248.0,-407.0,408.0,403.0)
0         (-248.0,-408.0,408.0,403.0)
0         (-248.0,-408.0,408.0,402.0)
0         (-248.0,-408.0,408.0,401.0)
0         (-248.0,-408.0,407.0,401.0)
0         (-248.0,-408.0,407.0,400.0)
0         (-248.0,-408.0,406.0,400.0)
0         (-248.0,-407.0,406.0,400.0)
0         (-248.0,-407.0,406.0,399.0)
0         (-248.0,-406.0,406.0,399.0)
0         (-248.0,-406.0,406.0,398.0)
0         (-248.0,-405.0,406.0,398.0)
0         (-248.0,-405.0,406.0,397.0)
0         (-248.0,-405.0,406.0,396.0)
0         (-248.0,-404.0,406.0,396.0)
0         (-248.0,-404.0,407.0,396.0)
0         (-248.0,-404.0,407.0,395.0)
0         (-248.0,-404.0,408.0,395.0)
0         (-248.0,-404.0,408.0,394.0)
0         (-248.0,-404.0,407.0,394.0)
0         (-248.0,-403.0,407.0,394.0)
0         (-248.0,-403.0,406.0,394.0)
0         (-248.0,-403.0,406.0,393.0)
0         (-248.0,-402.0,406.0,393.0)
0         (-248.0,-402.0,405.0,393.0)
0         (-248.0,-401.0,405.0,393.0)
0         (-248.0,-401.0,404.0,393.0)
0         (-248.0,-400.0,404.0,393.0)
0         (-248.0,-400.0,403.0,393.0)
0         (-248.0,-400.0,403.0,394.0)
0         (-248.0,-400.0,402.0,394.0)
0         (-248.0,-399.0,402.0,394.0)
0         (-248.0,-399.0,402.0,395.0)
0         (-248.0,-400.0,402.0,395.0)
0         (-248.0,-400.0,401.0,395.0)
0         (-248.0,-399.0,401.0,395.0)
0         (-248.0,-399.0,401.0,394.0)
0         (-248.0,-398.0,401.0,394.0)
0         (-248.0,-398.0,401.0,393.0)
0         (-248.0,-398.0,400.0,393.0)
0         (-248.0,-397.0,400.0,393.0)
0         (-248.0,-397.0,399.0,393.0)
0         (-248.0,-396.0,399.0,393.0)
0         (-248.0,-396.0,398.0,393.0)
0         (-248.0,-396.0,397.0,393.0)
0         (-248.0,-396.0,397.0,394.0)
0         (-248.0,-395.0,397.0,394.0)
0         (-248.0,-395.0,397.0,395.0)
0         (-248.0,-395.0,396.0,395.0)
0         (-248.0,-395.0,396.0,394.0)
0         (-248.0,-394.0,396.0,394.0)
0         (-248.0,-394.0,395.0,394.0)
0         (-248.0,-394.0,395.0,393.0)
0         (-248.0,-393.0,395.0,393.0)
0         (-248.0,-393.0,395.0,392.0)
0         (-248.0,-392.0,395.0,392.0)
0         (-248.0,-392.0,395.0,391.0)
0         (-248.0,-391.0,395.0,391.0)
0         (-248.0,-391.0,395.0,390.0)
0         (-248.0,-391.0,396.0,390.0)
0         (-248.0,-391.0,396.0,389.0)
0         (-248.0,-390.0,396.0,389.0)
0         (-248.0,-390.0,396.0,388.0)
0         (-248.0,-390.0,396.0,387.0)
0         (-248.0,-390.0,395.0,387.0)
0         (-248.0,-389.0,395.0,387.0)
0         (-248.0,-389.0,395.0,386.0)
0         (-248.0,-388.0,395.0,386.0)
0         (-248.0,-388.0,395.0,385.0)
0         (-248.0,-387.0,395.0,385.0)
0         (-248.0,-387.0,395.0,384.0)
0         (-248.0,-387.0,396.0,384.0)
0         (-248.0,-387.0,396.0,383.0)
0         (-248.0,-386.0,396.0,383.0)
0         (-248.0,-386.0,396.0,382.0)
0         (-248.0,-386.0,397.0,382.0)
0         (-248.0,-386.0,397.0,383.0)
0         (-248.0,-387.0,397.0,383.0)
0         (-248.0,-387.0,397.0,382.0)
0         (-248.0,-387.0,396.0,382.0)
0         (-248.0,-387.0,396.0,381.0)
0         (-248.0,-386.0,396.0,381.0)
0         (-248.0,-385.0,396.0,381.0)
0         (-248.0,-385.0,395.0,381.0)
0         (-248.0,-385.0,395.0,380.0)
0         (-248.0,-385.0,394.0,380.0)
0         (-248.0,-385.0,394.0,379.0)
0         (-248.0,-385.0,393.0,379.0)
0         (-248.0,-385.0,393.0,378.0)
0         (-248.0,-385.0,392.0,378.0)
0         (-248.0,-385.0,392.0,377.0)
0         (-248.0,-386.0,392.0,377.0)
0         (-248.0,-386.0,391.0,377.0)
0         (-248.0,-386.0,391.0,376.0)
0         (-248.0,-386.0,391.0,375.0)
0         (-248.0,-386.0,390.0,375.0)
0         (-248.0,-385.0,390.0,375.0)
0         (-248.0,-385.0,390.0,374.0)
0         (-248.0,-385.0,389.0,374.0)
0         (-248.0,-385.0,389.0,373.0)
0         (-248.0,-385.0,388.0,373.0)
0         (-248.0,-385.0,388.0,372.0)
0         (-248.0,-385.0,387.0,372.0)
0         (-248.0,-385.0,387.0,371.0)
0         (-248.0,-386.0,387.0,371.0)
0         (-248.0,-386.0,386.0,371.0)
0         (-248.0,-386.0,386.0,370.0)
0         (-248.0,-386.0,385.0,370.0)
0         (-248.0,-386.0,385.0,369.0)
0         (-248.0,-385.0,385.0,369.0)
0         (-248.0,-385.0,384.0,369.0)
0         (-248.0,-385.0,384.0,368.0)
0         (-248.0,-384.0,384.0,368.0)
0         (-248.0,-384.0,383.0,368.0)
0         (-248.0,-383.0,383.0,368.0)
0         (-248.0,-383.0,382.0,368.0)
0         (-248.0,-382.0,382.0,368.0)
0         (-248.0,-382.0,381.0,368.0)
0         (-248.0,-382.0,381.0,369.0)
0         (-248.0,-382.0,380.0,369.0)
0         (-248.0,-382.0,380.0,370.0)
0         (-248.0,-381.0,380.0,370.0)
0         (-248.0,-381.0,380.0,369.0)
0         (-248.0,-381.0,379.0,369.0)
0         (-248.0,-381.0,379.0,368.0)
0         (-248.0,-380.0,379.0,368.0)
0         (-248.0,-380.0,378.0,368.0)
0         (-248.0,-379.0,378.0,368.0)
0         (-248.0,-379.0,377.0,368.0)
0         (-248.0,-378.0,377.0,368.0)
0         (-248.0,-378.0,376.0,368.0)
0         (-248.0,-378.0,376.0,369.0)
0         (-248.0,-378.0,375.0,369.0)
0         (-248.0,-377.0,375.0,369.0)
0         (-248.0,-377.0,375.0,370.0)
0         (-248.0,-377.0,374.0,370.0)
0         (-248.0,-377.0,374.0,369.0)
0         (-248.0,-376.0,374.0,369.0)
0         (-248.0,-376.0,374.0,368.0)
0         (-248.0,-376.0,373.0,368.0)
0         (-248.0,-375.0,373.0,368.0)
0         (-248.0,-375.0,372.0,368.0)
0         (-248.0,-374.0,372.0,368.0)
0         (-248.0,-374.0,371.0,368.0)
0         (-248.0,-374.0,370.0,368.0)
0         (-248.0,-373.0,370.0,368.0)
0         (-248.0,-373.0,370.0,369.0)
0         (-248.0,-373.0,370.0,370.0)
0         (-248.0,-373.0,369.0,370.0)
0         (-248.0,-373.0,369.0,369.0)
0         (-248.0,-372.0,369.0,369.0)
0         (-248.0,-372.0,368.0,369.0)
0         (-248.0,-372.0,368.0,368.0)
0         (-248.0,-371.0,368.0,368.0)
0         (-248.0,-371.0,367.0,368.0)
0         (-248.0,-370.0,367.0,368.0)
0         (-248.0,-370.0,366.0,368.0)
0         (-248.0,-369.0,366.0,368.0)
0         (-248.0,-369.0,365.0,368.0)
0         (-248.0,-369.0,365.0,369.0)
0         (-248.0,-369.0,364.0,369.0)
0         (-248.0,-368.0,364.0,369.0)
0         (-248.0,-368.0,364.0,370.0)
0         (-248.0,-369.0,364.0,370.0)
0         (-248.0,-369.0,363.0,370.0)
0         (-248.0,-368.0,363.0,370.0)
0         (-248.0,-368.0,363.0,369.0)
0         (-248.0,-367.0,363.0,369.0)
0         (-248.0,-367.0,363.0,368.0)
0         (-248.0,-367.0,362.0,368.0)
0         (-248.0,-366.0,362.0,368.0)
0         (-248.0,-366.0,361.0,368.0)
0         (-248.0,-365.0,361.0,368.0)
0         (-248.0,-365.0,360.0,368.0)
0         (-248.0,-365.0,359.0,368.0)
0         (-248.0,-364.0,359.0,368.0)
0         (-248.0,-364.0,359.0,369.0)
0         (-248.0,-364.0,359.0,370.0)
0         (-248.0,-364.0,358.0,370.0)
0         (-248.0,-364.0,358.0,369.0)
0         (-248.0,-363.0,358.0,369.0)
0         (-248.0,-363.0,357.0,369.0)
0         (-248.0,-363.0,357.0,368.0)
0         (-248.0,-362.0,357.0,368.0)
0         (-248.0,-362.0,357.0,367.0)
0         (-248.0,-361.0,357.0,367.0)
0         (-248.0,-361.0,357.0,366.0)
0         (-248.0,-360.0,357.0,366.0)
0         (-248.0,-360.0,357.0,365.0)
0         (-248.0,-360.0,358.0,365.0)
0         (-248.0,-360.0,358.0,364.0)
0         (-248.0,-359.0,358.0,364.0)
0         (-248.0,-359.0,358.0,363.0)
0         (-248.0,-359.0,359.0,363.0)
0         (-248.0,-359.0,359.0,364.0)
0         (-248.0,-360.0,359.0,364.0)
0         (-248.0,-360.0,359.0,363.0)
0         (-248.0,-360.0,358.0,363.0)
0         (-248.0,-360.0,358.0,362.0)
0         (-248.0,-359.0,358.0,362.0)
0         (-248.0,-359.0,357.0,362.0)
0         (-248.0,-358.0,357.0,362.0)
0         (-248.0,-358.0,357.0,361.0)
0         (-248.0,-357.0,357.0,361.0)
0         (-248.0,-357.0,357.0,360.0)
0         (-248.0,-356.0,357.0,360.0)
0         (-248.0,-356.0,357.0,359.0)
0         (-248.0,-356.0,357.0,358.0)
0         (-248.0,-356.0,358.0,358.0)
0         (-248.0,-355.0,358.0,358.0)
0         (-248.0,-355.0,358.0,357.0)
0         (-248.0,-355.0,359.0,357.0)
0         (-248.0,-355.0,359.0,358.0)
0         (-248.0,-356.0,359.0,358.0)
0         (-248.0,-356.0,359.0,357.0)
0         (-248.0,-356.0,358.0,357.0)
0         (-248.0,-356.0,358.0,356.0)
0         (-248.0,-355.0,358.0,356.0)
0         (-248.0,-354.0,358.0,356.0)
0         (-248.0,-354.0,357.0,356.0)
0         (-248.0,-354.0,357.0,355.0)
0         (-248.0,-354.0,356.0,355.0)
0         (-248.0,-354.0,356.0,354.0)
0         (-248.0,-354.0,355.0,354.0)
0         (-248.0,-354.0,355.0,353.0)
0         (-248.0,-354.0,354.0,353.0)
0         (-248.0,-354.0,354.0,352.0)
0         (-248.0,-355.0,354.0,352.0)
0         (-248.0,-355.0,353.0,352.0)
0         (-248.0,-355.0,353.0,351.0)
0         (-248.0,-355.0,353.0,350.0)
0         (-248.0,-355.0,352.0,350.0)
0         (-248.0,-354.0,352.0,350.0)
0         (-248.0,-354.0,352.0,349.0)
0         (-248.0,-354.0,351.0,349.0)
0         (-248.0,-353.0,351.0,349.0)
0         (-248.0,-353.0,350.0,349.0)
0         (-248.0,-352.0,350.0,349.0)
0         (-248.0,-352.0,349.0,349.0)
0         (-248.0,-351.0,349.0,349.0)
0         (-248.0,-351.0,349.0,350.0)
0         (-248.0,-351.0,348.0,350.0)
0         (-248.0,-351.0,348.0,351.0)
0         (-248.0,-350.0,348.0,351.0)
0         (-248.0,-350.0,347.0,351.0)
0         (-248.0,-350.0,347.0,350.0)
0         (-248.0,-350.0,346.0,350.0)
0         (-248.0,-350.0,346.0,349.0)
0         (-248.0,-349.0,346.0,349.0)
0         (-248.0,-349.0,345.0,349.0)
0         (-248.0,-348.0,345.0,349.0)
0         (-248.0,-348.0,344.0,349.0)
0         (-248.0,-347.0,344.0,349.0)
0         (-248.0,-347.0,343.0,349.0)
0         (-248.0,-347.0,343.0,350.0)
0         (-248.0,-346.0,343.0,350.0)
0         (-248.0,-346.0,342.0,350.0)
0         (-248.0,-346.0,342.0,351.0)
0         (-248.0,-346.0,343.0,351.0)
0         (-248.0,-346.0,343.0,352.0)
0         (-248.0,-346.0,342.0,352.0)
0         (-248.0,-347.0,342.0,352.0)
0         (-248.0,-347.0,342.0,351.0)
0         (-248.0,-347.0,342.0,350.0)
0         (-248.0,-347.0,341.0,350.0)
0         (-248.0,-346.0,341.0,350.0)
0         (-248.0,-345.0,341.0,350.0)
0         (-248.0,-345.0,341.0,349.0)
0         (-248.0,-345.0,340.0,349.0)
0         (-248.0,-345.0,340.0,348.0)
0         (-248.0,-345.0,339.0,348.0)
0         (-248.0,-345.0,339.0,347.0)
0         (-248.0,-345.0,338.0,347.0)
0         (-248.0,-345.0,338.0,346.0)
0         (-248.0,-346.0,338.0,346.0)
0         (-248.0,-346.0,337.0,346.0)
0         (-248.0,-346.0,337.0,345.0)
0         (-248.0,-346.0,337.0,344.0)
0         (-248.0,-346.0,336.0,344.0)
0         (-248.0,-346.0,336.0,345.0)
0         (-248.0,-345.0,336.0,345.0)
0         (-248.0,-345.0,336.0,344.0)
0         (-248.0,-345.0,336.0,343.0)
0         (-248.0,-345.0,335.0,343.0)
0         (-248.0,-344.0,335.0,343.0)
0         (-248.0,-344.0,334.0,343.0)
0         (-248.0,-343.0,334.0,343.0)
0         (-248.0,-343.0,333.0,343.0)
0         (-248.0,-342.0,333.0,343.0)
0         (-248.0,-342.0,332.0,343.0)
0         (-248.0,-342.0,332.0,344.0)
0         (-248.0,-342.0,332.0,345.0)
0         (-248.0,-342.0,331.0,345.0)
0         (-248.0,-342.0,331.0,344.0)
0         (-248.0,-341.0,331.0,344.0)
0         (-248.0,-341.0,331.0,345.0)
0         (-248.0,-341.0,332.0,345.0)
0         (-248.0,-341.0,332.0,344.0)
0         (-248.0,-341.0,332.0,343.0)
0         (-248.0,-341.0,331.0,343.0)
0         (-248.0,-341.0,330.0,343.0)
0         (-248.0,-340.0,330.0,343.0)
0         (-248.0,-340.0,330.0,342.0)
0         (-248.0,-339.0,330.0,342.0)
0         (-248.0,-339.0,330.0,341.0)
0         (-248.0,-338.0,330.0,341.0)
0         (-248.0,-338.0,330.0,340.0)
0         (-248.0,-338.0,331.0,340.0)
0         (-248.0,-338.0,331.0,339.0)
0         (-248.0,-337.0,331.0,339.0)
0         (-248.0,-337.0,331.0,338.0)
0         (-248.0,-337.0,332.0,338.0)
0         (-248.0,-337.0,332.0,339.0)
0         (-248.0,-338.0,332.0,339.0)
0         (-248.0,-338.0,332.0,338.0)
0         (-248.0,-338.0,331.0,338.0)
0         (-248.0,-338.0,331.0,337.0)
0         (-248.0,-337.0,331.0,337.0)
0         (-248.0,-337.0,330.0,337.0)
0         (-248.0,-336.0,330.0,337.0)
0         (-248.0,-336.0,330.0,336.0)
0         (-248.0,-335.0,330.0,336.0)
0         (-248.0,-335.0,330.0,335.0)
0         (-248.0,-334.0,330.0,335.0)
0         (-248.0,-334.0,330.0,334.0)
0         (-248.0,-333.0,330.0,334.0)
0         (-248.0,-333.0,330.0,333.0)
0         (-248.0,-333.0,331.0,333.0)
0         (-248.0,-333.0,331.0,332.0)
0         (-248.0,-333.0,332.0,332.0)
0         (-248.0,-333.0,332.0,333.0)
0         (-248.0,-332.0,332.0,333.0)
0         (-248.0,-332.0,332.0,332.0)
0         (-248.0,-332.0,331.0,332.0)
0         (-248.0,-332.0,331.0,331.0)
0         (-248.0,-332.0,330.0,331.0)
0         (-248.0,-332.0,330.0,330.0)
0         (-248.0,-331.0,330.0,330.0)
0         (-248.0,-331.0,329.0,330.0)
0         (-248.0,-330.0,329.0,330.0)
0         (-248.0,-330.0,328.0,330.0)
0         (-248.0,-329.0,328.0,330.0)
0         (-248.0,-329.0,327.0,330.0)
0         (-248.0,-329.0,327.0,331.0)
0         (-248.0,-329.0,326.0,331.0)
0         (-248.0,-329.0,326.0,332.0)
0         (-248.0,-328.0,326.0,332.0)
0         (-248.0,-328.0,325.0,332.0)
0         (-248.0,-328.0,325.0,331.0)
0         (-248.0,-327.0,325.0,331.0)
0         (-248.0,-327.0,324.0,331.0)
0         (-248.0,-327.0,324.0,330.0)
0         (-248.0,-326.0,324.0,330.0)
0         (-248.0,-326.0,324.0,329.0)
0         (-248.0,-325.0,324.0,329.0)
0         (-248.0,-325.0,324.0,328.0)
0         (-248.0,-325.0,325.0,328.0)
0         (-248.0,-325.0,325.0,327.0)
0         (-248.0,-324.0,325.0,327.0)
0         (-248.0,-324.0,325.0,326.0)
0         (-248.0,-324.0,326.0,326.0)
0         (-248.0,-324.0,326.0,325.0)
0         (-248.0,-324.0,325.0,325.0)
0         (-248.0,-323.0,325.0,325.0)
0         (-248.0,-323.0,325.0,324.0)
0         (-248.0,-323.0,324.0,324.0)
0         (-248.0,-322.0,324.0,324.0)
0         (-248.0,-322.0,323.0,324.0)
0         (-248.0,-321.0,323.0,324.0)
0         (-248.0,-321.0,322.0,324.0)
0         (-248.0,-320.0,322.0,324.0)
0         (-248.0,-320.0,322.0,325.0)
0         (-248.0,-320.0,321.0,325.0)
0         (-248.0,-320.0,321.0,326.0)
0         (-248.0,-320.0,320.0,326.0)
0         (-248.0,-319.0,320.0,326.0)
0         (-248.0,-319.0,320.0,325.0)
0         (-248.0,-320.0,320.0,325.0)
0         (-248.0,-320.0,319.0,325.0)
0         (-248.0,-319.0,319.0,325.0)
0         (-248.0,-319.0,319.0,324.0)
0         (-248.0,-318.0,319.0,324.0)
0         (-248.0,-318.0,318.0,324.0)
0         (-248.0,-317.0,318.0,324.0)
0         (-248.0,-317.0,317.0,324.0)
0         (-248.0,-316.0,317.0,324.0)
0         (-248.0,-316.0,316.0,324.0)
0         (-248.0,-316.0,316.0,325.0)
0         (-248.0,-315.0,316.0,325.0)
0         (-248.0,-315.0,315.0,325.0)
0         (-248.0,-315.0,315.0,326.0)
0         (-248.0,-315.0,315.0,327.0)
0         (-248.0,-315.0,316.0,327.0)
0         (-248.0,-315.0,316.0,326.0)
0         (-248.0,-316.0,316.0,326.0)
0         (-248.0,-316.0,315.0,326.0)
0         (-248.0,-316.0,315.0,325.0)
0         (-248.0,-316.0,314.0,325.0)
0         (-248.0,-315.0,314.0,325.0)
0         (-248.0,-315.0,314.0,326.0)
0         (-248.0,-314.0,314.0,326.0)
0         (-248.0,-314.0,314.0,325.0)
0         (-248.0,-314.0,314.0,324.0)
0         (-248.0,-314.0,313.0,324.0)
0         (-248.0,-313.0,313.0,324.0)
0         (-248.0,-313.0,312.0,324.0)
0         (-248.0,-312.0,312.0,324.0)
0         (-248.0,-312.0,311.0,324.0)
0         (-248.0,-311.0,311.0,324.0)
0         (-248.0,-311.0,311.0,325.0)
0         (-248.0,-311.0,310.0,325.0)
0         (-248.0,-311.0,310.0,326.0)
0         (-248.0,-311.0,309.0,326.0)
0         (-248.0,-310.0,309.0,326.0)
0         (-248.0,-310.0,309.0,325.0)
0         (-248.0,-311.0,309.0,325.0)
0         (-248.0,-311.0,308.0,325.0)
0         (-248.0,-310.0,308.0,325.0)
0         (-248.0,-310.0,308.0,324.0)
0         (-248.0,-309.0,308.0,324.0)
0         (-248.0,-309.0,308.0,323.0)
0         (-248.0,-308.0,308.0,323.0)
0         (-248.0,-308.0,308.0,322.0)
0         (-248.0,-307.0,308.0,322.0)
0         (-248.0,-307.0,308.0,321.0)
0         (-248.0,-307.0,309.0,321.0)
0         (-248.0,-307.0,309.0,320.0)
0         (-248.0,-306.0,309.0,320.0)
0         (-248.0,-306.0,310.0,320.0)
0         (-248.0,-306.0,310.0,319.0)
0         (-248.0,-306.0,309.0,319.0)
0         (-248.0,-305.0,309.0,319.0)
0         (-248.0,-305.0,309.0,318.0)
0         (-248.0,-305.0,308.0,318.0)
0         (-247.0,-305.0,308.0,318.0)
0         (-247.0,-305.0,308.0,317.0)
0         (-247.0,-305.0,307.0,317.0)
0         (-247.0,-305.0,307.0,316.0)
0         (-247.0,-305.0,306.0,316.0)
0         (-247.0,-305.0,306.0,315.0)
0         (-247.0,-305.0,305.0,315.0)
0         (-247.0,-305.0,305.0,314.0)
0         (-248.0,-305.0,305.0,314.0)
0         (-248.0,-306.0,305.0,314.0)
0         (-248.0,-306.0,304.0,314.0)
0         (-248.0,-306.0,304.0,313.0)
0         (-248.0,-306.0,305.0,313.0)
0         (-248.0,-307.0,305.0,313.0)
0         (-248.0,-307.0,304.0,313.0)
0         (-248.0,-307.0,304.0,314.0)
0         (-248.0,-307.0,305.0,314.0)
0         (-248.0,-307.0,305.0,315.0)
0         (-248.0,-306.0,305.0,315.0)
0         (-248.0,-306.0,304.0,315.0)
0         (-248.0,-307.0,304.0,315.0)
0         (-248.0,-307.0,303.0,315.0)
0         (-248.0,-307.0,303.0,314.0)
0         (-248.0,-306.0,303.0,314.0)
0         (-248.0,-306.0,303.0,313.0)
0         (-248.0,-306.0,303.0,312.0)
0         (-248.0,-305.0,303.0,312.0)
0         (-247.0,-305.0,303.0,312.0)
0         (-247.0,-305.0,303.0,311.0)
0         (-247.0,-304.0,303.0,311.0)
0         (-247.0,-304.0,303.0,310.0)
0         (-247.0,-303.0,303.0,310.0)
0         (-247.0,-303.0,303.0,309.0)
0         (-247.0,-302.0,303.0,309.0)
0         (-247.0,-302.0,303.0,308.0)
0         (-248.0,-302.0,303.0,308.0)
0         (-248.0,-302.0,304.0,308.0)
0         (-248.0,-302.0,304.0,307.0)
0         (-248.0,-301.0,304.0,307.0)
0         (-248.0,-301.0,304.0,306.0)
0         (-248.0,-302.0,304.0,306.0)
0         (-248.0,-302.0,303.0,306.0)
0         (-248.0,-301.0,303.0,306.0)
0         (-247.0,-301.0,303.0,306.0)
0         (-247.0,-301.0,303.0,305.0)
0         (-247.0,-300.0,303.0,305.0)
0         (-247.0,-300.0,302.0,305.0)
0         (-247.0,-300.0,302.0,304.0)
0         (-247.0,-300.0,301.0,304.0)
0         (-247.0,-300.0,301.0,303.0)
0         (-247.0,-300.0,300.0,303.0)
0         (-247.0,-300.0,300.0,302.0)
0         (-247.0,-300.0,299.0,302.0)
0         (-247.0,-300.0,299.0,301.0)
0         (-247.0,-300.0,299.0,300.0)
0         (-247.0,-300.0,298.0,300.0)
0         (-247.0,-300.0,298.0,299.0)
0         (-247.0,-300.0,297.0,299.0)
0         (-247.0,-300.0,297.0,298.0)
0         (-247.0,-299.0,297.0,298.0)
0         (-247.0,-299.0,297.0,297.0)
0         (-247.0,-298.0,297.0,297.0)
0         (-247.0,-298.0,297.0,296.0)
0         (-247.0,-298.0,297.0,295.0)
0         (-247.0,-297.0,297.0,295.0)
0         (-247.0,-297.0,297.0,294.0)
0         (-247.0,-297.0,297.0,293.0)
0         (-247.0,-296.0,297.0,293.0)
0         (-247.0,-296.0,297.0,292.0)
0         (-247.0,-296.0,296.0,292.0)
0         (-247.0,-296.0,296.0,291.0)
0         (-247.0,-296.0,295.0,291.0)
0         (-247.0,-296.0,295.0,290.0)
0         (-247.0,-296.0,294.0,290.0)
0         (-247.0,-296.0,294.0,289.0)
0         (-247.0,-296.0,293.0,289.0)
0         (-247.0,-296.0,293.0,288.0)
0         (-247.0,-296.0,293.0,287.0)
0         (-247.0,-296.0,292.0,287.0)
0         (-247.0,-296.0,292.0,286.0)
0         (-247.0,-296.0,291.0,286.0)
0         (-247.0,-295.0,291.0,286.0)
0         (-247.0,-295.0,290.0,286.0)
0         (-247.0,-294.0,290.0,286.0)
0         (-247.0,-294.0,289.0,286.0)
0         (-247.0,-293.0,289.0,286.0)
0         (-247.0,-293.0,288.0,286.0)
0         (-247.0,-292.0,288.0,286.0)
0         (-247.0,-292.0,287.0,286.0)
0         (-247.0,-292.0,286.0,286.0)
0         (-247.0,-291.0,286.0,286.0)
0         (-247.0,-291.0,286.0,285.0)
0         (-247.0,-290.0,286.0,285.0)
0         (-247.0,-290.0,286.0,284.0)
0         (-247.0,-289.0,286.0,284.0)
0         (-247.0,-289.0,286.0,283.0)
0         (-247.0,-289.0,286.0,282.0)
0         (-247.0,-288.0,286.0,282.0)
0         (-247.0,-288.0,286.0,281.0)
0         (-247.0,-287.0,286.0,281.0)
0         (-247.0,-287.0,286.0,280.0)
0         (-247.0,-286.0,286.0,280.0)
0         (-247.0,-286.0,285.0,280.0)
0         (-247.0,-285.0,285.0,280.0)
0         (-247.0,-285.0,284.0,280.0)
0         (-247.0,-285.0,283.0,280.0)
0         (-247.0,-284.0,283.0,280.0)
0         (-247.0,-284.0,282.0,280.0)
0         (-247.0,-283.0,282.0,280.0)
0         (-247.0,-283.0,281.0,280.0)
0         (-247.0,-282.0,281.0,280.0)
0         (-247.0,-282.0,281.0,279.0)
0         (-247.0,-281.0,281.0,279.0)
0         (-247.0,-281.0,281.0,278.0)
0         (-247.0,-280.0,281.0,278.0)
0         (-247.0,-280.0,281.0,277.0)
0         (-247.0,-280.0,281.0,276.0)
0         (-248.0,-280.0,281.0,276.0)
0         (-248.0,-280.0,282.0,276.0)
0         (-248.0,-280.0,283.0,276.0)
0         (-248.0,-279.0,283.0,276.0)
0         (-248.0,-279.0,282.0,276.0)
0         (-248.0,-279.0,282.0,275.0)
0         (-248.0,-280.0,282.0,275.0)
0         (-248.0,-280.0,283.0,275.0)
0         (-248.0,-279.0,283.0,275.0)
0         (-248.0,-279.0,283.0,274.0)
0         (-248.0,-279.0,282.0,274.0)
0         (-248.0,-279.0,281.0,274.0)
0         (-248.0,-278.0,281.0,274.0)
0         (-247.0,-278.0,281.0,274.0)
0         (-247.0,-278.0,280.0,274.0)
0         (-247.0,-277.0,280.0,274.0)
0         (-247.0,-277.0,279.0,274.0)
0         (-247.0,-276.0,279.0,274.0)
0         (-247.0,-276.0,278.0,274.0)
0         (-247.0,-275.0,278.0,274.0)
0         (-247.0,-275.0,277.0,274.0)
0         (-247.0,-275.0,276.0,274.0)
0         (-247.0,-274.0,276.0,274.0)
0         (-247.0,-274.0,275.0,274.0)
0         (-247.0,-273.0,275.0,274.0)
0         (-247.0,-273.0,274.0,274.0)
0         (-247.0,-272.0,274.0,274.0)
0         (-247.0,-272.0,273.0,274.0)
0         (-247.0,-271.0,273.0,274.0)
0         (-247.0,-271.0,272.0,274.0)
0         (-247.0,-271.0,271.0,274.0)
0         (-247.0,-270.0,271.0,274.0)
0         (-247.0,-270.0,270.0,274.0)
0         (-247.0,-269.0,270.0,274.0)
0         (-247.0,-269.0,270.0,273.0)
0         (-247.0,-268.0,270.0,273.0)
0         (-247.0,-268.0,270.0,272.0)
0         (-247.0,-267.0,270.0,272.0)
0         (-247.0,-267.0,270.0,271.0)
0         (-247.0,-267.0,270.0,270.0)
0         (-247.0,-266.0,270.0,270.0)
0         (-247.0,-266.0,270.0,269.0)
0         (-247.0,-266.0,270.0,268.0)
0         (-247.0,-265.0,270.0,268.0)
0         (-247.0,-265.0,270.0,267.0)
0         (-247.0,-265.0,269.0,267.0)
0         (-247.0,-265.0,269.0,266.0)
0         (-247.0,-265.0,268.0,266.0)
0         (-247.0,-265.0,268.0,265.0)
0         (-247.0,-265.0,267.0,265.0)
0         (-247.0,-265.0,267.0,264.0)
0         (-248.0,-265.0,267.0,264.0)
0         (-248.0,-266.0,267.0,264.0)
0         (-248.0,-266.0,266.0,264.0)
0         (-248.0,-266.0,266.0,263.0)
0         (-248.0,-266.0,267.0,263.0)
0         (-248.0,-267.0,267.0,263.0)
0         (-248.0,-267.0,266.0,263.0)
0         (-248.0,-267.0,266.0,264.0)
0         (-248.0,-267.0,267.0,264.0)
0         (-248.0,-267.0,267.0,265.0)
0         (-248.0,-266.0,267.0,265.0)
0         (-248.0,-266.0,266.0,265.0)
0         (-248.0,-267.0,266.0,265.0)
0         (-248.0,-267.0,265.0,265.0)
0         (-248.0,-267.0,265.0,264.0)
0         (-248.0,-266.0,265.0,264.0)
0         (-248.0,-266.0,265.0,263.0)
0         (-248.0,-266.0,265.0,262.0)
0         (-248.0,-266.0,266.0,262.0)
0         (-248.0,-266.0,267.0,262.0)
0         (-248.0,-267.0,267.0,262.0)
0         (-248.0,-267.0,266.0,262.0)
0         (-248.0,-267.0,265.0,262.0)
0         (-248.0,-267.0,265.0,263.0)
0         (-247.0,-267.0,265.0,263.0)
0         (-247.0,-266.0,265.0,263.0)
0         (-247.0,-266.0,265.0,262.0)
0         (-247.0,-265.0,265.0,262.0)
0         (-247.0,-265.0,265.0,261.0)
0         (-247.0,-265.0,264.0,261.0)
0         (-247.0,-264.0,264.0,261.0)
0         (-247.0,-264.0,263.0,261.0)
0         (-247.0,-263.0,263.0,261.0)
0         (-247.0,-263.0,262.0,261.0)
0         (-247.0,-262.0,262.0,261.0)
0         (-247.0,-262.0,261.0,261.0)
0         (-247.0,-262.0,260.0,261.0)
0         (-247.0,-261.0,260.0,261.0)
0         (-247.0,-261.0,259.0,261.0)
0         (-247.0,-260.0,259.0,261.0)
0         (-247.0,-260.0,258.0,261.0)
0         (-247.0,-259.0,258.0,261.0)
0         (-247.0,-259.0,257.0,261.0)
0         (-247.0,-258.0,257.0,261.0)
0         (-247.0,-258.0,256.0,261.0)
0         (-247.0,-257.0,256.0,261.0)
0         (-247.0,-257.0,255.0,261.0)
0         (-247.0,-257.0,254.0,261.0)
0         (-247.0,-256.0,254.0,261.0)
0         (-247.0,-256.0,253.0,261.0)
0         (-247.0,-256.0,253.0,260.0)
0         (-247.0,-256.0,252.0,260.0)
0         (-247.0,-256.0,252.0,259.0)
0         (-247.0,-256.0,251.0,259.0)
0         (-247.0,-256.0,251.0,258.0)
0         (-247.0,-256.0,250.0,258.0)
0         (-247.0,-256.0,250.0,257.0)
0         (-247.0,-256.0,250.0,256.0)
0         (-247.0,-256.0,249.0,256.0)
0         (-247.0,-256.0,249.0,255.0)
0         (-247.0,-256.0,248.0,255.0)
0         (-247.0,-255.0,248.0,255.0)
0         (-246.0,-255.0,248.0,255.0)
0         (-246.0,-254.0,248.0,255.0)
0         (-245.0,-254.0,248.0,255.0)
0         (-245.0,-253.0,248.0,255.0)
0         (-245.0,-252.0,248.0,255.0)
0         (-244.0,-252.0,248.0,255.0)
0         (-244.0,-251.0,248.0,255.0)
0         (-244.0,-251.0,248.0,254.0)
0         (-244.0,-250.0,248.0,254.0)
0         (-244.0,-250.0,248.0,253.0)
0         (-244.0,-249.0,248.0,253.0)
0         (-244.0,-249.0,248.0,252.0)
0         (-244.0,-249.0,248.0,251.0)
0         (-244.0,-249.0,249.0,251.0)
0         (-245.0,-249.0,249.0,251.0)
0         (-245.0,-249.0,250.0,251.0)
0         (-245.0,-248.0,250.0,251.0)
0         (-245.0,-248.0,250.0,250.0)
0         (-245.0,-249.0,250.0,250.0)
0         (-245.0,-249.0,249.0,250.0)
0         (-245.0,-248.0,249.0,250.0)
0         (-245.0,-248.0,249.0,251.0)
0         (-245.0,-248.0,249.0,252.0)
0         (-245.0,-248.0,250.0,252.0)
0         (-245.0,-249.0,250.0,252.0)
0         (-245.0,-249.0,249.0,252.0)
0         (-244.0,-249.0,249.0,252.0)
0         (-244.0,-248.0,249.0,252.0)
0         (-244.0,-248.0,249.0,251.0)
0         (-244.0,-248.0,249.0,250.0)
0         (-244.0,-248.0,249.0,249.0)
0         (-244.0,-247.0,249.0,249.0)
0         (-244.0,-247.0,248.0,249.0)
0         (-244.0,-247.0,248.0,248.0)
0         (-244.0,-247.0,247.0,248.0)
0         (-244.0,-247.0,247.0,247.0)
0         (-244.0,-247.0,246.0,247.0)
0         (-244.0,-247.0,246.0,246.0)
0         (-244.0,-247.0,245.0,246.0)
0         (-244.0,-247.0,245.0,245.0)
0         (-244.0,-248.0,245.0,245.0)
0         (-245.0,-248.0,245.0,245.0)
0         (-245.0,-248.0,244.0,245.0)
0         (-245.0,-248.0,244.0,244.0)
0         (-245.0,-249.0,244.0,244.0)
0         (-245.0,-249.0,244.0,245.0)
0         (-245.0,-249.0,245.0,245.0)
0         (-245.0,-249.0,245.0,244.0)
0         (-245.0,-248.0,245.0,244.0)
0         (-245.0,-248.0,245.0,243.0)
0         (-245.0,-248.0,244.0,243.0)
0         (-245.0,-248.0,243.0,243.0)
0         (-244.0,-248.0,243.0,243.0)
0         (-244.0,-247.0,243.0,243.0)
0         (-244.0,-247.0,243.0,242.0)
0         (-244.0,-247.0,242.0,242.0)
0         (-244.0,-247.0,242.0,241.0)
0         (-244.0,-247.0,241.0,241.0)
0         (-244.0,-247.0,241.0,240.0)
0         (-244.0,-247.0,240.0,240.0)
0         (-244.0,-247.0,240.0,239.0)
0         (-244.0,-248.0,240.0,239.0)
0         (-245.0,-248.0,240.0,239.0)
0         (-245.0,-248.0,239.0,239.0)
0         (-245.0,-248.0,239.0,238.0)
0         (-245.0,-249.0,239.0,238.0)
0         (-245.0,-249.0,239.0,239.0)
0         (-245.0,-249.0,240.0,239.0)
0         (-245.0,-249.0,240.0,238.0)
0         (-245.0,-248.0,240.0,238.0)
0         (-245.0,-248.0,240.0,237.0)
0         (-245.0,-248.0,239.0,237.0)
0         (-245.0,-249.0,239.0,237.0)
0         (-245.0,-249.0,238.0,237.0)
0         (-245.0,-249.0,238.0,238.0)
0         (-245.0,-248.0,238.0,238.0)
0         (-245.0,-248.0,238.0,237.0)
0         (-244.0,-248.0,238.0,237.0)
0         (-244.0,-247.0,238.0,237.0)
0         (-244.0,-247.0,238.0,236.0)
0         (-244.0,-247.0,237.0,236.0)
0         (-243.0,-247.0,237.0,236.0)
0         (-243.0,-246.0,237.0,236.0)
0         (-243.0,-245.0,237.0,236.0)
0         (-242.0,-245.0,237.0,236.0)
0         (-242.0,-244.0,237.0,236.0)
0         (-241.0,-244.0,237.0,236.0)
0         (-241.0,-243.0,237.0,236.0)
0         (-241.0,-242.0,237.0,236.0)
0         (-241.0,-242.0,236.0,236.0)
0         (-241.0,-241.0,236.0,236.0)
0         (-241.0,-241.0,235.0,236.0)
0         (-241.0,-240.0,235.0,236.0)
0         (-241.0,-240.0,234.0,236.0)
0         (-241.0,-240.0,234.0,237.0)
0         (-242.0,-240.0,234.0,237.0)
0         (-242.0,-240.0,234.0,238.0)
0         (-242.0,-240.0,233.0,238.0)
0         (-242.0,-239.0,233.0,238.0)
0         (-242.0,-239.0,234.0,238.0)
0         (-242.0,-239.0,234.0,239.0)
0         (-242.0,-240.0,234.0,239.0)
0         (-242.0,-240.0,233.0,239.0)
0         (-242.0,-239.0,233.0,239.0)
0         (-241.0,-239.0,233.0,239.0)
0         (-241.0,-239.0,233.0,238.0)
0         (-241.0,-239.0,233.0,237.0)
0         (-242.0,-239.0,233.0,237.0)
0         (-242.0,-240.0,233.0,237.0)
0         (-241.0,-240.0,233.0,237.0)
0         (-241.0,-240.0,233.0,238.0)
0         (-241.0,-240.0,234.0,238.0)
0         (-241.0,-239.0,234.0,238.0)
0         (-241.0,-239.0,234.0,237.0)
0         (-242.0,-239.0,234.0,237.0)
0         (-242.0,-239.0,235.0,237.0)
0         (-242.0,-239.0,235.0,238.0)
0         (-242.0,-240.0,235.0,238.0)
