# run = 18
ltot         F            S   
0         -1.2360e+02    (507.0,188.0,30.0,444.0)
1         -1.2334e+02    (506.0,188.0,30.0,444.0)
2         -1.2309e+02    (505.0,188.0,30.0,444.0)
3         -1.2285e+02    (504.0,188.0,30.0,444.0)
4         -1.2261e+02    (503.0,188.0,30.0,444.0)
5         -1.2236e+02    (502.0,188.0,30.0,444.0)
6         -1.2209e+02    (501.0,188.0,30.0,444.0)
7         -1.2183e+02    (500.0,188.0,30.0,444.0)
8         -1.2159e+02    (499.0,188.0,30.0,444.0)
9         -1.2135e+02    (498.0,188.0,30.0,444.0)
10        -1.2111e+02    (497.0,188.0,30.0,444.0)
11        -1.2086e+02    (496.0,188.0,30.0,444.0)
12        -1.2060e+02    (495.0,188.0,30.0,444.0)
13        -1.2035e+02    (494.0,188.0,30.0,444.0)
14        -1.2010e+02    (493.0,188.0,30.0,444.0)
15        -1.1986e+02    (492.0,188.0,30.0,444.0)
16        -1.1962e+02    (491.0,188.0,30.0,444.0)
17        -1.1938e+02    (490.0,188.0,30.0,444.0)
18        -1.1913e+02    (489.0,188.0,30.0,444.0)
19        -1.1888e+02    (488.0,188.0,30.0,444.0)
20        -1.1863e+02    (487.0,188.0,30.0,444.0)
21        -1.1839e+02    (486.0,188.0,30.0,444.0)
22        -1.1816e+02    (485.0,188.0,30.0,444.0)
23        -1.1792e+02    (484.0,188.0,30.0,444.0)
24        -1.1768e+02    (483.0,188.0,30.0,444.0)
25        -1.1742e+02    (482.0,188.0,30.0,444.0)
26        -1.1717e+02    (481.0,188.0,30.0,444.0)
27        -1.1694e+02    (480.0,188.0,30.0,444.0)
28        -1.1671e+02    (479.0,188.0,30.0,444.0)
29        -1.1648e+02    (478.0,188.0,30.0,444.0)
30        -1.1624e+02    (477.0,188.0,30.0,444.0)
31        -1.1599e+02    (476.0,188.0,30.0,444.0)
32        -1.1574e+02    (475.0,188.0,30.0,444.0)
33        -1.1550e+02    (474.0,188.0,30.0,444.0)
34        -1.1528e+02    (473.0,188.0,30.0,444.0)
35        -1.1505e+02    (472.0,188.0,30.0,444.0)
36        -1.1482e+02    (471.0,188.0,30.0,444.0)
37        -1.1457e+02    (470.0,188.0,30.0,444.0)
38        -1.1433e+02    (469.0,188.0,30.0,444.0)
39        -1.1409e+02    (468.0,188.0,30.0,444.0)
40        -1.1386e+02    (467.0,188.0,30.0,444.0)
41        -1.1364e+02    (466.0,188.0,30.0,444.0)
42        -1.1341e+02    (466.0,188.0,30.0,443.0)
43        -1.1318e+02    (465.0,188.0,30.0,443.0)
44        -1.1295e+02    (464.0,188.0,30.0,443.0)
45        -1.1272e+02    (463.0,188.0,30.0,443.0)
46        -1.1248e+02    (462.0,188.0,30.0,443.0)
47        -1.1225e+02    (461.0,188.0,30.0,443.0)
48        -1.1202e+02    (460.0,188.0,30.0,443.0)
49        -1.1179e+02    (459.0,188.0,30.0,443.0)
50        -1.1156e+02    (459.0,188.0,30.0,442.0)
51        -1.1133e+02    (459.0,188.0,30.0,441.0)
52        -1.1111e+02    (458.0,188.0,30.0,441.0)
53        -1.1088e+02    (458.0,188.0,30.0,440.0)
54        -1.1067e+02    (458.0,188.0,30.0,439.0)
55        -1.1045e+02    (458.0,188.0,30.0,438.0)
56        -1.1024e+02    (457.0,188.0,30.0,438.0)
57        -1.1002e+02    (457.0,188.0,30.0,437.0)
58        -1.0979e+02    (456.0,188.0,30.0,437.0)
59        -1.0956e+02    (456.0,188.0,30.0,436.0)
60        -1.0933e+02    (455.0,188.0,30.0,436.0)
61        -1.0911e+02    (455.0,188.0,30.0,435.0)
62        -1.0889e+02    (455.0,188.0,30.0,434.0)
63        -1.0865e+02    (455.0,188.0,31.0,434.0)
64        -1.0836e+02    (455.0,187.0,31.0,434.0)
65        -1.0809e+02    (455.0,187.0,32.0,434.0)
66        -1.0788e+02    (455.0,187.0,32.0,433.0)
67        -1.0783e+02    (455.0,186.0,32.0,433.0)
68        -1.0779e+02    (455.0,186.0,32.0,432.0)
69        -1.0778e+02    (455.0,186.0,33.0,432.0)
70        -1.0781e+02    (455.0,186.0,33.0,433.0)
71        -1.0786e+02    (455.0,187.0,33.0,433.0)
72        -1.0784e+02    (455.0,187.0,33.0,432.0)
73        -1.0786e+02    (455.0,187.0,32.0,432.0)
74        -1.0797e+02    (455.0,187.0,32.0,431.0)
75        -1.0788e+02    (455.0,186.0,32.0,431.0)
76        -1.0786e+02    (454.0,186.0,32.0,431.0)
77        -1.0767e+02    (454.0,186.0,32.0,430.0)
78        -1.0729e+02    (453.0,186.0,32.0,430.0)
79        -1.0677e+02    (453.0,186.0,32.0,429.0)
80        -1.0636e+02    (453.0,186.0,32.0,428.0)
81        -1.0605e+02    (452.0,186.0,32.0,428.0)
82        -1.0579e+02    (452.0,186.0,32.0,427.0)
83        -1.0572e+02    (452.0,186.0,32.0,426.0)
84        -1.0570e+02    (452.0,186.0,33.0,426.0)
85        -1.0576e+02    (452.0,187.0,33.0,426.0)
86        -1.0577e+02    (452.0,187.0,32.0,426.0)
87        -1.0584e+02    (452.0,187.0,32.0,427.0)
88        -1.0581e+02    (452.0,187.0,33.0,427.0)
89        -1.0576e+02    (452.0,186.0,33.0,427.0)
90        -1.0600e+02    (452.0,186.0,34.0,427.0)
91        -1.0590e+02    (452.0,186.0,34.0,426.0)
92        -1.0591e+02    (452.0,186.0,34.0,425.0)
93        -1.0580e+02    (452.0,186.0,33.0,425.0)
94        -1.0580e+02    (452.0,186.0,32.0,425.0)
95        -1.0585e+02    (451.0,186.0,32.0,425.0)
96        -1.0571e+02    (451.0,186.0,32.0,424.0)
97        -1.0544e+02    (450.0,186.0,32.0,424.0)
98        -1.0493e+02    (450.0,186.0,32.0,423.0)
99        -1.0451e+02    (450.0,186.0,32.0,422.0)
100       -1.0411e+02    (449.0,186.0,32.0,422.0)
101       -1.0379e+02    (449.0,186.0,32.0,421.0)
102       -1.0368e+02    (449.0,186.0,32.0,420.0)
103       -1.0366e+02    (449.0,186.0,33.0,420.0)
104       -1.0371e+02    (449.0,187.0,33.0,420.0)
105       -1.0373e+02    (449.0,187.0,32.0,420.0)
106       -1.0381e+02    (449.0,187.0,32.0,419.0)
107       -1.0374e+02    (449.0,186.0,32.0,419.0)
108       -1.0373e+02    (449.0,186.0,33.0,419.0)
109       -1.0380e+02    (449.0,187.0,33.0,419.0)
110       -1.0392e+02    (448.0,187.0,33.0,419.0)
111       -1.0383e+02    (448.0,186.0,33.0,419.0)
112       -1.0375e+02    (448.0,186.0,33.0,418.0)
113       -1.0360e+02    (447.0,186.0,33.0,418.0)
114       -1.0312e+02    (447.0,186.0,33.0,417.0)
115       -1.0269e+02    (447.0,186.0,33.0,416.0)
116       -1.0221e+02    (446.0,186.0,33.0,416.0)
117       -1.0183e+02    (446.0,186.0,33.0,415.0)
118       -1.0166e+02    (446.0,186.0,33.0,414.0)
119       -1.0169e+02    (446.0,186.0,32.0,414.0)
120       -1.0172e+02    (446.0,186.0,32.0,413.0)
121       -1.0170e+02    (446.0,186.0,33.0,413.0)
122       -1.0176e+02    (446.0,187.0,33.0,413.0)
123       -1.0171e+02    (446.0,187.0,33.0,414.0)
124       -1.0174e+02    (446.0,187.0,32.0,414.0)
125       -1.0178e+02    (446.0,187.0,32.0,413.0)
126       -1.0188e+02    (445.0,187.0,32.0,413.0)
127       -1.0180e+02    (445.0,186.0,32.0,413.0)
128       -1.0176e+02    (445.0,186.0,32.0,412.0)
129       -1.0171e+02    (445.0,185.0,32.0,412.0)
130       -1.0158e+02    (444.0,185.0,32.0,412.0)
131       -1.0127e+02    (444.0,185.0,32.0,411.0)
132       -1.0098e+02    (444.0,185.0,32.0,410.0)
133       -1.0062e+02    (443.0,185.0,32.0,410.0)
134       -1.0032e+02    (443.0,185.0,32.0,409.0)
135       -9.9977e+01    (443.0,186.0,32.0,409.0)
136       -9.9753e+01    (443.0,186.0,32.0,408.0)
137       -9.9726e+01    (443.0,186.0,33.0,408.0)
138       -9.9716e+01    (443.0,186.0,33.0,407.0)
139       -9.9733e+01    (443.0,186.0,32.0,407.0)
140       -9.9790e+01    (442.0,186.0,32.0,407.0)
141       -9.9781e+01    (442.0,186.0,32.0,406.0)
142       -9.9781e+01    (442.0,185.0,32.0,406.0)
143       -9.9689e+01    (442.0,185.0,32.0,405.0)
144       -9.9419e+01    (441.0,185.0,32.0,405.0)
145       -9.9147e+01    (441.0,185.0,32.0,404.0)
146       -9.8786e+01    (440.0,185.0,32.0,404.0)
147       -9.8462e+01    (440.0,185.0,32.0,403.0)
148       -9.8151e+01    (440.0,186.0,32.0,403.0)
149       -9.7873e+01    (440.0,186.0,32.0,402.0)
150       -9.7799e+01    (440.0,186.0,32.0,401.0)
151       -9.7778e+01    (440.0,186.0,33.0,401.0)
152       -9.7788e+01    (439.0,186.0,33.0,401.0)
153       -9.7797e+01    (439.0,186.0,32.0,401.0)
154       -9.7804e+01    (439.0,186.0,32.0,400.0)
155       -9.7806e+01    (439.0,186.0,33.0,400.0)
156       -9.7871e+01    (439.0,185.0,33.0,400.0)
157       -9.7806e+01    (439.0,185.0,33.0,399.0)
158       -9.7591e+01    (438.0,185.0,33.0,399.0)
159       -9.7341e+01    (438.0,185.0,33.0,398.0)
160       -9.6985e+01    (437.0,185.0,33.0,398.0)
161       -9.6642e+01    (437.0,185.0,33.0,397.0)
162       -9.6357e+01    (437.0,186.0,33.0,397.0)
163       -9.6023e+01    (437.0,186.0,33.0,396.0)
164       -9.5896e+01    (437.0,186.0,33.0,395.0)
165       -9.5819e+01    (436.0,186.0,33.0,395.0)
166       -9.5834e+01    (436.0,186.0,32.0,395.0)
167       -9.5839e+01    (436.0,186.0,32.0,394.0)
168       -9.5835e+01    (436.0,186.0,33.0,394.0)
169       -9.5905e+01    (436.0,187.0,33.0,394.0)
170       -9.5878e+01    (436.0,187.0,33.0,395.0)
171       -9.5895e+01    (436.0,187.0,32.0,395.0)
172       -9.5911e+01    (436.0,187.0,32.0,394.0)
173       -9.6030e+01    (436.0,187.0,32.0,393.0)
174       -9.5931e+01    (435.0,187.0,32.0,393.0)
175       -9.5687e+01    (435.0,187.0,32.0,392.0)
176       -9.5229e+01    (434.0,187.0,32.0,392.0)
177       -9.4706e+01    (434.0,187.0,32.0,391.0)
178       -9.4331e+01    (434.0,187.0,32.0,390.0)
179       -9.4147e+01    (433.0,187.0,32.0,390.0)
180       -9.3963e+01    (433.0,187.0,32.0,389.0)
181       -9.3908e+01    (433.0,186.0,32.0,389.0)
182       -9.3888e+01    (433.0,186.0,33.0,389.0)
183       -9.3885e+01    (433.0,186.0,33.0,388.0)
184       -9.3895e+01    (433.0,186.0,32.0,388.0)
185       -9.3961e+01    (433.0,187.0,32.0,388.0)
186       -9.3948e+01    (433.0,187.0,33.0,388.0)
187       -9.3941e+01    (433.0,187.0,33.0,389.0)
188       -9.4123e+01    (434.0,187.0,33.0,389.0)
189       -9.4072e+01    (434.0,186.0,33.0,389.0)
190       -9.4077e+01    (434.0,186.0,33.0,388.0)
191       -9.4089e+01    (434.0,186.0,32.0,388.0)
192       -9.4094e+01    (434.0,186.0,32.0,389.0)
193       -9.4147e+01    (434.0,187.0,32.0,389.0)
194       -9.4153e+01    (434.0,187.0,32.0,388.0)
195       -9.4139e+01    (434.0,187.0,33.0,388.0)
196       -9.4303e+01    (434.0,187.0,33.0,387.0)
197       -9.4097e+01    (433.0,187.0,33.0,387.0)
198       -9.4015e+01    (433.0,186.0,33.0,387.0)
199       -9.4010e+01    (433.0,186.0,32.0,387.0)
200       -9.3996e+01    (432.0,186.0,32.0,387.0)
201       -9.3815e+01    (432.0,186.0,32.0,386.0)
202       -9.3450e+01    (431.0,186.0,32.0,386.0)
203       -9.2947e+01    (431.0,186.0,32.0,385.0)
204       -9.2556e+01    (431.0,186.0,32.0,384.0)
205       -9.2263e+01    (430.0,186.0,32.0,384.0)
206       -9.2028e+01    (430.0,186.0,32.0,383.0)
207       -9.1983e+01    (430.0,186.0,32.0,382.0)
208       -9.1966e+01    (430.0,186.0,33.0,382.0)
209       -9.2004e+01    (430.0,186.0,33.0,383.0)
210       -9.2053e+01    (430.0,187.0,33.0,383.0)
211       -9.2023e+01    (430.0,187.0,33.0,382.0)
212       -9.2042e+01    (430.0,187.0,32.0,382.0)
213       -9.2079e+01    (430.0,187.0,32.0,383.0)
214       -9.2317e+01    (430.0,187.0,32.0,384.0)
215       -9.2293e+01    (430.0,187.0,33.0,384.0)
216       -9.2241e+01    (430.0,186.0,33.0,384.0)
217       -9.2469e+01    (430.0,186.0,34.0,384.0)
218       -9.2244e+01    (430.0,186.0,34.0,383.0)
219       -9.2164e+01    (430.0,186.0,34.0,382.0)
220       -9.2203e+01    (430.0,186.0,34.0,381.0)
221       -9.2091e+01    (430.0,186.0,33.0,381.0)
222       -9.2092e+01    (430.0,186.0,32.0,381.0)
223       -9.2144e+01    (429.0,186.0,32.0,381.0)
224       -9.2025e+01    (429.0,186.0,32.0,380.0)
225       -9.1760e+01    (428.0,186.0,32.0,380.0)
226       -9.1276e+01    (428.0,186.0,32.0,379.0)
227       -9.0876e+01    (428.0,186.0,32.0,378.0)
228       -9.0490e+01    (427.0,186.0,32.0,378.0)
229       -9.0199e+01    (427.0,186.0,32.0,377.0)
230       -9.0110e+01    (427.0,186.0,32.0,376.0)
231       -9.0088e+01    (427.0,186.0,33.0,376.0)
232       -9.0140e+01    (427.0,187.0,33.0,376.0)
233       -9.0164e+01    (427.0,187.0,32.0,376.0)
234       -9.0248e+01    (427.0,187.0,32.0,377.0)
235       -9.0219e+01    (427.0,187.0,33.0,377.0)
236       -9.0173e+01    (427.0,186.0,33.0,377.0)
237       -9.0426e+01    (427.0,186.0,34.0,377.0)
238       -9.0313e+01    (427.0,186.0,34.0,376.0)
239       -9.0336e+01    (427.0,186.0,34.0,375.0)
240       -9.0190e+01    (427.0,186.0,33.0,375.0)
241       -9.0197e+01    (427.0,186.0,32.0,375.0)
242       -9.0266e+01    (427.0,187.0,32.0,375.0)
243       -9.0258e+01    (427.0,187.0,33.0,375.0)
244       -9.0382e+01    (426.0,187.0,33.0,375.0)
245       -9.0296e+01    (426.0,186.0,33.0,375.0)
246       -9.0239e+01    (426.0,186.0,33.0,374.0)
247       -9.0089e+01    (425.0,186.0,33.0,374.0)
248       -8.9627e+01    (425.0,186.0,33.0,373.0)
249       -8.9222e+01    (425.0,186.0,33.0,372.0)
250       -8.8754e+01    (424.0,186.0,33.0,372.0)
251       -8.8398e+01    (424.0,186.0,33.0,371.0)
252       -8.8259e+01    (424.0,186.0,33.0,370.0)
253       -8.8284e+01    (424.0,186.0,32.0,370.0)
254       -8.8334e+01    (424.0,187.0,32.0,370.0)
255       -8.8307e+01    (424.0,187.0,33.0,370.0)
256       -8.8385e+01    (424.0,187.0,33.0,369.0)
257       -8.8323e+01    (424.0,186.0,33.0,369.0)
258       -8.8336e+01    (424.0,186.0,32.0,369.0)
259       -8.8399e+01    (424.0,187.0,32.0,369.0)
260       -8.8512e+01    (423.0,187.0,32.0,369.0)
261       -8.8432e+01    (423.0,186.0,32.0,369.0)
262       -8.8413e+01    (423.0,186.0,32.0,368.0)
263       -8.8363e+01    (423.0,185.0,32.0,368.0)
264       -8.8233e+01    (422.0,185.0,32.0,368.0)
265       -8.7948e+01    (422.0,185.0,32.0,367.0)
266       -8.7678e+01    (422.0,185.0,32.0,366.0)
267       -8.7333e+01    (421.0,185.0,32.0,366.0)
268       -8.7050e+01    (421.0,185.0,32.0,365.0)
269       -8.6709e+01    (421.0,186.0,32.0,365.0)
270       -8.6511e+01    (421.0,186.0,32.0,364.0)
271       -8.6484e+01    (421.0,186.0,33.0,364.0)
272       -8.6499e+01    (421.0,186.0,33.0,363.0)
273       -8.6516e+01    (421.0,186.0,32.0,363.0)
274       -8.6574e+01    (421.0,187.0,32.0,363.0)
275       -8.6555e+01    (421.0,187.0,33.0,363.0)
276       -8.6529e+01    (421.0,187.0,33.0,364.0)
277       -8.6559e+01    (421.0,187.0,32.0,364.0)
278       -8.6731e+01    (420.0,187.0,32.0,364.0)
279       -8.6660e+01    (420.0,187.0,32.0,363.0)
280       -8.6586e+01    (420.0,186.0,32.0,363.0)
281       -8.6584e+01    (420.0,186.0,33.0,363.0)
282       -8.6606e+01    (420.0,186.0,33.0,362.0)
283       -8.6599e+01    (420.0,186.0,32.0,362.0)
284       -8.6595e+01    (420.0,185.0,32.0,362.0)
285       -8.6518e+01    (419.0,185.0,32.0,362.0)
286       -8.6261e+01    (419.0,185.0,32.0,361.0)
287       -8.6010e+01    (419.0,185.0,32.0,360.0)
288       -8.5660e+01    (418.0,185.0,32.0,360.0)
289       -8.5359e+01    (418.0,185.0,32.0,359.0)
290       -8.5046e+01    (418.0,186.0,32.0,359.0)
291       -8.4793e+01    (418.0,186.0,32.0,358.0)
292       -8.4745e+01    (418.0,186.0,32.0,357.0)
293       -8.4724e+01    (418.0,186.0,33.0,357.0)
294       -8.4750e+01    (417.0,186.0,33.0,357.0)
295       -8.4759e+01    (417.0,186.0,32.0,357.0)
296       -8.4787e+01    (417.0,186.0,32.0,356.0)
297       -8.4789e+01    (417.0,186.0,33.0,356.0)
298       -8.4850e+01    (417.0,185.0,33.0,356.0)
299       -8.4807e+01    (417.0,185.0,33.0,355.0)
300       -8.4599e+01    (416.0,185.0,33.0,355.0)
301       -8.4370e+01    (416.0,185.0,33.0,354.0)
302       -8.4024e+01    (415.0,185.0,33.0,354.0)
303       -8.3704e+01    (415.0,185.0,33.0,353.0)
304       -8.3415e+01    (415.0,186.0,33.0,353.0)
305       -8.3106e+01    (415.0,186.0,33.0,352.0)
306       -8.3005e+01    (415.0,186.0,33.0,351.0)
307       -8.2945e+01    (414.0,186.0,33.0,351.0)
308       -8.2960e+01    (414.0,186.0,32.0,351.0)
309       -8.2988e+01    (414.0,186.0,32.0,350.0)
310       -8.2984e+01    (414.0,186.0,33.0,350.0)
311       -8.3054e+01    (414.0,187.0,33.0,350.0)
312       -8.3004e+01    (414.0,187.0,33.0,351.0)
313       -8.3021e+01    (414.0,187.0,32.0,351.0)
314       -8.3060e+01    (414.0,187.0,32.0,350.0)
315       -8.3170e+01    (415.0,187.0,32.0,350.0)
316       -8.3081e+01    (415.0,187.0,32.0,351.0)
317       -8.3027e+01    (415.0,186.0,32.0,351.0)
318       -8.3103e+01    (415.0,186.0,32.0,350.0)
319       -8.3094e+01    (415.0,186.0,33.0,350.0)
320       -8.3159e+01    (415.0,187.0,33.0,350.0)
321       -8.3056e+01    (415.0,187.0,33.0,351.0)
322       -8.3153e+01    (415.0,187.0,33.0,352.0)
323       -8.3116e+01    (414.0,187.0,33.0,352.0)
324       -8.3060e+01    (414.0,186.0,33.0,352.0)
325       -8.3078e+01    (414.0,186.0,32.0,352.0)
326       -8.3132e+01    (415.0,186.0,32.0,352.0)
327       -8.3181e+01    (415.0,187.0,32.0,352.0)
328       -8.3136e+01    (414.0,187.0,32.0,352.0)
329       -8.3379e+01    (414.0,187.0,31.0,352.0)
330       -8.3241e+01    (414.0,187.0,31.0,351.0)
331       -8.3168e+01    (414.0,186.0,31.0,351.0)
332       -8.3119e+01    (414.0,186.0,31.0,350.0)
333       -8.3131e+01    (414.0,186.0,31.0,349.0)
334       -8.2991e+01    (413.0,186.0,31.0,349.0)
335       -8.2785e+01    (413.0,186.0,31.0,348.0)
336       -8.2434e+01    (412.0,186.0,31.0,348.0)
337       -8.2067e+01    (412.0,186.0,31.0,347.0)
338       -8.1789e+01    (412.0,186.0,31.0,346.0)
339       -8.1524e+01    (412.0,186.0,32.0,346.0)
340       -8.1357e+01    (411.0,186.0,32.0,346.0)
341       -8.1198e+01    (411.0,186.0,32.0,345.0)
342       -8.1178e+01    (411.0,186.0,33.0,345.0)
343       -8.1198e+01    (411.0,186.0,33.0,344.0)
344       -8.1209e+01    (411.0,186.0,32.0,344.0)
345       -8.1274e+01    (411.0,187.0,32.0,344.0)
346       -8.1253e+01    (411.0,187.0,32.0,345.0)
347       -8.1231e+01    (411.0,187.0,33.0,345.0)
348       -8.1262e+01    (411.0,187.0,33.0,344.0)
349       -8.1433e+01    (411.0,187.0,33.0,343.0)
350       -8.1351e+01    (411.0,186.0,33.0,343.0)
351       -8.1345e+01    (411.0,186.0,32.0,343.0)
352       -8.1337e+01    (410.0,186.0,32.0,343.0)
353       -8.1175e+01    (410.0,186.0,32.0,342.0)
354       -8.0815e+01    (409.0,186.0,32.0,342.0)
355       -8.0334e+01    (409.0,186.0,32.0,341.0)
356       -7.9966e+01    (409.0,186.0,32.0,340.0)
357       -7.9691e+01    (408.0,186.0,32.0,340.0)
358       -7.9481e+01    (408.0,186.0,32.0,339.0)
359       -7.9457e+01    (408.0,186.0,33.0,339.0)
360       -7.9444e+01    (408.0,186.0,33.0,338.0)
361       -7.9460e+01    (408.0,186.0,32.0,338.0)
362       -7.9520e+01    (408.0,187.0,32.0,338.0)
363       -7.9502e+01    (408.0,187.0,33.0,338.0)
364       -7.9506e+01    (408.0,187.0,33.0,339.0)
365       -7.9532e+01    (408.0,187.0,32.0,339.0)
366       -7.9744e+01    (408.0,187.0,32.0,340.0)
367       -7.9720e+01    (408.0,187.0,33.0,340.0)
368       -7.9669e+01    (408.0,186.0,33.0,340.0)
369       -7.9896e+01    (408.0,186.0,34.0,340.0)
370       -7.9696e+01    (408.0,186.0,34.0,339.0)
371       -7.9640e+01    (408.0,186.0,34.0,338.0)
372       -7.9701e+01    (408.0,186.0,34.0,337.0)
373       -7.9592e+01    (408.0,186.0,33.0,337.0)
374       -7.9592e+01    (408.0,186.0,32.0,337.0)
375       -7.9653e+01    (407.0,186.0,32.0,337.0)
376       -7.9552e+01    (407.0,186.0,32.0,336.0)
377       -7.9291e+01    (406.0,186.0,32.0,336.0)
378       -7.8828e+01    (406.0,186.0,32.0,335.0)
379       -7.8449e+01    (406.0,186.0,32.0,334.0)
380       -7.8081e+01    (405.0,186.0,32.0,334.0)
381       -7.7815e+01    (405.0,186.0,32.0,333.0)
382       -7.7751e+01    (405.0,186.0,32.0,332.0)
383       -7.7730e+01    (405.0,186.0,33.0,332.0)
384       -7.7782e+01    (405.0,187.0,33.0,332.0)
385       -7.7805e+01    (405.0,187.0,32.0,332.0)
386       -7.7864e+01    (405.0,187.0,32.0,333.0)
387       -7.7835e+01    (405.0,187.0,33.0,333.0)
388       -7.7789e+01    (405.0,186.0,33.0,333.0)
389       -7.8042e+01    (405.0,186.0,34.0,333.0)
390       -7.7953e+01    (405.0,186.0,34.0,332.0)
391       -7.7999e+01    (405.0,186.0,34.0,331.0)
392       -7.7856e+01    (405.0,186.0,33.0,331.0)
393       -7.7862e+01    (405.0,186.0,32.0,331.0)
394       -7.7932e+01    (405.0,187.0,32.0,331.0)
395       -7.7924e+01    (405.0,187.0,33.0,331.0)
396       -7.8057e+01    (404.0,187.0,33.0,331.0)
397       -7.7972e+01    (404.0,186.0,33.0,331.0)
398       -7.7933e+01    (404.0,186.0,33.0,330.0)
399       -7.7786e+01    (403.0,186.0,33.0,330.0)
400       -7.7344e+01    (403.0,186.0,33.0,329.0)
401       -7.6960e+01    (403.0,186.0,33.0,328.0)
402       -7.6507e+01    (402.0,186.0,33.0,328.0)
403       -7.6177e+01    (402.0,186.0,33.0,327.0)
404       -7.6063e+01    (402.0,186.0,33.0,326.0)
405       -7.6088e+01    (402.0,186.0,32.0,326.0)
406       -7.6139e+01    (402.0,187.0,32.0,326.0)
407       -7.6112e+01    (402.0,187.0,33.0,326.0)
408       -7.6215e+01    (402.0,187.0,33.0,325.0)
409       -7.6153e+01    (402.0,186.0,33.0,325.0)
410       -7.6165e+01    (402.0,186.0,32.0,325.0)
411       -7.6229e+01    (402.0,187.0,32.0,325.0)
412       -7.6353e+01    (401.0,187.0,32.0,325.0)
413       -7.6273e+01    (401.0,186.0,32.0,325.0)
414       -7.6274e+01    (401.0,186.0,32.0,324.0)
415       -7.6221e+01    (401.0,185.0,32.0,324.0)
416       -7.6099e+01    (400.0,185.0,32.0,324.0)
417       -7.5835e+01    (400.0,185.0,32.0,323.0)
418       -7.5581e+01    (399.0,185.0,32.0,323.0)
419       -7.5252e+01    (399.0,185.0,32.0,322.0)
420       -7.4993e+01    (399.0,185.0,32.0,321.0)
421       -7.4650e+01    (399.0,186.0,32.0,321.0)
422       -7.4478e+01    (399.0,186.0,32.0,320.0)
423       -7.4451e+01    (399.0,186.0,33.0,320.0)
424       -7.4492e+01    (399.0,186.0,33.0,319.0)
425       -7.4509e+01    (399.0,186.0,32.0,319.0)
426       -7.4567e+01    (399.0,187.0,32.0,319.0)
427       -7.4526e+01    (399.0,187.0,32.0,320.0)
428       -7.4497e+01    (399.0,187.0,33.0,320.0)
429       -7.4549e+01    (399.0,187.0,33.0,319.0)
430       -7.4663e+01    (398.0,187.0,33.0,319.0)
431       -7.4591e+01    (398.0,186.0,33.0,319.0)
432       -7.4593e+01    (398.0,186.0,32.0,319.0)
433       -7.4626e+01    (398.0,186.0,32.0,318.0)
434       -7.4619e+01    (398.0,185.0,32.0,318.0)
435       -7.4550e+01    (397.0,185.0,32.0,318.0)
436       -7.4313e+01    (397.0,185.0,32.0,317.0)
437       -7.4080e+01    (396.0,185.0,32.0,317.0)
438       -7.3744e+01    (396.0,185.0,32.0,316.0)
439       -7.3466e+01    (396.0,185.0,32.0,315.0)
440       -7.3151e+01    (396.0,186.0,32.0,315.0)
441       -7.2924e+01    (396.0,186.0,32.0,314.0)
442       -7.2896e+01    (396.0,186.0,33.0,314.0)
443       -7.2880e+01    (396.0,186.0,33.0,313.0)
444       -7.2901e+01    (396.0,186.0,32.0,313.0)
445       -7.2930e+01    (395.0,186.0,32.0,313.0)
446       -7.2922e+01    (395.0,186.0,33.0,313.0)
447       -7.2983e+01    (395.0,186.0,33.0,312.0)
448       -7.2981e+01    (395.0,186.0,32.0,312.0)
449       -7.3030e+01    (395.0,185.0,32.0,312.0)
450       -7.3001e+01    (395.0,185.0,32.0,311.0)
451       -7.2801e+01    (394.0,185.0,32.0,311.0)
452       -7.2595e+01    (394.0,185.0,32.0,310.0)
453       -7.2266e+01    (393.0,185.0,32.0,310.0)
454       -7.1975e+01    (393.0,185.0,32.0,309.0)
455       -7.1702e+01    (393.0,186.0,32.0,309.0)
456       -7.1425e+01    (393.0,186.0,32.0,308.0)
457       -7.1346e+01    (393.0,186.0,32.0,307.0)
458       -7.1296e+01    (392.0,186.0,32.0,307.0)
459       -7.1281e+01    (392.0,186.0,33.0,307.0)
460       -7.1324e+01    (393.0,186.0,33.0,307.0)
461       -7.1375e+01    (393.0,187.0,33.0,307.0)
462       -7.1341e+01    (392.0,187.0,33.0,307.0)
463       -7.1357e+01    (392.0,187.0,32.0,307.0)
464       -7.1400e+01    (393.0,187.0,32.0,307.0)
465       -7.1474e+01    (393.0,187.0,32.0,308.0)
466       -7.1446e+01    (393.0,187.0,33.0,308.0)
467       -7.1399e+01    (393.0,186.0,33.0,308.0)
468       -7.1371e+01    (392.0,186.0,33.0,308.0)
469       -7.1389e+01    (392.0,186.0,32.0,308.0)
470       -7.1447e+01    (392.0,187.0,32.0,308.0)
471       -7.1428e+01    (392.0,187.0,33.0,308.0)
472       -7.1642e+01    (392.0,187.0,34.0,308.0)
473       -7.1536e+01    (392.0,187.0,34.0,307.0)
474       -7.1468e+01    (392.0,186.0,34.0,307.0)
475       -7.1470e+01    (392.0,186.0,34.0,306.0)
476       -7.1342e+01    (392.0,186.0,33.0,306.0)
477       -7.1346e+01    (392.0,186.0,32.0,306.0)
478       -7.1419e+01    (392.0,187.0,32.0,306.0)
479       -7.1414e+01    (392.0,187.0,33.0,306.0)
480       -7.1504e+01    (393.0,187.0,33.0,306.0)
481       -7.1439e+01    (393.0,186.0,33.0,306.0)
482       -7.1447e+01    (393.0,186.0,32.0,306.0)
483       -7.1515e+01    (393.0,187.0,32.0,306.0)
484       -7.1689e+01    (393.0,187.0,31.0,306.0)
485       -7.1555e+01    (392.0,187.0,31.0,306.0)
486       -7.1475e+01    (392.0,186.0,31.0,306.0)
487       -7.1501e+01    (392.0,186.0,31.0,307.0)
488       -7.1574e+01    (392.0,187.0,31.0,307.0)
489       -7.1675e+01    (393.0,187.0,31.0,307.0)
490       -7.1606e+01    (393.0,186.0,31.0,307.0)
491       -7.1612e+01    (393.0,186.0,31.0,306.0)
492       -7.1678e+01    (393.0,185.0,31.0,306.0)
493       -7.1510e+01    (392.0,185.0,31.0,306.0)
494       -7.1444e+01    (392.0,185.0,31.0,305.0)
495       -7.1277e+01    (391.0,185.0,31.0,305.0)
496       -7.1107e+01    (390.0,185.0,31.0,305.0)
497       -7.0846e+01    (390.0,185.0,31.0,304.0)
498       -7.0604e+01    (390.0,185.0,31.0,303.0)
499       -7.0404e+01    (390.0,185.0,31.0,302.0)
500       -7.0223e+01    (389.0,185.0,31.0,302.0)
501       -7.0077e+01    (389.0,185.0,31.0,301.0)
502       -6.9941e+01    (389.0,186.0,31.0,301.0)
503       -6.9697e+01    (389.0,186.0,32.0,301.0)
504       -6.9678e+01    (389.0,186.0,33.0,301.0)
505       -6.9722e+01    (389.0,186.0,33.0,300.0)
506       -6.9732e+01    (389.0,186.0,32.0,300.0)
507       -6.9798e+01    (389.0,187.0,32.0,300.0)
508       -6.9753e+01    (389.0,187.0,32.0,301.0)
509       -6.9731e+01    (389.0,187.0,33.0,301.0)
510       -6.9787e+01    (389.0,187.0,33.0,300.0)
511       -6.9945e+01    (390.0,187.0,33.0,300.0)
512       -6.9877e+01    (390.0,187.0,33.0,301.0)
513       -6.9825e+01    (390.0,186.0,33.0,301.0)
514       -6.9847e+01    (390.0,186.0,32.0,301.0)
515       -6.9894e+01    (390.0,186.0,32.0,300.0)
516       -6.9882e+01    (390.0,186.0,33.0,300.0)
517       -7.0054e+01    (390.0,186.0,34.0,300.0)
518       -6.9884e+01    (389.0,186.0,34.0,300.0)
519       -6.9893e+01    (389.0,186.0,34.0,301.0)
520       -6.9958e+01    (389.0,187.0,34.0,301.0)
521       -6.9957e+01    (389.0,187.0,34.0,300.0)
522       -7.0055e+01    (389.0,187.0,34.0,299.0)
523       -6.9970e+01    (389.0,186.0,34.0,299.0)
524       -6.9897e+01    (389.0,186.0,33.0,299.0)
525       -6.9891e+01    (389.0,186.0,32.0,299.0)
526       -6.9888e+01    (388.0,186.0,32.0,299.0)
527       -6.9745e+01    (388.0,186.0,32.0,298.0)
528       -6.9390e+01    (387.0,186.0,32.0,298.0)
529       -6.8930e+01    (387.0,186.0,32.0,297.0)
530       -6.8586e+01    (387.0,186.0,32.0,296.0)
531       -6.8328e+01    (386.0,186.0,32.0,296.0)
532       -6.8144e+01    (386.0,186.0,32.0,295.0)
533       -6.8120e+01    (386.0,186.0,33.0,295.0)
534       -6.8132e+01    (386.0,186.0,33.0,294.0)
535       -6.8148e+01    (386.0,186.0,32.0,294.0)
536       -6.8208e+01    (386.0,187.0,32.0,294.0)
537       -6.8190e+01    (386.0,187.0,33.0,294.0)
538       -6.8169e+01    (386.0,187.0,33.0,295.0)
539       -6.8195e+01    (386.0,187.0,32.0,295.0)
540       -6.8382e+01    (386.0,187.0,32.0,296.0)
541       -6.8358e+01    (386.0,187.0,33.0,296.0)
542       -6.8306e+01    (386.0,186.0,33.0,296.0)
543       -6.8534e+01    (386.0,186.0,34.0,296.0)
544       -6.8358e+01    (386.0,186.0,34.0,295.0)
545       -6.8326e+01    (386.0,186.0,34.0,294.0)
546       -6.8394e+01    (386.0,187.0,34.0,294.0)
547       -6.8420e+01    (386.0,187.0,34.0,295.0)
548       -6.8597e+01    (386.0,187.0,34.0,296.0)
549       -6.8842e+01    (387.0,187.0,34.0,296.0)
550       -6.8622e+01    (387.0,187.0,33.0,296.0)
551       -6.8438e+01    (387.0,187.0,33.0,295.0)
552       -6.8384e+01    (387.0,186.0,33.0,295.0)
553       -6.8382e+01    (387.0,186.0,33.0,294.0)
554       -6.8395e+01    (387.0,186.0,32.0,294.0)
555       -6.8405e+01    (387.0,186.0,32.0,295.0)
556       -6.8460e+01    (387.0,187.0,32.0,295.0)
557       -6.8458e+01    (387.0,187.0,32.0,294.0)
558       -6.8443e+01    (387.0,187.0,33.0,294.0)
559       -6.8602e+01    (387.0,187.0,33.0,293.0)
560       -6.8378e+01    (386.0,187.0,33.0,293.0)
561       -6.8303e+01    (386.0,186.0,33.0,293.0)
562       -6.8303e+01    (386.0,186.0,32.0,293.0)
563       -6.8371e+01    (385.0,186.0,32.0,293.0)
564       -6.8288e+01    (385.0,186.0,32.0,292.0)
565       -6.8032e+01    (384.0,186.0,32.0,292.0)
566       -6.7590e+01    (384.0,186.0,32.0,291.0)
567       -6.7233e+01    (384.0,186.0,32.0,290.0)
568       -6.6881e+01    (383.0,186.0,32.0,290.0)
569       -6.6641e+01    (383.0,186.0,32.0,289.0)
570       -6.6602e+01    (383.0,186.0,32.0,288.0)
571       -6.6581e+01    (383.0,186.0,33.0,288.0)
572       -6.6615e+01    (383.0,186.0,33.0,289.0)
573       -6.6662e+01    (383.0,187.0,33.0,289.0)
574       -6.6634e+01    (383.0,187.0,33.0,288.0)
575       -6.6657e+01    (383.0,187.0,32.0,288.0)
576       -6.6690e+01    (383.0,187.0,32.0,289.0)
577       -6.6935e+01    (383.0,187.0,32.0,290.0)
578       -6.6911e+01    (383.0,187.0,33.0,290.0)
579       -6.6859e+01    (383.0,186.0,33.0,290.0)
580       -6.7084e+01    (383.0,186.0,34.0,290.0)
581       -6.6867e+01    (383.0,186.0,34.0,289.0)
582       -6.6803e+01    (383.0,186.0,34.0,288.0)
583       -6.6867e+01    (383.0,187.0,34.0,288.0)
584       -6.6927e+01    (383.0,187.0,34.0,289.0)
585       -6.7148e+01    (383.0,187.0,34.0,290.0)
586       -6.7361e+01    (382.0,187.0,34.0,290.0)
587       -6.7193e+01    (382.0,187.0,34.0,289.0)
588       -6.7075e+01    (382.0,187.0,34.0,288.0)
589       -6.6990e+01    (382.0,186.0,34.0,288.0)
590       -6.6911e+01    (382.0,186.0,33.0,288.0)
591       -6.6857e+01    (382.0,186.0,33.0,287.0)
592       -6.6731e+01    (383.0,186.0,33.0,287.0)
593       -6.6738e+01    (383.0,186.0,32.0,287.0)
594       -6.6807e+01    (383.0,187.0,32.0,287.0)
595       -6.6800e+01    (383.0,187.0,33.0,287.0)
596       -6.6942e+01    (382.0,187.0,33.0,287.0)
597       -6.6929e+01    (382.0,187.0,33.0,286.0)
598       -6.6789e+01    (381.0,187.0,33.0,286.0)
599       -6.6350e+01    (381.0,187.0,33.0,285.0)
600       -6.5976e+01    (381.0,187.0,33.0,284.0)
601       -6.5524e+01    (380.0,187.0,33.0,284.0)
602       -6.5212e+01    (380.0,187.0,33.0,283.0)
603       -6.5127e+01    (380.0,187.0,33.0,282.0)
604       -6.5078e+01    (380.0,186.0,33.0,282.0)
605       -6.5103e+01    (380.0,186.0,32.0,282.0)
606       -6.5154e+01    (380.0,187.0,32.0,282.0)
607       -6.5242e+01    (380.0,187.0,32.0,283.0)
608       -6.5194e+01    (380.0,186.0,32.0,283.0)
609       -6.5166e+01    (380.0,186.0,33.0,283.0)
610       -6.5424e+01    (380.0,186.0,34.0,283.0)
611       -6.5321e+01    (380.0,186.0,34.0,282.0)
612       -6.5365e+01    (380.0,186.0,34.0,281.0)
613       -6.5192e+01    (380.0,186.0,33.0,281.0)
614       -6.5204e+01    (380.0,186.0,32.0,281.0)
615       -6.5268e+01    (380.0,187.0,32.0,281.0)
616       -6.5255e+01    (380.0,187.0,33.0,281.0)
617       -6.5408e+01    (379.0,187.0,33.0,281.0)
618       -6.5328e+01    (379.0,186.0,33.0,281.0)
619       -6.5324e+01    (379.0,186.0,32.0,281.0)
620       -6.5344e+01    (379.0,186.0,32.0,280.0)
621       -6.5289e+01    (379.0,185.0,32.0,280.0)
622       -6.5175e+01    (378.0,185.0,32.0,280.0)
623       -6.4931e+01    (378.0,185.0,32.0,279.0)
624       -6.4688e+01    (377.0,185.0,32.0,279.0)
625       -6.4382e+01    (377.0,185.0,32.0,278.0)
626       -6.4146e+01    (377.0,185.0,32.0,277.0)
627       -6.3802e+01    (377.0,186.0,32.0,277.0)
628       -6.3656e+01    (377.0,186.0,32.0,276.0)
629       -6.3629e+01    (377.0,186.0,33.0,276.0)
630       -6.3675e+01    (377.0,187.0,33.0,276.0)
631       -6.3704e+01    (377.0,187.0,32.0,276.0)
632       -6.3771e+01    (377.0,187.0,32.0,275.0)
633       -6.3712e+01    (377.0,186.0,32.0,275.0)
634       -6.3695e+01    (377.0,186.0,33.0,275.0)
635       -6.3752e+01    (377.0,187.0,33.0,275.0)
636       -6.3881e+01    (376.0,187.0,33.0,275.0)
637       -6.3807e+01    (376.0,186.0,33.0,275.0)
638       -6.3809e+01    (376.0,186.0,32.0,275.0)
639       -6.3841e+01    (376.0,186.0,32.0,276.0)
640       -6.3833e+01    (376.0,186.0,33.0,276.0)
641       -6.3901e+01    (376.0,187.0,33.0,276.0)
642       -6.3910e+01    (376.0,187.0,32.0,276.0)
643       -6.3884e+01    (376.0,187.0,32.0,275.0)
644       -6.3948e+01    (376.0,187.0,32.0,274.0)
645       -6.3863e+01    (376.0,186.0,32.0,274.0)
646       -6.3853e+01    (376.0,185.0,32.0,274.0)
647       -6.3791e+01    (375.0,185.0,32.0,274.0)
648       -6.3575e+01    (375.0,185.0,32.0,273.0)
649       -6.3352e+01    (374.0,185.0,32.0,273.0)
650       -6.3038e+01    (374.0,185.0,32.0,272.0)
651       -6.2783e+01    (374.0,185.0,32.0,271.0)
652       -6.2466e+01    (374.0,186.0,32.0,271.0)
653       -6.2264e+01    (374.0,186.0,32.0,270.0)
654       -6.2236e+01    (374.0,186.0,33.0,270.0)
655       -6.2247e+01    (374.0,186.0,33.0,269.0)
656       -6.2267e+01    (374.0,186.0,32.0,269.0)
657       -6.2312e+01    (373.0,186.0,32.0,269.0)
658       -6.2304e+01    (373.0,186.0,33.0,269.0)
659       -6.2342e+01    (373.0,186.0,33.0,270.0)
660       -6.2355e+01    (373.0,186.0,32.0,270.0)
661       -6.2417e+01    (373.0,187.0,32.0,270.0)
662       -6.2312e+01    (374.0,187.0,32.0,270.0)
663       -6.2282e+01    (374.0,187.0,33.0,270.0)
664       -6.2300e+01    (374.0,187.0,33.0,269.0)
665       -6.2322e+01    (374.0,187.0,32.0,269.0)
666       -6.2380e+01    (373.0,187.0,32.0,269.0)
667       -6.2370e+01    (373.0,187.0,33.0,269.0)
668       -6.2403e+01    (373.0,187.0,33.0,270.0)
669       -6.2588e+01    (373.0,187.0,33.0,271.0)
670       -6.2491e+01    (374.0,187.0,33.0,271.0)
671       -6.2442e+01    (374.0,186.0,33.0,271.0)
672       -6.2524e+01    (373.0,186.0,33.0,271.0)
673       -6.2534e+01    (373.0,186.0,32.0,271.0)
674       -6.2600e+01    (373.0,187.0,32.0,271.0)
675       -6.2517e+01    (374.0,187.0,32.0,271.0)
676       -6.2807e+01    (374.0,187.0,31.0,271.0)
677       -6.2628e+01    (374.0,187.0,31.0,270.0)
678       -6.2563e+01    (374.0,186.0,31.0,270.0)
679       -6.2514e+01    (374.0,186.0,31.0,269.0)
680       -6.2471e+01    (373.0,186.0,31.0,269.0)
681       -6.2466e+01    (373.0,186.0,31.0,268.0)
682       -6.2383e+01    (373.0,186.0,32.0,268.0)
683       -6.2386e+01    (373.0,186.0,33.0,268.0)
684       -6.2437e+01    (374.0,186.0,33.0,268.0)
685       -6.2441e+01    (374.0,186.0,32.0,268.0)
686       -6.2513e+01    (374.0,187.0,32.0,268.0)
687       -6.2463e+01    (373.0,187.0,32.0,268.0)
688       -6.2465e+01    (373.0,187.0,33.0,268.0)
689       -6.2508e+01    (374.0,187.0,33.0,268.0)
690       -6.2643e+01    (374.0,187.0,34.0,268.0)
691       -6.2529e+01    (374.0,187.0,34.0,269.0)
692       -6.2465e+01    (374.0,186.0,34.0,269.0)
693       -6.2455e+01    (373.0,186.0,34.0,269.0)
694       -6.2478e+01    (373.0,186.0,34.0,268.0)
695       -6.2491e+01    (373.0,185.0,34.0,268.0)
696       -6.2436e+01    (372.0,185.0,34.0,268.0)
697       -6.2262e+01    (372.0,185.0,34.0,267.0)
698       -6.2073e+01    (371.0,185.0,34.0,267.0)
699       -6.1801e+01    (371.0,185.0,34.0,266.0)
700       -6.1566e+01    (371.0,185.0,34.0,265.0)
701       -6.1377e+01    (371.0,186.0,34.0,265.0)
702       -6.1153e+01    (371.0,186.0,34.0,264.0)
703       -6.0902e+01    (371.0,186.0,33.0,264.0)
704       -6.0853e+01    (371.0,186.0,33.0,263.0)
705       -6.0827e+01    (370.0,186.0,33.0,263.0)
706       -6.0841e+01    (370.0,186.0,32.0,263.0)
707       -6.0875e+01    (371.0,186.0,32.0,263.0)
708       -6.0928e+01    (371.0,186.0,32.0,264.0)
709       -6.0911e+01    (370.0,186.0,32.0,264.0)
710       -6.0893e+01    (370.0,186.0,33.0,264.0)
711       -6.0950e+01    (370.0,187.0,33.0,264.0)
712       -6.0887e+01    (370.0,187.0,33.0,263.0)
713       -6.0903e+01    (370.0,187.0,32.0,263.0)
714       -6.0929e+01    (371.0,187.0,32.0,263.0)
715       -6.0905e+01    (371.0,187.0,33.0,263.0)
716       -6.0949e+01    (371.0,187.0,33.0,264.0)
717       -6.0978e+01    (371.0,187.0,32.0,264.0)
718       -6.0969e+01    (370.0,187.0,32.0,264.0)
719       -6.1202e+01    (370.0,187.0,32.0,265.0)
720       -6.1138e+01    (370.0,186.0,32.0,265.0)
721       -6.1126e+01    (370.0,186.0,33.0,265.0)
722       -6.1161e+01    (371.0,186.0,33.0,265.0)
723       -6.1181e+01    (371.0,186.0,32.0,265.0)
724       -6.1236e+01    (371.0,187.0,32.0,265.0)
725       -6.1214e+01    (371.0,187.0,33.0,265.0)
726       -6.1188e+01    (370.0,187.0,33.0,265.0)
727       -6.1371e+01    (370.0,187.0,34.0,265.0)
728       -6.1162e+01    (370.0,187.0,34.0,264.0)
729       -6.1081e+01    (370.0,187.0,34.0,263.0)
730       -6.1012e+01    (370.0,186.0,34.0,263.0)
731       -6.1037e+01    (370.0,186.0,34.0,262.0)
732       -6.0911e+01    (370.0,186.0,33.0,262.0)
733       -6.0915e+01    (370.0,186.0,32.0,262.0)
734       -6.0987e+01    (370.0,187.0,32.0,262.0)
735       -6.0983e+01    (370.0,187.0,33.0,262.0)
736       -6.1059e+01    (371.0,187.0,33.0,262.0)
737       -6.0993e+01    (371.0,186.0,33.0,262.0)
738       -6.1002e+01    (371.0,186.0,32.0,262.0)
739       -6.1069e+01    (371.0,187.0,32.0,262.0)
740       -6.1242e+01    (371.0,187.0,31.0,262.0)
741       -6.1121e+01    (370.0,187.0,31.0,262.0)
742       -6.1041e+01    (370.0,186.0,31.0,262.0)
743       -6.1044e+01    (370.0,186.0,31.0,263.0)
744       -6.1118e+01    (370.0,187.0,31.0,263.0)
745       -6.1204e+01    (371.0,187.0,31.0,263.0)
746       -6.1135e+01    (371.0,186.0,31.0,263.0)
747       -6.1165e+01    (371.0,186.0,31.0,262.0)
748       -6.1230e+01    (371.0,185.0,31.0,262.0)
749       -6.1073e+01    (370.0,185.0,31.0,262.0)
750       -6.1017e+01    (369.0,185.0,31.0,262.0)
751       -6.0871e+01    (369.0,185.0,31.0,261.0)
752       -6.0710e+01    (368.0,185.0,31.0,261.0)
753       -6.0470e+01    (368.0,185.0,31.0,260.0)
754       -6.0251e+01    (368.0,185.0,31.0,259.0)
755       -6.0074e+01    (368.0,185.0,31.0,258.0)
756       -5.9906e+01    (367.0,185.0,31.0,258.0)
757       -5.9765e+01    (367.0,186.0,31.0,258.0)
758       -5.9516e+01    (367.0,186.0,32.0,258.0)
759       -5.9407e+01    (367.0,186.0,32.0,257.0)
760       -5.9388e+01    (367.0,186.0,33.0,257.0)
761       -5.9442e+01    (367.0,187.0,33.0,257.0)
762       -5.9463e+01    (367.0,187.0,32.0,257.0)
763       -5.9532e+01    (367.0,187.0,32.0,256.0)
764       -5.9465e+01    (367.0,186.0,32.0,256.0)
765       -5.9456e+01    (367.0,186.0,33.0,256.0)
766       -5.9521e+01    (367.0,187.0,33.0,256.0)
767       -5.9663e+01    (368.0,187.0,33.0,256.0)
768       -5.9569e+01    (368.0,187.0,33.0,257.0)
769       -5.9517e+01    (368.0,186.0,33.0,257.0)
770       -5.9539e+01    (368.0,186.0,32.0,257.0)
771       -5.9593e+01    (368.0,187.0,32.0,257.0)
772       -5.9676e+01    (368.0,187.0,32.0,256.0)
773       -5.9612e+01    (368.0,186.0,32.0,256.0)
774       -5.9600e+01    (368.0,186.0,33.0,256.0)
775       -5.9771e+01    (368.0,186.0,34.0,256.0)
776       -5.9616e+01    (367.0,186.0,34.0,256.0)
777       -5.9601e+01    (367.0,186.0,34.0,257.0)
778       -5.9666e+01    (367.0,187.0,34.0,257.0)
779       -5.9688e+01    (367.0,187.0,34.0,256.0)
780       -5.9809e+01    (367.0,187.0,34.0,255.0)
781       -5.9723e+01    (367.0,186.0,34.0,255.0)
782       -5.9652e+01    (367.0,186.0,33.0,255.0)
783       -5.9646e+01    (367.0,186.0,32.0,255.0)
784       -5.9649e+01    (366.0,186.0,32.0,255.0)
785       -5.9524e+01    (366.0,186.0,32.0,254.0)
786       -5.9175e+01    (365.0,186.0,32.0,254.0)
787       -5.8737e+01    (365.0,186.0,32.0,253.0)
788       -5.8416e+01    (365.0,186.0,32.0,252.0)
789       -5.8176e+01    (364.0,186.0,32.0,252.0)
790       -5.8017e+01    (364.0,186.0,32.0,251.0)
791       -5.7993e+01    (364.0,186.0,33.0,251.0)
792       -5.8030e+01    (364.0,186.0,33.0,250.0)
793       -5.8045e+01    (364.0,186.0,32.0,250.0)
794       -5.8106e+01    (364.0,187.0,32.0,250.0)
795       -5.8069e+01    (364.0,187.0,32.0,251.0)
796       -5.8043e+01    (364.0,187.0,33.0,251.0)
797       -5.8088e+01    (364.0,187.0,33.0,250.0)
798       -5.8290e+01    (364.0,187.0,34.0,250.0)
799       -5.8222e+01    (364.0,186.0,34.0,250.0)
800       -5.8230e+01    (364.0,186.0,34.0,251.0)
801       -5.8292e+01    (364.0,187.0,34.0,251.0)
802       -5.8444e+01    (364.0,187.0,34.0,252.0)
803       -5.8205e+01    (364.0,187.0,33.0,252.0)
804       -5.8154e+01    (364.0,186.0,33.0,252.0)
805       -5.8381e+01    (364.0,186.0,34.0,252.0)
806       -5.8586e+01    (364.0,185.0,34.0,252.0)
807       -5.8448e+01    (364.0,185.0,34.0,251.0)
808       -5.8329e+01    (364.0,185.0,33.0,251.0)
809       -5.8279e+01    (364.0,185.0,33.0,250.0)
810       -5.8278e+01    (364.0,185.0,32.0,250.0)
811       -5.8294e+01    (364.0,185.0,32.0,249.0)
812       -5.8223e+01    (364.0,186.0,32.0,249.0)
813       -5.8224e+01    (364.0,186.0,33.0,249.0)
814       -5.8299e+01    (364.0,187.0,33.0,249.0)
815       -5.8300e+01    (364.0,187.0,32.0,249.0)
816       -5.8389e+01    (363.0,187.0,32.0,249.0)
817       -5.8299e+01    (363.0,186.0,32.0,249.0)
818       -5.8232e+01    (363.0,185.0,32.0,249.0)
819       -5.8136e+01    (363.0,185.0,32.0,248.0)
820       -5.7922e+01    (362.0,185.0,32.0,248.0)
821       -5.7659e+01    (362.0,185.0,32.0,247.0)
822       -5.7433e+01    (361.0,185.0,32.0,247.0)
823       -5.7184e+01    (361.0,185.0,32.0,246.0)
824       -5.6891e+01    (361.0,186.0,32.0,246.0)
825       -5.6678e+01    (361.0,186.0,32.0,245.0)
826       -5.6651e+01    (361.0,186.0,33.0,245.0)
827       -5.6643e+01    (361.0,186.0,33.0,244.0)
828       -5.6664e+01    (361.0,186.0,32.0,244.0)
829       -5.6718e+01    (361.0,187.0,32.0,244.0)
830       -5.6696e+01    (361.0,187.0,33.0,244.0)
831       -5.6698e+01    (361.0,187.0,33.0,245.0)
832       -5.6727e+01    (361.0,187.0,32.0,245.0)
833       -5.6945e+01    (361.0,187.0,32.0,246.0)
834       -5.6922e+01    (361.0,187.0,33.0,246.0)
835       -5.6870e+01    (361.0,186.0,33.0,246.0)
836       -5.7095e+01    (361.0,186.0,34.0,246.0)
837       -5.6903e+01    (361.0,186.0,34.0,245.0)
838       -5.6863e+01    (361.0,186.0,34.0,244.0)
839       -5.6927e+01    (361.0,187.0,34.0,244.0)
840       -5.6962e+01    (361.0,187.0,34.0,245.0)
841       -5.7158e+01    (361.0,187.0,34.0,246.0)
842       -5.7388e+01    (360.0,187.0,34.0,246.0)
843       -5.7244e+01    (360.0,187.0,34.0,245.0)
844       -5.7147e+01    (360.0,187.0,34.0,244.0)
845       -5.7063e+01    (360.0,186.0,34.0,244.0)
846       -5.6986e+01    (360.0,186.0,33.0,244.0)
847       -5.6952e+01    (360.0,186.0,33.0,243.0)
848       -5.6817e+01    (361.0,186.0,33.0,243.0)
849       -5.6823e+01    (361.0,186.0,32.0,243.0)
850       -5.6893e+01    (361.0,187.0,32.0,243.0)
851       -5.6886e+01    (361.0,187.0,33.0,243.0)
852       -5.7032e+01    (361.0,187.0,34.0,243.0)
853       -5.6956e+01    (361.0,186.0,34.0,243.0)
854       -5.7005e+01    (360.0,186.0,34.0,243.0)
855       -5.6963e+01    (360.0,185.0,34.0,243.0)
856       -5.6882e+01    (360.0,185.0,34.0,242.0)
857       -5.6716e+01    (359.0,185.0,34.0,242.0)
858       -5.6500e+01    (359.0,185.0,34.0,241.0)
859       -5.6276e+01    (358.0,185.0,34.0,241.0)
860       -5.6043e+01    (358.0,185.0,34.0,240.0)
861       -5.5857e+01    (358.0,186.0,34.0,240.0)
862       -5.5623e+01    (358.0,186.0,34.0,239.0)
863       -5.5365e+01    (358.0,186.0,33.0,239.0)
864       -5.5303e+01    (358.0,186.0,33.0,238.0)
865       -5.5328e+01    (358.0,186.0,32.0,238.0)
866       -5.5379e+01    (358.0,187.0,32.0,238.0)
867       -5.5352e+01    (358.0,187.0,33.0,238.0)
868       -5.5411e+01    (358.0,187.0,33.0,239.0)
869       -5.5441e+01    (358.0,187.0,32.0,239.0)
870       -5.5393e+01    (358.0,186.0,32.0,239.0)
871       -5.5663e+01    (358.0,186.0,32.0,240.0)
872       -5.5643e+01    (358.0,186.0,33.0,240.0)
873       -5.5697e+01    (358.0,187.0,33.0,240.0)
874       -5.5719e+01    (358.0,187.0,32.0,240.0)
875       -5.5958e+01    (357.0,187.0,32.0,240.0)
876       -5.5771e+01    (357.0,187.0,32.0,239.0)
877       -5.5676e+01    (357.0,187.0,32.0,238.0)
878       -5.5601e+01    (357.0,186.0,32.0,238.0)
879       -5.5585e+01    (357.0,186.0,32.0,237.0)
880       -5.5454e+01    (358.0,186.0,32.0,237.0)
881       -5.5442e+01    (358.0,186.0,33.0,237.0)
882       -5.5505e+01    (358.0,187.0,33.0,237.0)
883       -5.5518e+01    (358.0,187.0,32.0,237.0)
884       -5.5666e+01    (357.0,187.0,32.0,237.0)
885       -5.5670e+01    (357.0,187.0,33.0,237.0)
886       -5.5589e+01    (357.0,186.0,33.0,237.0)
887       -5.5600e+01    (357.0,186.0,33.0,238.0)
888       -5.5674e+01    (357.0,187.0,33.0,238.0)
889       -5.5768e+01    (357.0,187.0,33.0,239.0)
890       -5.5695e+01    (357.0,186.0,33.0,239.0)
891       -5.5697e+01    (357.0,186.0,32.0,239.0)
892       -5.5791e+01    (357.0,185.0,32.0,239.0)
893       -5.5683e+01    (357.0,185.0,32.0,238.0)
894       -5.5612e+01    (357.0,185.0,32.0,237.0)
895       -5.5567e+01    (357.0,185.0,32.0,236.0)
896       -5.5461e+01    (356.0,185.0,32.0,236.0)
897       -5.5237e+01    (356.0,185.0,32.0,235.0)
898       -5.5004e+01    (355.0,185.0,32.0,235.0)
899       -5.4721e+01    (355.0,185.0,32.0,234.0)
900       -5.4486e+01    (355.0,186.0,32.0,234.0)
901       -5.4164e+01    (355.0,186.0,32.0,233.0)
902       -5.4043e+01    (355.0,186.0,32.0,232.0)
903       -5.4017e+01    (355.0,186.0,33.0,232.0)
904       -5.4063e+01    (355.0,187.0,33.0,232.0)
905       -5.4092e+01    (355.0,187.0,32.0,232.0)
906       -5.4184e+01    (355.0,187.0,32.0,231.0)
907       -5.4125e+01    (355.0,186.0,32.0,231.0)
908       -5.4108e+01    (355.0,186.0,33.0,231.0)
909       -5.4166e+01    (355.0,187.0,33.0,231.0)
910       -5.4308e+01    (354.0,187.0,33.0,231.0)
911       -5.4234e+01    (354.0,186.0,33.0,231.0)
912       -5.4236e+01    (354.0,186.0,32.0,231.0)
913       -5.4245e+01    (354.0,186.0,32.0,232.0)
914       -5.4238e+01    (354.0,186.0,33.0,232.0)
915       -5.4306e+01    (354.0,187.0,33.0,232.0)
916       -5.4314e+01    (354.0,187.0,32.0,232.0)
917       -5.4310e+01    (354.0,187.0,32.0,231.0)
918       -5.4395e+01    (354.0,187.0,32.0,230.0)
919       -5.4310e+01    (354.0,186.0,32.0,230.0)
920       -5.4297e+01    (354.0,185.0,32.0,230.0)
921       -5.4243e+01    (353.0,185.0,32.0,230.0)
922       -5.4047e+01    (353.0,185.0,32.0,229.0)
923       -5.3833e+01    (352.0,185.0,32.0,229.0)
924       -5.3542e+01    (352.0,185.0,32.0,228.0)
925       -5.3310e+01    (352.0,185.0,32.0,227.0)
926       -5.2991e+01    (352.0,186.0,32.0,227.0)
927       -5.2815e+01    (352.0,186.0,32.0,226.0)
928       -5.2787e+01    (352.0,186.0,33.0,226.0)
929       -5.2823e+01    (352.0,186.0,33.0,225.0)
930       -5.2843e+01    (352.0,186.0,32.0,225.0)
931       -5.2899e+01    (352.0,187.0,32.0,225.0)
932       -5.2862e+01    (352.0,187.0,32.0,226.0)
933       -5.2833e+01    (352.0,187.0,33.0,226.0)
934       -5.2877e+01    (352.0,187.0,33.0,225.0)
935       -5.2962e+01    (351.0,187.0,33.0,225.0)
936       -5.2895e+01    (351.0,186.0,33.0,225.0)
937       -5.2903e+01    (351.0,186.0,32.0,225.0)
938       -5.2923e+01    (351.0,186.0,32.0,226.0)
939       -5.2910e+01    (351.0,186.0,33.0,226.0)
940       -5.2972e+01    (351.0,187.0,33.0,226.0)
941       -5.2986e+01    (351.0,187.0,32.0,226.0)
942       -5.2972e+01    (351.0,187.0,32.0,225.0)
943       -5.3076e+01    (351.0,187.0,32.0,224.0)
944       -5.2996e+01    (351.0,186.0,32.0,224.0)
945       -5.2999e+01    (351.0,186.0,33.0,224.0)
946       -5.3038e+01    (352.0,186.0,33.0,224.0)
947       -5.3042e+01    (352.0,186.0,32.0,224.0)
948       -5.3115e+01    (352.0,187.0,32.0,224.0)
949       -5.3110e+01    (352.0,187.0,33.0,224.0)
950       -5.3078e+01    (351.0,187.0,33.0,224.0)
951       -5.3172e+01    (351.0,187.0,34.0,224.0)
952       -5.3089e+01    (351.0,186.0,34.0,224.0)
953       -5.3045e+01    (351.0,186.0,34.0,225.0)
954       -5.3040e+01    (352.0,186.0,34.0,225.0)
955       -5.3045e+01    (352.0,186.0,34.0,226.0)
956       -5.3086e+01    (351.0,186.0,34.0,226.0)
957       -5.3156e+01    (351.0,187.0,34.0,226.0)
958       -5.3104e+01    (352.0,187.0,34.0,226.0)
959       -5.3105e+01    (352.0,187.0,34.0,225.0)
960       -5.3119e+01    (351.0,187.0,34.0,225.0)
961       -5.3370e+01    (351.0,188.0,34.0,225.0)
962       -5.3274e+01    (351.0,188.0,33.0,225.0)
963       -5.3272e+01    (351.0,188.0,32.0,225.0)
964       -5.3284e+01    (351.0,188.0,32.0,224.0)
965       -5.3292e+01    (351.0,188.0,33.0,224.0)
966       -5.3347e+01    (350.0,188.0,33.0,224.0)
967       -5.3161e+01    (350.0,188.0,33.0,223.0)
968       -5.2977e+01    (349.0,188.0,33.0,223.0)
969       -5.2620e+01    (349.0,188.0,33.0,222.0)
970       -5.2327e+01    (349.0,188.0,33.0,221.0)
971       -5.1902e+01    (349.0,187.0,33.0,221.0)
972       -5.1662e+01    (349.0,187.0,33.0,220.0)
973       -5.1616e+01    (349.0,186.0,33.0,220.0)
974       -5.1592e+01    (349.0,186.0,33.0,219.0)
975       -5.1583e+01    (348.0,186.0,33.0,219.0)
976       -5.1597e+01    (348.0,186.0,32.0,219.0)
977       -5.1614e+01    (349.0,186.0,32.0,219.0)
978       -5.1642e+01    (349.0,186.0,32.0,220.0)
979       -5.1642e+01    (348.0,186.0,32.0,220.0)
980       -5.1625e+01    (348.0,186.0,33.0,220.0)
981       -5.1682e+01    (348.0,187.0,33.0,220.0)
982       -5.1644e+01    (348.0,187.0,33.0,219.0)
983       -5.1644e+01    (349.0,187.0,33.0,219.0)
984       -5.1668e+01    (349.0,187.0,32.0,219.0)
985       -5.1659e+01    (348.0,187.0,32.0,219.0)
986       -5.1701e+01    (348.0,187.0,32.0,220.0)
987       -5.1691e+01    (349.0,187.0,32.0,220.0)
988       -5.1924e+01    (349.0,187.0,32.0,221.0)
989       -5.1869e+01    (349.0,186.0,32.0,221.0)
990       -5.1844e+01    (348.0,186.0,32.0,221.0)
991       -5.1832e+01    (348.0,186.0,33.0,221.0)
992       -5.1849e+01    (349.0,186.0,33.0,221.0)
993       -5.2067e+01    (349.0,186.0,34.0,221.0)
994       -5.1867e+01    (349.0,186.0,34.0,220.0)
995       -5.1820e+01    (349.0,186.0,34.0,219.0)
996       -5.1766e+01    (348.0,186.0,34.0,219.0)
997       -5.1813e+01    (348.0,186.0,34.0,218.0)
998       -5.1690e+01    (348.0,186.0,33.0,218.0)
999       -5.1693e+01    (348.0,186.0,32.0,218.0)
