# run = 24
ltot         F            S   
0         -6.0216e+01    (-98.0,304.0,109.0,350.0)
1         -5.9953e+01    (-98.0,304.0,109.0,349.0)
2         -5.9684e+01    (-98.0,304.0,109.0,348.0)
3         -5.9368e+01    (-98.0,303.0,109.0,348.0)
4         -5.8925e+01    (-98.0,303.0,109.0,347.0)
5         -5.8606e+01    (-98.0,303.0,109.0,346.0)
6         -5.8307e+01    (-98.0,302.0,109.0,346.0)
7         -5.8149e+01    (-98.0,302.0,109.0,345.0)
8         -5.8000e+01    (-97.0,302.0,109.0,345.0)
9         -5.8040e+01    (-97.0,302.0,108.0,345.0)
10        -5.8076e+01    (-97.0,302.0,108.0,344.0)
11        -5.8060e+01    (-97.0,302.0,109.0,344.0)
12        -5.8099e+01    (-97.0,301.0,109.0,344.0)
13        -5.8094e+01    (-97.0,301.0,108.0,344.0)
14        -5.8120e+01    (-97.0,301.0,108.0,345.0)
15        -5.8107e+01    (-97.0,301.0,109.0,345.0)
16        -5.8227e+01    (-98.0,301.0,109.0,345.0)
17        -5.8200e+01    (-98.0,301.0,109.0,344.0)
18        -5.8183e+01    (-98.0,302.0,109.0,344.0)
19        -5.8191e+01    (-98.0,302.0,108.0,344.0)
20        -5.8179e+01    (-98.0,302.0,108.0,345.0)
21        -5.8232e+01    (-98.0,301.0,108.0,345.0)
22        -5.8190e+01    (-98.0,301.0,108.0,344.0)
23        -5.8236e+01    (-98.0,301.0,108.0,343.0)
24        -5.8169e+01    (-97.0,301.0,108.0,343.0)
25        -5.8163e+01    (-97.0,300.0,108.0,343.0)
26        -5.8022e+01    (-97.0,300.0,108.0,342.0)
27        -5.7755e+01    (-97.0,299.0,108.0,342.0)
28        -5.7370e+01    (-97.0,299.0,108.0,341.0)
29        -5.7014e+01    (-97.0,298.0,108.0,341.0)
30        -5.6619e+01    (-97.0,298.0,108.0,340.0)
31        -5.6408e+01    (-97.0,298.0,108.0,339.0)
32        -5.6328e+01    (-97.0,297.0,108.0,339.0)
33        -5.6295e+01    (-97.0,297.0,109.0,339.0)
34        -5.6282e+01    (-97.0,297.0,109.0,338.0)
35        -5.6298e+01    (-97.0,297.0,108.0,338.0)
36        -5.6392e+01    (-97.0,298.0,108.0,338.0)
37        -5.6369e+01    (-97.0,298.0,109.0,338.0)
38        -5.6367e+01    (-97.0,298.0,109.0,339.0)
39        -5.6517e+01    (-98.0,298.0,109.0,339.0)
40        -5.6437e+01    (-98.0,297.0,109.0,339.0)
41        -5.6406e+01    (-98.0,297.0,109.0,338.0)
42        -5.6414e+01    (-98.0,297.0,108.0,338.0)
43        -5.6460e+01    (-98.0,297.0,108.0,339.0)
44        -5.6548e+01    (-98.0,298.0,108.0,339.0)
45        -5.6514e+01    (-98.0,298.0,108.0,338.0)
46        -5.6500e+01    (-98.0,298.0,109.0,338.0)
47        -5.6637e+01    (-98.0,298.0,109.0,337.0)
48        -5.6517e+01    (-98.0,297.0,109.0,337.0)
49        -5.6430e+01    (-97.0,297.0,109.0,337.0)
50        -5.6412e+01    (-97.0,297.0,108.0,337.0)
51        -5.6437e+01    (-97.0,296.0,108.0,337.0)
52        -5.6420e+01    (-97.0,296.0,108.0,336.0)
53        -5.6229e+01    (-97.0,295.0,108.0,336.0)
54        -5.5940e+01    (-97.0,295.0,108.0,335.0)
55        -5.5551e+01    (-97.0,294.0,108.0,335.0)
56        -5.5148e+01    (-97.0,294.0,108.0,334.0)
57        -5.4897e+01    (-97.0,294.0,108.0,333.0)
58        -5.4642e+01    (-97.0,293.0,108.0,333.0)
59        -5.4577e+01    (-97.0,293.0,108.0,332.0)
60        -5.4545e+01    (-97.0,293.0,109.0,332.0)
61        -5.4599e+01    (-97.0,293.0,109.0,333.0)
62        -5.4751e+01    (-98.0,293.0,109.0,333.0)
63        -5.4685e+01    (-98.0,293.0,109.0,332.0)
64        -5.4707e+01    (-98.0,293.0,108.0,332.0)
65        -5.4778e+01    (-98.0,292.0,108.0,332.0)
66        -5.4676e+01    (-97.0,292.0,108.0,332.0)
67        -5.4675e+01    (-97.0,292.0,109.0,332.0)
68        -5.4710e+01    (-97.0,292.0,109.0,331.0)
69        -5.4688e+01    (-97.0,293.0,109.0,331.0)
70        -5.4686e+01    (-97.0,293.0,108.0,331.0)
71        -5.4690e+01    (-97.0,292.0,108.0,331.0)
72        -5.4763e+01    (-97.0,292.0,107.0,331.0)
73        -5.4736e+01    (-97.0,292.0,107.0,330.0)
74        -5.4610e+01    (-97.0,291.0,107.0,330.0)
75        -5.4444e+01    (-97.0,291.0,107.0,329.0)
76        -5.4174e+01    (-97.0,290.0,107.0,329.0)
77        -5.3896e+01    (-97.0,290.0,107.0,328.0)
78        -5.3628e+01    (-97.0,289.0,107.0,328.0)
79        -5.3380e+01    (-97.0,289.0,107.0,327.0)
80        -5.3076e+01    (-97.0,289.0,108.0,327.0)
81        -5.2958e+01    (-97.0,289.0,108.0,326.0)
82        -5.2921e+01    (-97.0,289.0,109.0,326.0)
83        -5.2897e+01    (-97.0,288.0,109.0,326.0)
84        -5.2921e+01    (-97.0,288.0,108.0,326.0)
85        -5.2957e+01    (-97.0,288.0,108.0,325.0)
86        -5.2956e+01    (-97.0,288.0,109.0,325.0)
87        -5.3017e+01    (-97.0,289.0,109.0,325.0)
88        -5.3027e+01    (-97.0,289.0,108.0,325.0)
89        -5.3136e+01    (-98.0,289.0,108.0,325.0)
90        -5.3058e+01    (-98.0,288.0,108.0,325.0)
91        -5.3045e+01    (-98.0,288.0,108.0,326.0)
92        -5.3029e+01    (-98.0,288.0,109.0,326.0)
93        -5.3063e+01    (-98.0,288.0,109.0,325.0)
94        -5.3134e+01    (-98.0,289.0,109.0,325.0)
95        -5.3067e+01    (-98.0,289.0,109.0,326.0)
96        -5.3094e+01    (-98.0,289.0,108.0,326.0)
97        -5.3217e+01    (-98.0,289.0,108.0,327.0)
98        -5.3173e+01    (-98.0,288.0,108.0,327.0)
99        -5.3046e+01    (-97.0,288.0,108.0,327.0)
100       -5.3017e+01    (-97.0,288.0,109.0,327.0)
101       -5.3033e+01    (-97.0,289.0,109.0,327.0)
102       -5.3185e+01    (-98.0,289.0,109.0,327.0)
103       -5.3154e+01    (-98.0,288.0,109.0,327.0)
104       -5.3357e+01    (-98.0,288.0,110.0,327.0)
105       -5.3224e+01    (-98.0,288.0,110.0,326.0)
106       -5.3110e+01    (-97.0,288.0,110.0,326.0)
107       -5.3121e+01    (-97.0,288.0,110.0,325.0)
108       -5.3200e+01    (-97.0,289.0,110.0,325.0)
109       -5.3160e+01    (-97.0,289.0,110.0,326.0)
110       -5.3283e+01    (-97.0,289.0,110.0,327.0)
111       -5.3239e+01    (-97.0,288.0,110.0,327.0)
112       -5.3486e+01    (-97.0,287.0,110.0,327.0)
113       -5.3335e+01    (-97.0,287.0,110.0,326.0)
114       -5.3224e+01    (-97.0,287.0,109.0,326.0)
115       -5.3140e+01    (-97.0,287.0,109.0,325.0)
116       -5.3101e+01    (-97.0,287.0,109.0,324.0)
117       -5.3053e+01    (-97.0,287.0,108.0,324.0)
118       -5.3014e+01    (-97.0,287.0,108.0,323.0)
119       -5.2707e+01    (-97.0,286.0,108.0,323.0)
120       -5.2410e+01    (-97.0,286.0,108.0,322.0)
121       -5.1972e+01    (-97.0,285.0,108.0,322.0)
122       -5.1628e+01    (-97.0,285.0,108.0,321.0)
123       -5.1426e+01    (-97.0,284.0,108.0,321.0)
124       -5.1255e+01    (-97.0,284.0,108.0,320.0)
125       -5.1215e+01    (-97.0,284.0,109.0,320.0)
126       -5.1256e+01    (-97.0,284.0,109.0,319.0)
127       -5.1274e+01    (-97.0,284.0,108.0,319.0)
128       -5.1372e+01    (-97.0,283.0,108.0,319.0)
129       -5.1383e+01    (-97.0,283.0,109.0,319.0)
130       -5.1423e+01    (-97.0,283.0,109.0,320.0)
131       -5.1425e+01    (-97.0,283.0,108.0,320.0)
132       -5.1527e+01    (-98.0,283.0,108.0,320.0)
133       -5.1392e+01    (-98.0,284.0,108.0,320.0)
134       -5.1363e+01    (-98.0,284.0,109.0,320.0)
135       -5.1381e+01    (-98.0,284.0,109.0,319.0)
136       -5.1391e+01    (-98.0,284.0,108.0,319.0)
137       -5.1462e+01    (-98.0,283.0,108.0,319.0)
138       -5.1475e+01    (-98.0,283.0,108.0,318.0)
139       -5.1408e+01    (-97.0,283.0,108.0,318.0)
140       -5.1427e+01    (-97.0,283.0,107.0,318.0)
141       -5.1390e+01    (-97.0,282.0,107.0,318.0)
142       -5.1212e+01    (-97.0,282.0,107.0,317.0)
143       -5.1028e+01    (-97.0,281.0,107.0,317.0)
144       -5.0722e+01    (-97.0,281.0,107.0,316.0)
145       -5.0464e+01    (-97.0,281.0,107.0,315.0)
146       -5.0206e+01    (-97.0,280.0,107.0,315.0)
147       -4.9926e+01    (-97.0,280.0,108.0,315.0)
148       -4.9700e+01    (-97.0,280.0,108.0,314.0)
149       -4.9656e+01    (-97.0,280.0,109.0,314.0)
150       -4.9646e+01    (-97.0,280.0,109.0,313.0)
151       -4.9656e+01    (-97.0,279.0,109.0,313.0)
152       -4.9669e+01    (-97.0,279.0,108.0,313.0)
153       -4.9675e+01    (-97.0,280.0,108.0,313.0)
154       -4.9802e+01    (-98.0,280.0,108.0,313.0)
155       -4.9780e+01    (-98.0,279.0,108.0,313.0)
156       -4.9776e+01    (-98.0,279.0,109.0,313.0)
157       -4.9783e+01    (-98.0,280.0,109.0,313.0)
158       -4.9809e+01    (-98.0,280.0,109.0,314.0)
159       -4.9828e+01    (-98.0,279.0,109.0,314.0)
160       -4.9694e+01    (-97.0,279.0,109.0,314.0)
161       -4.9719e+01    (-97.0,279.0,108.0,314.0)
162       -4.9844e+01    (-98.0,279.0,108.0,314.0)
163       -4.9843e+01    (-98.0,280.0,108.0,314.0)
164       -5.0061e+01    (-98.0,280.0,108.0,315.0)
165       -5.0035e+01    (-98.0,280.0,109.0,315.0)
166       -4.9890e+01    (-97.0,280.0,109.0,315.0)
167       -4.9914e+01    (-97.0,279.0,109.0,315.0)
168       -4.9932e+01    (-97.0,279.0,108.0,315.0)
169       -5.0050e+01    (-98.0,279.0,108.0,315.0)
170       -5.0040e+01    (-98.0,279.0,109.0,315.0)
171       -5.0224e+01    (-98.0,279.0,110.0,315.0)
172       -5.0024e+01    (-98.0,279.0,110.0,314.0)
173       -4.9909e+01    (-97.0,279.0,110.0,314.0)
174       -4.9845e+01    (-97.0,279.0,110.0,313.0)
175       -4.9867e+01    (-97.0,280.0,110.0,313.0)
176       -4.9909e+01    (-97.0,280.0,110.0,314.0)
177       -5.0040e+01    (-98.0,280.0,110.0,314.0)
178       -4.9985e+01    (-98.0,280.0,110.0,313.0)
179       -4.9949e+01    (-98.0,279.0,110.0,313.0)
180       -4.9980e+01    (-98.0,279.0,110.0,312.0)
181       -4.9858e+01    (-98.0,279.0,109.0,312.0)
182       -4.9770e+01    (-97.0,279.0,109.0,312.0)
183       -4.9753e+01    (-97.0,279.0,108.0,312.0)
184       -4.9818e+01    (-97.0,280.0,108.0,312.0)
185       -4.9825e+01    (-97.0,280.0,109.0,312.0)
186       -4.9924e+01    (-98.0,280.0,109.0,312.0)
187       -4.9911e+01    (-98.0,280.0,108.0,312.0)
188       -4.9837e+01    (-98.0,279.0,108.0,312.0)
189       -4.9897e+01    (-98.0,278.0,108.0,312.0)
190       -4.9820e+01    (-98.0,278.0,108.0,311.0)
191       -4.9676e+01    (-98.0,277.0,108.0,311.0)
192       -4.9360e+01    (-98.0,277.0,108.0,310.0)
193       -4.9057e+01    (-98.0,276.0,108.0,310.0)
194       -4.8660e+01    (-98.0,276.0,108.0,309.0)
195       -4.8404e+01    (-98.0,276.0,108.0,308.0)
196       -4.8251e+01    (-98.0,275.0,108.0,308.0)
197       -4.8113e+01    (-97.0,275.0,108.0,308.0)
198       -4.8032e+01    (-97.0,275.0,108.0,307.0)
199       -4.8001e+01    (-97.0,275.0,109.0,307.0)
200       -4.8074e+01    (-97.0,275.0,109.0,308.0)
201       -4.8222e+01    (-98.0,275.0,109.0,308.0)
202       -4.8140e+01    (-98.0,275.0,109.0,307.0)
203       -4.8161e+01    (-98.0,275.0,108.0,307.0)
204       -4.8224e+01    (-98.0,275.0,108.0,306.0)
205       -4.8123e+01    (-97.0,275.0,108.0,306.0)
206       -4.8122e+01    (-97.0,275.0,109.0,306.0)
207       -4.8221e+01    (-97.0,274.0,109.0,306.0)
208       -4.8197e+01    (-97.0,274.0,108.0,306.0)
209       -4.8218e+01    (-97.0,274.0,108.0,307.0)
210       -4.8226e+01    (-97.0,274.0,109.0,307.0)
211       -4.8323e+01    (-98.0,274.0,109.0,307.0)
212       -4.8302e+01    (-98.0,274.0,109.0,306.0)
213       -4.8230e+01    (-98.0,275.0,109.0,306.0)
214       -4.8377e+01    (-98.0,276.0,109.0,306.0)
215       -4.8270e+01    (-97.0,276.0,109.0,306.0)
216       -4.8155e+01    (-97.0,276.0,109.0,307.0)
217       -4.8184e+01    (-97.0,276.0,108.0,307.0)
218       -4.8268e+01    (-97.0,276.0,108.0,308.0)
219       -4.8230e+01    (-97.0,276.0,109.0,308.0)
220       -4.8376e+01    (-98.0,276.0,109.0,308.0)
221       -4.8293e+01    (-98.0,276.0,109.0,307.0)
222       -4.8312e+01    (-98.0,276.0,108.0,307.0)
223       -4.8371e+01    (-98.0,276.0,108.0,306.0)
224       -4.8271e+01    (-97.0,276.0,108.0,306.0)
225       -4.8417e+01    (-97.0,276.0,107.0,306.0)
226       -4.8274e+01    (-97.0,275.0,107.0,306.0)
227       -4.8254e+01    (-97.0,274.0,107.0,306.0)
228       -4.8209e+01    (-97.0,274.0,107.0,305.0)
229       -4.8113e+01    (-97.0,273.0,107.0,305.0)
230       -4.7923e+01    (-97.0,273.0,107.0,304.0)
231       -4.7689e+01    (-97.0,272.0,107.0,304.0)
232       -4.7396e+01    (-97.0,272.0,107.0,303.0)
233       -4.7169e+01    (-97.0,272.0,107.0,302.0)
234       -4.6929e+01    (-97.0,271.0,107.0,302.0)
235       -4.6625e+01    (-97.0,271.0,108.0,302.0)
236       -4.6493e+01    (-97.0,271.0,108.0,301.0)
237       -4.6453e+01    (-97.0,271.0,109.0,301.0)
238       -4.6535e+01    (-97.0,270.0,109.0,301.0)
239       -4.6552e+01    (-97.0,270.0,108.0,301.0)
240       -4.6561e+01    (-97.0,270.0,108.0,300.0)
241       -4.6554e+01    (-97.0,271.0,108.0,300.0)
242       -4.6539e+01    (-97.0,271.0,109.0,300.0)
243       -4.6563e+01    (-97.0,270.0,109.0,300.0)
244       -4.6667e+01    (-98.0,270.0,109.0,300.0)
245       -4.6659e+01    (-98.0,270.0,108.0,300.0)
246       -4.6668e+01    (-98.0,270.0,108.0,301.0)
247       -4.6632e+01    (-98.0,271.0,108.0,301.0)
248       -4.6602e+01    (-98.0,271.0,109.0,301.0)
249       -4.6660e+01    (-98.0,270.0,109.0,301.0)
250       -4.6796e+01    (-98.0,270.0,109.0,302.0)
251       -4.6670e+01    (-97.0,270.0,109.0,302.0)
252       -4.6582e+01    (-97.0,271.0,109.0,302.0)
253       -4.6734e+01    (-98.0,271.0,109.0,302.0)
254       -4.6766e+01    (-98.0,271.0,108.0,302.0)
255       -4.6807e+01    (-98.0,270.0,108.0,302.0)
256       -4.6688e+01    (-97.0,270.0,108.0,302.0)
257       -4.6904e+01    (-97.0,270.0,107.0,302.0)
258       -4.6761e+01    (-97.0,270.0,107.0,301.0)
259       -4.6699e+01    (-97.0,270.0,107.0,300.0)
260       -4.6697e+01    (-97.0,270.0,107.0,299.0)
261       -4.6637e+01    (-97.0,269.0,107.0,299.0)
262       -4.6520e+01    (-97.0,269.0,107.0,298.0)
263       -4.6317e+01    (-97.0,268.0,107.0,298.0)
264       -4.6062e+01    (-97.0,268.0,107.0,297.0)
265       -4.5800e+01    (-97.0,267.0,107.0,297.0)
266       -4.5531e+01    (-97.0,267.0,107.0,296.0)
267       -4.5257e+01    (-97.0,267.0,108.0,296.0)
268       -4.5072e+01    (-97.0,267.0,108.0,295.0)
269       -4.4968e+01    (-97.0,266.0,108.0,295.0)
270       -4.4932e+01    (-97.0,266.0,109.0,295.0)
271       -4.4950e+01    (-97.0,266.0,109.0,294.0)
272       -4.4968e+01    (-97.0,266.0,108.0,294.0)
273       -4.5078e+01    (-97.0,267.0,108.0,294.0)
274       -4.5057e+01    (-97.0,267.0,109.0,294.0)
275       -4.5033e+01    (-97.0,267.0,109.0,295.0)
276       -4.5181e+01    (-98.0,267.0,109.0,295.0)
277       -4.5076e+01    (-98.0,266.0,109.0,295.0)
278       -4.5075e+01    (-98.0,266.0,109.0,294.0)
279       -4.5085e+01    (-98.0,266.0,108.0,294.0)
280       -4.5102e+01    (-98.0,266.0,108.0,295.0)
281       -4.5209e+01    (-98.0,267.0,108.0,295.0)
282       -4.5197e+01    (-98.0,267.0,108.0,294.0)
283       -4.5185e+01    (-98.0,267.0,109.0,294.0)
284       -4.5341e+01    (-98.0,267.0,109.0,293.0)
285       -4.5220e+01    (-98.0,266.0,109.0,293.0)
286       -4.5132e+01    (-97.0,266.0,109.0,293.0)
287       -4.5114e+01    (-97.0,266.0,108.0,293.0)
288       -4.5140e+01    (-97.0,265.0,108.0,293.0)
289       -4.5145e+01    (-97.0,265.0,108.0,294.0)
290       -4.5165e+01    (-97.0,265.0,109.0,294.0)
291       -4.5176e+01    (-97.0,265.0,109.0,293.0)
292       -4.5229e+01    (-97.0,265.0,109.0,292.0)
293       -4.5044e+01    (-97.0,264.0,109.0,292.0)
294       -4.4792e+01    (-97.0,264.0,109.0,291.0)
295       -4.4370e+01    (-97.0,263.0,109.0,291.0)
296       -4.3975e+01    (-97.0,263.0,109.0,290.0)
297       -4.3698e+01    (-97.0,262.0,109.0,290.0)
298       -4.3447e+01    (-97.0,262.0,109.0,289.0)
299       -4.3421e+01    (-97.0,262.0,109.0,288.0)
300       -4.3453e+01    (-97.0,262.0,108.0,288.0)
301       -4.3492e+01    (-97.0,262.0,108.0,289.0)
302       -4.3606e+01    (-97.0,261.0,108.0,289.0)
303       -4.3535e+01    (-97.0,261.0,108.0,288.0)
304       -4.3529e+01    (-97.0,261.0,109.0,288.0)
305       -4.3591e+01    (-97.0,261.0,109.0,289.0)
306       -4.3713e+01    (-98.0,261.0,109.0,289.0)
307       -4.3601e+01    (-98.0,262.0,109.0,289.0)
308       -4.3561e+01    (-98.0,262.0,109.0,288.0)
309       -4.3583e+01    (-98.0,262.0,108.0,288.0)
310       -4.3634e+01    (-98.0,262.0,108.0,289.0)
311       -4.3720e+01    (-98.0,261.0,108.0,289.0)
312       -4.3641e+01    (-98.0,261.0,108.0,288.0)
313       -4.3642e+01    (-98.0,261.0,109.0,288.0)
314       -4.3693e+01    (-98.0,261.0,109.0,287.0)
315       -4.3605e+01    (-97.0,261.0,109.0,287.0)
316       -4.3588e+01    (-97.0,261.0,108.0,287.0)
317       -4.3589e+01    (-97.0,262.0,108.0,287.0)
318       -4.3591e+01    (-97.0,262.0,109.0,287.0)
319       -4.3695e+01    (-98.0,262.0,109.0,287.0)
320       -4.3687e+01    (-98.0,262.0,108.0,287.0)
321       -4.3671e+01    (-98.0,261.0,108.0,287.0)
322       -4.3737e+01    (-98.0,261.0,107.0,287.0)
323       -4.3669e+01    (-97.0,261.0,107.0,287.0)
324       -4.3675e+01    (-97.0,261.0,107.0,286.0)
325       -4.3562e+01    (-97.0,260.0,107.0,286.0)
326       -4.3433e+01    (-97.0,260.0,107.0,285.0)
327       -4.3174e+01    (-97.0,259.0,107.0,285.0)
328       -4.2928e+01    (-97.0,259.0,107.0,284.0)
329       -4.2660e+01    (-97.0,258.0,107.0,284.0)
330       -4.2425e+01    (-97.0,258.0,108.0,284.0)
331       -4.2137e+01    (-97.0,258.0,108.0,283.0)
332       -4.2044e+01    (-97.0,258.0,108.0,282.0)
333       -4.1985e+01    (-97.0,257.0,108.0,282.0)
334       -4.1957e+01    (-97.0,257.0,109.0,282.0)
335       -4.2008e+01    (-97.0,258.0,109.0,282.0)
336       -4.2095e+01    (-97.0,258.0,109.0,283.0)
337       -4.2050e+01    (-97.0,257.0,109.0,283.0)
338       -4.2082e+01    (-97.0,257.0,108.0,283.0)
339       -4.2214e+01    (-98.0,257.0,108.0,283.0)
340       -4.2111e+01    (-98.0,257.0,108.0,282.0)
341       -4.2093e+01    (-98.0,257.0,109.0,282.0)
342       -4.2152e+01    (-98.0,258.0,109.0,282.0)
343       -4.2178e+01    (-98.0,258.0,108.0,282.0)
344       -4.2242e+01    (-98.0,258.0,108.0,281.0)
345       -4.2134e+01    (-97.0,258.0,108.0,281.0)
346       -4.2053e+01    (-97.0,257.0,108.0,281.0)
347       -4.2051e+01    (-97.0,257.0,109.0,281.0)
348       -4.2126e+01    (-97.0,258.0,109.0,281.0)
349       -4.2241e+01    (-98.0,258.0,109.0,281.0)
350       -4.2160e+01    (-98.0,257.0,109.0,281.0)
351       -4.2156e+01    (-98.0,257.0,108.0,281.0)
352       -4.2269e+01    (-98.0,256.0,108.0,281.0)
353       -4.2197e+01    (-97.0,256.0,108.0,281.0)
354       -4.2192e+01    (-97.0,256.0,108.0,280.0)
355       -4.2165e+01    (-97.0,256.0,107.0,280.0)
356       -4.2100e+01    (-97.0,255.0,107.0,280.0)
357       -4.1887e+01    (-97.0,255.0,107.0,279.0)
358       -4.1686e+01    (-97.0,255.0,107.0,278.0)
359       -4.1383e+01    (-97.0,254.0,107.0,278.0)
360       -4.1148e+01    (-97.0,254.0,107.0,277.0)
361       -4.0898e+01    (-97.0,254.0,108.0,277.0)
362       -4.0673e+01    (-97.0,253.0,108.0,277.0)
363       -4.0527e+01    (-97.0,253.0,108.0,276.0)
364       -4.0486e+01    (-97.0,253.0,109.0,276.0)
365       -4.0555e+01    (-97.0,253.0,109.0,275.0)
366       -4.0574e+01    (-97.0,253.0,108.0,275.0)
367       -4.0660e+01    (-97.0,252.0,108.0,275.0)
368       -4.0668e+01    (-97.0,252.0,109.0,275.0)
369       -4.0671e+01    (-97.0,252.0,109.0,276.0)
370       -4.0679e+01    (-97.0,252.0,108.0,276.0)
371       -4.0786e+01    (-98.0,252.0,108.0,276.0)
372       -4.0666e+01    (-98.0,253.0,108.0,276.0)
373       -4.0636e+01    (-98.0,253.0,109.0,276.0)
374       -4.0681e+01    (-98.0,253.0,109.0,275.0)
375       -4.0691e+01    (-98.0,253.0,108.0,275.0)
376       -4.0754e+01    (-98.0,252.0,108.0,275.0)
377       -4.0766e+01    (-98.0,252.0,109.0,275.0)
378       -4.0785e+01    (-98.0,252.0,109.0,276.0)
379       -4.0929e+01    (-98.0,252.0,109.0,277.0)
380       -4.0782e+01    (-98.0,253.0,109.0,277.0)
381       -4.0633e+01    (-97.0,253.0,109.0,277.0)
382       -4.0815e+01    (-97.0,252.0,109.0,277.0)
383       -4.0822e+01    (-97.0,252.0,108.0,277.0)
384       -4.0928e+01    (-98.0,252.0,108.0,277.0)
385       -4.0811e+01    (-98.0,253.0,108.0,277.0)
386       -4.1025e+01    (-98.0,254.0,108.0,277.0)
387       -4.0880e+01    (-98.0,254.0,108.0,276.0)
388       -4.0753e+01    (-97.0,254.0,108.0,276.0)
389       -4.0724e+01    (-97.0,254.0,109.0,276.0)
390       -4.0767e+01    (-97.0,254.0,109.0,275.0)
391       -4.0777e+01    (-97.0,254.0,108.0,275.0)
392       -4.0886e+01    (-98.0,254.0,108.0,275.0)
393       -4.0884e+01    (-98.0,254.0,109.0,275.0)
394       -4.0861e+01    (-98.0,254.0,109.0,276.0)
395       -4.1006e+01    (-98.0,254.0,109.0,277.0)
396       -4.0870e+01    (-97.0,254.0,109.0,277.0)
397       -4.1090e+01    (-97.0,254.0,110.0,277.0)
398       -4.0877e+01    (-97.0,253.0,110.0,277.0)
399       -4.0732e+01    (-97.0,253.0,110.0,276.0)
400       -4.0756e+01    (-97.0,253.0,110.0,275.0)
401       -4.0817e+01    (-97.0,252.0,110.0,275.0)
402       -4.0850e+01    (-97.0,252.0,110.0,276.0)
403       -4.0950e+01    (-98.0,252.0,110.0,276.0)
404       -4.0860e+01    (-98.0,253.0,110.0,276.0)
405       -4.0866e+01    (-98.0,253.0,110.0,275.0)
406       -4.0905e+01    (-98.0,252.0,110.0,275.0)
407       -4.0935e+01    (-98.0,252.0,110.0,274.0)
408       -4.0843e+01    (-98.0,252.0,109.0,274.0)
409       -4.0772e+01    (-97.0,252.0,109.0,274.0)
410       -4.0738e+01    (-97.0,252.0,108.0,274.0)
411       -4.0762e+01    (-97.0,252.0,107.0,274.0)
412       -4.0736e+01    (-97.0,251.0,107.0,274.0)
413       -4.0596e+01    (-97.0,251.0,107.0,273.0)
414       -4.0424e+01    (-97.0,250.0,107.0,273.0)
415       -4.0151e+01    (-97.0,250.0,107.0,272.0)
416       -3.9923e+01    (-97.0,250.0,107.0,271.0)
417       -3.9661e+01    (-97.0,249.0,107.0,271.0)
418       -3.9383e+01    (-97.0,249.0,108.0,271.0)
419       -3.9183e+01    (-97.0,249.0,108.0,270.0)
420       -3.9140e+01    (-97.0,249.0,109.0,270.0)
421       -3.9150e+01    (-97.0,248.0,109.0,270.0)
422       -3.9143e+01    (-97.0,248.0,109.0,269.0)
423       -3.9155e+01    (-97.0,249.0,109.0,269.0)
424       -3.9182e+01    (-97.0,249.0,108.0,269.0)
425       -3.9158e+01    (-97.0,248.0,108.0,269.0)
426       -3.9179e+01    (-97.0,248.0,108.0,270.0)
427       -3.9307e+01    (-98.0,248.0,108.0,270.0)
428       -3.9273e+01    (-98.0,248.0,108.0,269.0)
429       -3.9265e+01    (-98.0,248.0,109.0,269.0)
430       -3.9287e+01    (-98.0,248.0,109.0,270.0)
431       -3.9292e+01    (-98.0,249.0,109.0,270.0)
432       -3.9290e+01    (-98.0,249.0,109.0,269.0)
433       -3.9308e+01    (-98.0,249.0,108.0,269.0)
434       -3.9325e+01    (-98.0,249.0,108.0,270.0)
435       -3.9517e+01    (-98.0,249.0,108.0,271.0)
436       -3.9491e+01    (-98.0,248.0,108.0,271.0)
437       -3.9369e+01    (-97.0,248.0,108.0,271.0)
438       -3.9347e+01    (-97.0,248.0,109.0,271.0)
439       -3.9348e+01    (-97.0,249.0,109.0,271.0)
440       -3.9492e+01    (-98.0,249.0,109.0,271.0)
441       -3.9477e+01    (-98.0,248.0,109.0,271.0)
442       -3.9668e+01    (-98.0,248.0,110.0,271.0)
443       -3.9490e+01    (-98.0,248.0,110.0,270.0)
444       -3.9372e+01    (-97.0,248.0,110.0,270.0)
445       -3.9337e+01    (-97.0,248.0,110.0,269.0)
446       -3.9374e+01    (-97.0,249.0,110.0,269.0)
447       -3.9391e+01    (-97.0,249.0,110.0,270.0)
448       -3.9521e+01    (-98.0,249.0,110.0,270.0)
449       -3.9490e+01    (-98.0,249.0,110.0,269.0)
450       -3.9444e+01    (-98.0,248.0,110.0,269.0)
451       -3.9508e+01    (-98.0,248.0,110.0,268.0)
452       -3.9384e+01    (-98.0,248.0,109.0,268.0)
453       -3.9294e+01    (-97.0,248.0,109.0,268.0)
454       -3.9279e+01    (-97.0,248.0,108.0,268.0)
455       -3.9347e+01    (-97.0,249.0,108.0,268.0)
456       -3.9356e+01    (-97.0,249.0,109.0,268.0)
457       -3.9453e+01    (-98.0,249.0,109.0,268.0)
458       -3.9439e+01    (-98.0,249.0,108.0,268.0)
459       -3.9364e+01    (-98.0,248.0,108.0,268.0)
460       -3.9426e+01    (-98.0,247.0,108.0,268.0)
461       -3.9365e+01    (-97.0,247.0,108.0,268.0)
462       -3.9347e+01    (-97.0,247.0,108.0,267.0)
463       -3.9214e+01    (-97.0,246.0,108.0,267.0)
464       -3.8924e+01    (-97.0,246.0,108.0,266.0)
465       -3.8598e+01    (-97.0,245.0,108.0,266.0)
466       -3.8203e+01    (-97.0,245.0,108.0,265.0)
467       -3.7961e+01    (-97.0,245.0,108.0,264.0)
468       -3.7782e+01    (-97.0,244.0,108.0,264.0)
469       -3.7727e+01    (-97.0,244.0,108.0,263.0)
470       -3.7695e+01    (-97.0,244.0,109.0,263.0)
471       -3.7741e+01    (-97.0,244.0,109.0,264.0)
472       -3.7891e+01    (-98.0,244.0,109.0,264.0)
473       -3.7836e+01    (-98.0,244.0,109.0,263.0)
474       -3.7858e+01    (-98.0,244.0,108.0,263.0)
475       -3.7922e+01    (-98.0,244.0,108.0,264.0)
476       -3.8087e+01    (-98.0,243.0,108.0,264.0)
477       -3.7984e+01    (-97.0,243.0,108.0,264.0)
478       -3.7898e+01    (-97.0,243.0,108.0,263.0)
479       -3.7901e+01    (-97.0,243.0,109.0,263.0)
480       -3.7938e+01    (-97.0,243.0,109.0,262.0)
481       -3.7847e+01    (-97.0,244.0,109.0,262.0)
482       -3.7849e+01    (-97.0,244.0,108.0,262.0)
483       -3.7916e+01    (-97.0,243.0,108.0,262.0)
484       -3.7985e+01    (-97.0,243.0,107.0,262.0)
485       -3.7975e+01    (-97.0,243.0,107.0,261.0)
486       -3.7891e+01    (-97.0,242.0,107.0,261.0)
487       -3.7739e+01    (-97.0,242.0,107.0,260.0)
488       -3.7514e+01    (-97.0,241.0,107.0,260.0)
489       -3.7253e+01    (-97.0,241.0,107.0,259.0)
490       -3.7035e+01    (-97.0,240.0,107.0,259.0)
491       -3.6809e+01    (-97.0,240.0,108.0,259.0)
492       -3.6505e+01    (-97.0,240.0,108.0,258.0)
493       -3.6398e+01    (-97.0,240.0,108.0,257.0)
494       -3.6358e+01    (-97.0,240.0,109.0,257.0)
495       -3.6415e+01    (-97.0,239.0,109.0,257.0)
496       -3.6436e+01    (-97.0,239.0,108.0,257.0)
497       -3.6478e+01    (-97.0,239.0,108.0,256.0)
498       -3.6478e+01    (-97.0,239.0,109.0,256.0)
499       -3.6470e+01    (-97.0,240.0,109.0,256.0)
500       -3.6484e+01    (-97.0,240.0,108.0,256.0)
501       -3.6598e+01    (-98.0,240.0,108.0,256.0)
502       -3.6537e+01    (-98.0,240.0,108.0,257.0)
503       -3.6507e+01    (-98.0,240.0,109.0,257.0)
504       -3.6544e+01    (-98.0,239.0,109.0,257.0)
505       -3.6556e+01    (-98.0,239.0,108.0,257.0)
506       -3.6579e+01    (-98.0,239.0,108.0,256.0)
507       -3.6585e+01    (-98.0,239.0,109.0,256.0)
508       -3.6591e+01    (-98.0,240.0,109.0,256.0)
509       -3.6768e+01    (-98.0,240.0,110.0,256.0)
510       -3.6662e+01    (-97.0,240.0,110.0,256.0)
511       -3.6603e+01    (-97.0,240.0,110.0,257.0)
512       -3.6621e+01    (-97.0,239.0,110.0,257.0)
513       -3.6643e+01    (-97.0,239.0,110.0,256.0)
514       -3.6737e+01    (-98.0,239.0,110.0,256.0)
515       -3.6733e+01    (-98.0,239.0,110.0,257.0)
516       -3.6730e+01    (-98.0,240.0,110.0,257.0)
517       -3.6841e+01    (-98.0,240.0,110.0,258.0)
518       -3.6614e+01    (-98.0,240.0,109.0,258.0)
519       -3.6462e+01    (-97.0,240.0,109.0,258.0)
520       -3.6523e+01    (-97.0,239.0,109.0,258.0)
521       -3.6547e+01    (-97.0,239.0,108.0,258.0)
522       -3.6669e+01    (-98.0,239.0,108.0,258.0)
523       -3.6646e+01    (-98.0,240.0,108.0,258.0)
524       -3.6909e+01    (-98.0,240.0,107.0,258.0)
525       -3.6791e+01    (-98.0,240.0,107.0,257.0)
526       -3.6693e+01    (-97.0,240.0,107.0,257.0)
527       -3.6660e+01    (-97.0,239.0,107.0,257.0)
528       -3.6627e+01    (-97.0,239.0,107.0,256.0)
529       -3.6656e+01    (-97.0,239.0,107.0,255.0)
530       -3.6606e+01    (-97.0,238.0,107.0,255.0)
531       -3.6527e+01    (-97.0,238.0,107.0,254.0)
532       -3.6336e+01    (-97.0,237.0,107.0,254.0)
533       -3.6115e+01    (-97.0,237.0,107.0,253.0)
534       -3.5856e+01    (-97.0,236.0,107.0,253.0)
535       -3.5614e+01    (-97.0,236.0,107.0,252.0)
536       -3.5346e+01    (-97.0,236.0,108.0,252.0)
537       -3.5188e+01    (-97.0,236.0,108.0,251.0)
538       -3.5059e+01    (-97.0,235.0,108.0,251.0)
539       -3.5021e+01    (-97.0,235.0,109.0,251.0)
540       -3.5069e+01    (-97.0,235.0,109.0,250.0)
541       -3.5088e+01    (-97.0,235.0,108.0,250.0)
542       -3.5207e+01    (-98.0,235.0,108.0,250.0)
543       -3.5196e+01    (-98.0,235.0,108.0,251.0)
544       -3.5168e+01    (-98.0,235.0,109.0,251.0)
545       -3.5196e+01    (-98.0,235.0,109.0,250.0)
546       -3.5322e+01    (-98.0,236.0,109.0,250.0)
547       -3.5196e+01    (-97.0,236.0,109.0,250.0)
548       -3.5151e+01    (-97.0,236.0,109.0,251.0)
549       -3.5296e+01    (-98.0,236.0,109.0,251.0)
550       -3.5323e+01    (-98.0,236.0,108.0,251.0)
551       -3.5332e+01    (-98.0,236.0,108.0,250.0)
552       -3.5215e+01    (-97.0,236.0,108.0,250.0)
553       -3.5390e+01    (-97.0,236.0,108.0,249.0)
554       -3.5267e+01    (-97.0,235.0,108.0,249.0)
555       -3.5285e+01    (-97.0,235.0,109.0,249.0)
556       -3.5328e+01    (-97.0,234.0,109.0,249.0)
557       -3.5270e+01    (-97.0,234.0,109.0,250.0)
558       -3.5255e+01    (-97.0,234.0,108.0,250.0)
559       -3.5293e+01    (-97.0,234.0,108.0,249.0)
560       -3.5313e+01    (-97.0,234.0,107.0,249.0)
561       -3.5301e+01    (-97.0,234.0,107.0,248.0)
562       -3.5155e+01    (-97.0,233.0,107.0,248.0)
563       -3.4994e+01    (-97.0,233.0,107.0,247.0)
564       -3.4726e+01    (-97.0,232.0,107.0,247.0)
565       -3.4486e+01    (-97.0,232.0,107.0,246.0)
566       -3.4279e+01    (-97.0,231.0,107.0,246.0)
567       -3.4008e+01    (-97.0,231.0,108.0,246.0)
568       -3.3794e+01    (-97.0,231.0,108.0,245.0)
569       -3.3749e+01    (-97.0,231.0,109.0,245.0)
570       -3.3749e+01    (-97.0,231.0,109.0,244.0)
571       -3.3781e+01    (-97.0,231.0,108.0,244.0)
572       -3.3846e+01    (-97.0,230.0,108.0,244.0)
573       -3.3836e+01    (-97.0,230.0,109.0,244.0)
574       -3.3867e+01    (-97.0,230.0,109.0,245.0)
575       -3.3887e+01    (-97.0,230.0,108.0,245.0)
576       -3.4005e+01    (-98.0,230.0,108.0,245.0)
577       -3.3936e+01    (-98.0,231.0,108.0,245.0)
578       -3.3903e+01    (-98.0,231.0,109.0,245.0)
579       -3.3889e+01    (-98.0,231.0,109.0,244.0)
580       -3.3911e+01    (-98.0,231.0,108.0,244.0)
581       -3.3955e+01    (-98.0,230.0,108.0,244.0)
582       -3.3953e+01    (-98.0,230.0,109.0,244.0)
583       -3.3994e+01    (-98.0,230.0,109.0,245.0)
584       -3.4181e+01    (-98.0,230.0,110.0,245.0)
585       -3.4070e+01    (-97.0,230.0,110.0,245.0)
586       -3.4003e+01    (-97.0,231.0,110.0,245.0)
587       -3.3976e+01    (-97.0,231.0,110.0,244.0)
588       -3.4020e+01    (-97.0,230.0,110.0,244.0)
589       -3.4084e+01    (-97.0,230.0,110.0,243.0)
590       -3.3951e+01    (-97.0,230.0,109.0,243.0)
591       -3.3936e+01    (-97.0,230.0,108.0,243.0)
592       -3.3942e+01    (-97.0,231.0,108.0,243.0)
593       -3.3945e+01    (-97.0,231.0,109.0,243.0)
594       -3.4049e+01    (-98.0,231.0,109.0,243.0)
595       -3.4040e+01    (-98.0,231.0,108.0,243.0)
596       -3.4021e+01    (-98.0,230.0,108.0,243.0)
597       -3.4041e+01    (-98.0,230.0,109.0,243.0)
598       -3.4165e+01    (-98.0,230.0,110.0,243.0)
599       -3.4122e+01    (-98.0,230.0,110.0,244.0)
600       -3.4097e+01    (-98.0,231.0,110.0,244.0)
601       -3.4134e+01    (-98.0,231.0,110.0,245.0)
602       -3.4328e+01    (-98.0,231.0,110.0,246.0)
603       -3.4117e+01    (-98.0,231.0,109.0,246.0)
604       -3.3974e+01    (-97.0,231.0,109.0,246.0)
605       -3.4066e+01    (-97.0,230.0,109.0,246.0)
606       -3.4078e+01    (-97.0,230.0,108.0,246.0)
607       -3.4189e+01    (-98.0,230.0,108.0,246.0)
608       -3.4140e+01    (-98.0,231.0,108.0,246.0)
609       -3.4374e+01    (-98.0,231.0,107.0,246.0)
610       -3.4206e+01    (-98.0,231.0,107.0,245.0)
611       -3.4105e+01    (-97.0,231.0,107.0,245.0)
612       -3.4044e+01    (-97.0,231.0,107.0,244.0)
613       -3.4029e+01    (-97.0,230.0,107.0,244.0)
614       -3.4024e+01    (-97.0,230.0,107.0,243.0)
615       -3.4055e+01    (-97.0,229.0,107.0,243.0)
616       -3.3963e+01    (-97.0,229.0,107.0,242.0)
617       -3.3864e+01    (-97.0,228.0,107.0,242.0)
618       -3.3623e+01    (-97.0,228.0,107.0,241.0)
619       -3.3410e+01    (-97.0,228.0,107.0,240.0)
620       -3.3141e+01    (-97.0,227.0,107.0,240.0)
621       -3.2910e+01    (-97.0,227.0,108.0,240.0)
622       -3.2650e+01    (-97.0,227.0,108.0,239.0)
623       -3.2571e+01    (-97.0,226.0,108.0,239.0)
624       -3.2500e+01    (-97.0,226.0,108.0,238.0)
625       -3.2470e+01    (-97.0,226.0,109.0,238.0)
626       -3.2535e+01    (-97.0,226.0,109.0,239.0)
627       -3.2610e+01    (-97.0,227.0,109.0,239.0)
628       -3.2547e+01    (-97.0,227.0,109.0,238.0)
629       -3.2581e+01    (-97.0,227.0,108.0,238.0)
630       -3.2692e+01    (-97.0,227.0,108.0,237.0)
631       -3.2601e+01    (-97.0,226.0,108.0,237.0)
632       -3.2597e+01    (-97.0,226.0,109.0,237.0)
633       -3.2686e+01    (-97.0,227.0,109.0,237.0)
634       -3.2799e+01    (-98.0,227.0,109.0,237.0)
635       -3.2690e+01    (-98.0,227.0,109.0,238.0)
636       -3.2609e+01    (-98.0,226.0,109.0,238.0)
637       -3.2629e+01    (-98.0,226.0,108.0,238.0)
638       -3.2704e+01    (-98.0,226.0,108.0,237.0)
639       -3.2708e+01    (-98.0,226.0,109.0,237.0)
640       -3.2845e+01    (-98.0,225.0,109.0,237.0)
641       -3.2767e+01    (-97.0,225.0,109.0,237.0)
642       -3.2740e+01    (-97.0,225.0,108.0,237.0)
643       -3.2755e+01    (-97.0,225.0,108.0,238.0)
644       -3.2769e+01    (-97.0,225.0,109.0,238.0)
645       -3.2860e+01    (-98.0,225.0,109.0,238.0)
646       -3.2841e+01    (-98.0,225.0,108.0,238.0)
647       -3.2815e+01    (-98.0,225.0,108.0,237.0)
648       -3.2838e+01    (-98.0,225.0,108.0,236.0)
649       -3.2781e+01    (-97.0,225.0,108.0,236.0)
650       -3.2757e+01    (-97.0,225.0,107.0,236.0)
651       -3.2705e+01    (-97.0,224.0,107.0,236.0)
652       -3.2529e+01    (-97.0,224.0,107.0,235.0)
653       -3.2339e+01    (-97.0,223.0,107.0,235.0)
654       -3.2064e+01    (-97.0,223.0,107.0,234.0)
655       -3.1857e+01    (-97.0,223.0,107.0,233.0)
656       -3.1620e+01    (-97.0,223.0,108.0,233.0)
657       -3.1372e+01    (-97.0,222.0,108.0,233.0)
658       -3.1251e+01    (-97.0,222.0,108.0,232.0)
659       -3.1210e+01    (-97.0,222.0,109.0,232.0)
660       -3.1307e+01    (-97.0,222.0,109.0,231.0)
661       -3.1325e+01    (-97.0,222.0,108.0,231.0)
662       -3.1400e+01    (-97.0,221.0,108.0,231.0)
663       -3.1384e+01    (-97.0,221.0,108.0,232.0)
664       -3.1371e+01    (-97.0,221.0,109.0,232.0)
665       -3.1403e+01    (-97.0,221.0,109.0,231.0)
666       -3.1506e+01    (-98.0,221.0,109.0,231.0)
667       -3.1433e+01    (-98.0,222.0,109.0,231.0)
668       -3.1360e+01    (-98.0,222.0,109.0,232.0)
669       -3.1391e+01    (-98.0,222.0,108.0,232.0)
670       -3.1443e+01    (-98.0,222.0,108.0,231.0)
671       -3.1496e+01    (-98.0,221.0,108.0,231.0)
672       -3.1495e+01    (-98.0,221.0,108.0,232.0)
673       -3.1491e+01    (-98.0,221.0,109.0,232.0)
674       -3.1610e+01    (-98.0,221.0,109.0,233.0)
675       -3.1481e+01    (-98.0,222.0,109.0,233.0)
676       -3.1331e+01    (-97.0,222.0,109.0,233.0)
677       -3.1491e+01    (-97.0,221.0,109.0,233.0)
678       -3.1503e+01    (-97.0,221.0,108.0,233.0)
679       -3.1614e+01    (-98.0,221.0,108.0,233.0)
680       -3.1511e+01    (-98.0,222.0,108.0,233.0)
681       -3.1744e+01    (-98.0,223.0,108.0,233.0)
682       -3.1624e+01    (-98.0,223.0,108.0,232.0)
683       -3.1500e+01    (-97.0,223.0,108.0,232.0)
684       -3.1475e+01    (-97.0,223.0,109.0,232.0)
685       -3.1535e+01    (-97.0,223.0,109.0,231.0)
686       -3.1541e+01    (-97.0,223.0,108.0,231.0)
687       -3.1647e+01    (-98.0,223.0,108.0,231.0)
688       -3.1648e+01    (-98.0,223.0,109.0,231.0)
689       -3.1608e+01    (-98.0,223.0,109.0,232.0)
690       -3.1728e+01    (-98.0,223.0,109.0,233.0)
691       -3.1596e+01    (-97.0,223.0,109.0,233.0)
692       -3.1809e+01    (-97.0,223.0,110.0,233.0)
693       -3.1577e+01    (-97.0,222.0,110.0,233.0)
694       -3.1457e+01    (-97.0,222.0,110.0,232.0)
695       -3.1508e+01    (-97.0,222.0,110.0,231.0)
696       -3.1560e+01    (-97.0,221.0,110.0,231.0)
697       -3.1560e+01    (-97.0,221.0,110.0,232.0)
698       -3.1664e+01    (-98.0,221.0,110.0,232.0)
699       -3.1586e+01    (-98.0,222.0,110.0,232.0)
700       -3.1617e+01    (-98.0,222.0,110.0,231.0)
701       -3.1651e+01    (-98.0,221.0,110.0,231.0)
702       -3.1718e+01    (-98.0,221.0,110.0,230.0)
703       -3.1623e+01    (-98.0,221.0,109.0,230.0)
704       -3.1551e+01    (-97.0,221.0,109.0,230.0)
705       -3.1519e+01    (-97.0,221.0,108.0,230.0)
706       -3.1547e+01    (-97.0,221.0,107.0,230.0)
707       -3.1531e+01    (-97.0,220.0,107.0,230.0)
708       -3.1429e+01    (-97.0,220.0,107.0,229.0)
709       -3.1269e+01    (-97.0,219.0,107.0,229.0)
710       -3.1029e+01    (-97.0,219.0,107.0,228.0)
711       -3.0815e+01    (-97.0,218.0,107.0,228.0)
712       -3.0567e+01    (-97.0,218.0,107.0,227.0)
713       -3.0293e+01    (-97.0,218.0,108.0,227.0)
714       -3.0119e+01    (-97.0,218.0,108.0,226.0)
715       -3.0077e+01    (-97.0,218.0,109.0,226.0)
716       -3.0058e+01    (-97.0,217.0,109.0,226.0)
717       -3.0081e+01    (-97.0,217.0,109.0,225.0)
718       -3.0099e+01    (-97.0,217.0,108.0,225.0)
719       -3.0090e+01    (-97.0,217.0,108.0,226.0)
720       -3.0221e+01    (-98.0,217.0,108.0,226.0)
721       -3.0199e+01    (-98.0,217.0,109.0,226.0)
722       -3.0207e+01    (-98.0,217.0,109.0,225.0)
723       -3.0216e+01    (-98.0,217.0,108.0,225.0)
724       -3.0266e+01    (-98.0,218.0,108.0,225.0)
725       -3.0141e+01    (-97.0,218.0,108.0,225.0)
726       -3.0116e+01    (-97.0,218.0,109.0,225.0)
727       -3.0249e+01    (-98.0,218.0,109.0,225.0)
728       -3.0228e+01    (-98.0,218.0,109.0,226.0)
729       -3.0259e+01    (-98.0,218.0,108.0,226.0)
730       -3.0426e+01    (-98.0,218.0,108.0,227.0)
731       -3.0383e+01    (-98.0,217.0,108.0,227.0)
732       -3.0258e+01    (-97.0,217.0,108.0,227.0)
733       -3.0232e+01    (-97.0,217.0,109.0,227.0)
734       -3.0258e+01    (-97.0,218.0,109.0,227.0)
735       -3.0401e+01    (-98.0,218.0,109.0,227.0)
736       -3.0366e+01    (-98.0,217.0,109.0,227.0)
737       -3.0564e+01    (-98.0,217.0,110.0,227.0)
738       -3.0408e+01    (-98.0,217.0,110.0,226.0)
739       -3.0287e+01    (-97.0,217.0,110.0,226.0)
740       -3.0281e+01    (-97.0,217.0,110.0,225.0)
741       -3.0331e+01    (-97.0,218.0,110.0,225.0)
742       -3.0325e+01    (-97.0,218.0,110.0,226.0)
743       -3.0454e+01    (-98.0,218.0,110.0,226.0)
744       -3.0447e+01    (-98.0,218.0,110.0,225.0)
745       -3.0390e+01    (-98.0,217.0,110.0,225.0)
746       -3.0486e+01    (-98.0,217.0,110.0,224.0)
747       -3.0360e+01    (-98.0,217.0,109.0,224.0)
748       -3.0270e+01    (-97.0,217.0,109.0,224.0)
749       -3.0255e+01    (-97.0,217.0,108.0,224.0)
750       -3.0327e+01    (-97.0,218.0,108.0,224.0)
751       -3.0337e+01    (-97.0,218.0,109.0,224.0)
752       -3.0433e+01    (-98.0,218.0,109.0,224.0)
753       -3.0418e+01    (-98.0,218.0,108.0,224.0)
754       -3.0341e+01    (-98.0,217.0,108.0,224.0)
755       -3.0406e+01    (-98.0,216.0,108.0,224.0)
756       -3.0342e+01    (-97.0,216.0,108.0,224.0)
757       -3.0344e+01    (-97.0,216.0,108.0,225.0)
758       -3.0369e+01    (-97.0,216.0,109.0,225.0)
759       -3.0380e+01    (-97.0,216.0,109.0,224.0)
760       -3.0427e+01    (-97.0,216.0,109.0,223.0)
761       -3.0303e+01    (-97.0,215.0,109.0,223.0)
762       -3.0046e+01    (-97.0,215.0,109.0,222.0)
763       -2.9692e+01    (-97.0,214.0,109.0,222.0)
764       -2.9300e+01    (-97.0,214.0,109.0,221.0)
765       -2.9075e+01    (-97.0,214.0,109.0,220.0)
766       -2.8860e+01    (-97.0,213.0,109.0,220.0)
767       -2.8842e+01    (-97.0,213.0,109.0,219.0)
768       -2.8875e+01    (-97.0,213.0,108.0,219.0)
769       -2.8904e+01    (-97.0,213.0,108.0,220.0)
770       -2.9045e+01    (-98.0,213.0,108.0,220.0)
771       -2.9007e+01    (-98.0,213.0,108.0,219.0)
772       -2.8984e+01    (-98.0,213.0,109.0,219.0)
773       -2.9013e+01    (-98.0,213.0,109.0,220.0)
774       -2.9195e+01    (-98.0,212.0,109.0,220.0)
775       -2.9079e+01    (-97.0,212.0,109.0,220.0)
776       -2.9028e+01    (-97.0,212.0,109.0,219.0)
777       -2.9030e+01    (-97.0,212.0,108.0,219.0)
778       -2.9087e+01    (-97.0,212.0,108.0,218.0)
779       -2.9025e+01    (-97.0,213.0,108.0,218.0)
780       -2.9023e+01    (-97.0,213.0,109.0,218.0)
781       -2.9105e+01    (-97.0,212.0,109.0,218.0)
782       -2.9192e+01    (-98.0,212.0,109.0,218.0)
783       -2.9132e+01    (-98.0,213.0,109.0,218.0)
784       -2.9128e+01    (-98.0,213.0,108.0,218.0)
785       -2.9170e+01    (-98.0,212.0,108.0,218.0)
786       -2.9132e+01    (-98.0,212.0,108.0,219.0)
787       -2.9137e+01    (-98.0,212.0,109.0,219.0)
788       -2.9291e+01    (-98.0,212.0,110.0,219.0)
789       -2.9195e+01    (-98.0,213.0,110.0,219.0)
790       -2.9073e+01    (-97.0,213.0,110.0,219.0)
791       -2.9111e+01    (-97.0,213.0,110.0,220.0)
792       -2.9241e+01    (-98.0,213.0,110.0,220.0)
793       -2.9360e+01    (-98.0,212.0,110.0,220.0)
794       -2.9260e+01    (-97.0,212.0,110.0,220.0)
795       -2.9196e+01    (-97.0,212.0,110.0,219.0)
796       -2.9232e+01    (-97.0,212.0,110.0,218.0)
797       -2.9191e+01    (-97.0,213.0,110.0,218.0)
798       -2.9287e+01    (-98.0,213.0,110.0,218.0)
799       -2.9311e+01    (-98.0,212.0,110.0,218.0)
800       -2.9388e+01    (-98.0,212.0,110.0,217.0)
801       -2.9321e+01    (-98.0,212.0,109.0,217.0)
802       -2.9264e+01    (-97.0,212.0,109.0,217.0)
803       -2.9217e+01    (-97.0,212.0,108.0,217.0)
804       -2.9173e+01    (-97.0,211.0,108.0,217.0)
805       -2.9054e+01    (-97.0,211.0,108.0,216.0)
806       -2.8751e+01    (-97.0,210.0,108.0,216.0)
807       -2.8424e+01    (-97.0,210.0,108.0,215.0)
808       -2.8114e+01    (-97.0,209.0,108.0,215.0)
809       -2.7837e+01    (-97.0,209.0,108.0,214.0)
810       -2.7756e+01    (-97.0,209.0,108.0,213.0)
811       -2.7717e+01    (-97.0,209.0,109.0,213.0)
812       -2.7747e+01    (-97.0,208.0,109.0,213.0)
813       -2.7772e+01    (-97.0,208.0,108.0,213.0)
814       -2.7848e+01    (-97.0,208.0,108.0,212.0)
815       -2.7845e+01    (-97.0,208.0,109.0,212.0)
816       -2.7852e+01    (-97.0,209.0,109.0,212.0)
817       -2.7865e+01    (-97.0,209.0,108.0,212.0)
818       -2.7978e+01    (-98.0,209.0,108.0,212.0)
819       -2.7893e+01    (-98.0,209.0,108.0,213.0)
820       -2.7865e+01    (-98.0,209.0,109.0,213.0)
821       -2.7880e+01    (-98.0,208.0,109.0,213.0)
822       -2.7895e+01    (-98.0,208.0,108.0,213.0)
823       -2.7950e+01    (-98.0,208.0,108.0,212.0)
824       -2.7954e+01    (-98.0,208.0,109.0,212.0)
825       -2.7973e+01    (-98.0,209.0,109.0,212.0)
826       -2.8148e+01    (-98.0,209.0,110.0,212.0)
827       -2.8043e+01    (-97.0,209.0,110.0,212.0)
828       -2.7960e+01    (-97.0,209.0,110.0,213.0)
829       -2.7960e+01    (-97.0,208.0,110.0,213.0)
830       -2.8014e+01    (-97.0,208.0,110.0,212.0)
831       -2.8110e+01    (-98.0,208.0,110.0,212.0)
832       -2.8075e+01    (-98.0,208.0,110.0,213.0)
833       -2.8086e+01    (-98.0,209.0,110.0,213.0)
834       -2.8173e+01    (-98.0,209.0,110.0,214.0)
835       -2.7946e+01    (-98.0,209.0,109.0,214.0)
836       -2.7795e+01    (-97.0,209.0,109.0,214.0)
837       -2.7829e+01    (-97.0,208.0,109.0,214.0)
838       -2.7857e+01    (-97.0,208.0,108.0,214.0)
839       -2.7983e+01    (-98.0,208.0,108.0,214.0)
840       -2.7965e+01    (-98.0,208.0,109.0,214.0)
841       -2.8165e+01    (-98.0,208.0,110.0,214.0)
842       -2.8048e+01    (-97.0,208.0,110.0,214.0)
843       -2.8044e+01    (-97.0,209.0,110.0,214.0)
844       -2.8300e+01    (-97.0,209.0,110.0,215.0)
845       -2.8093e+01    (-97.0,209.0,109.0,215.0)
846       -2.8098e+01    (-97.0,208.0,109.0,215.0)
847       -2.8108e+01    (-97.0,208.0,108.0,215.0)
848       -2.8217e+01    (-98.0,208.0,108.0,215.0)
849       -2.8215e+01    (-98.0,208.0,109.0,215.0)
850       -2.8222e+01    (-98.0,209.0,109.0,215.0)
851       -2.8235e+01    (-98.0,209.0,108.0,215.0)
852       -2.7977e+01    (-98.0,209.0,108.0,214.0)
853       -2.8239e+01    (-98.0,209.0,107.0,214.0)
854       -2.8139e+01    (-97.0,209.0,107.0,214.0)
855       -2.8047e+01    (-97.0,209.0,107.0,213.0)
856       -2.8009e+01    (-97.0,208.0,107.0,213.0)
857       -2.8004e+01    (-97.0,208.0,107.0,212.0)
858       -2.8060e+01    (-97.0,209.0,107.0,212.0)
859       -2.8145e+01    (-98.0,209.0,107.0,212.0)
860       -2.8083e+01    (-98.0,208.0,107.0,212.0)
861       -2.8099e+01    (-98.0,208.0,107.0,213.0)
862       -2.8145e+01    (-98.0,209.0,107.0,213.0)
863       -2.8373e+01    (-98.0,210.0,107.0,213.0)
864       -2.8221e+01    (-98.0,210.0,108.0,213.0)
865       -2.8113e+01    (-97.0,210.0,108.0,213.0)
866       -2.8104e+01    (-97.0,210.0,109.0,213.0)
867       -2.8160e+01    (-97.0,210.0,109.0,212.0)
868       -2.8152e+01    (-97.0,210.0,108.0,212.0)
869       -2.8244e+01    (-98.0,210.0,108.0,212.0)
870       -2.8258e+01    (-98.0,210.0,109.0,212.0)
871       -2.8220e+01    (-98.0,210.0,109.0,213.0)
872       -2.8309e+01    (-98.0,210.0,109.0,214.0)
873       -2.8191e+01    (-97.0,210.0,109.0,214.0)
874       -2.8202e+01    (-97.0,210.0,108.0,214.0)
875       -2.8312e+01    (-98.0,210.0,108.0,214.0)
876       -2.8472e+01    (-98.0,210.0,107.0,214.0)
877       -2.8389e+01    (-97.0,210.0,107.0,214.0)
878       -2.8291e+01    (-97.0,210.0,107.0,213.0)
879       -2.8266e+01    (-97.0,210.0,107.0,212.0)
880       -2.8292e+01    (-97.0,210.0,107.0,211.0)
881       -2.8150e+01    (-97.0,209.0,107.0,211.0)
882       -2.8064e+01    (-97.0,208.0,107.0,211.0)
883       -2.8024e+01    (-97.0,207.0,107.0,211.0)
884       -2.7983e+01    (-97.0,207.0,107.0,210.0)
885       -2.7804e+01    (-97.0,206.0,107.0,210.0)
886       -2.7618e+01    (-97.0,206.0,107.0,209.0)
887       -2.7362e+01    (-97.0,205.0,107.0,209.0)
888       -2.7147e+01    (-97.0,205.0,107.0,208.0)
889       -2.6888e+01    (-97.0,205.0,108.0,208.0)
890       -2.6737e+01    (-97.0,204.0,108.0,208.0)
891       -2.6603e+01    (-97.0,204.0,108.0,207.0)
892       -2.6563e+01    (-97.0,204.0,109.0,207.0)
893       -2.6640e+01    (-97.0,204.0,109.0,206.0)
894       -2.6661e+01    (-97.0,204.0,108.0,206.0)
895       -2.6781e+01    (-98.0,204.0,108.0,206.0)
896       -2.6741e+01    (-98.0,204.0,108.0,207.0)
897       -2.6712e+01    (-98.0,204.0,109.0,207.0)
898       -2.6768e+01    (-98.0,204.0,109.0,206.0)
899       -2.6910e+01    (-98.0,205.0,109.0,206.0)
900       -2.6787e+01    (-97.0,205.0,109.0,206.0)
901       -2.6722e+01    (-97.0,205.0,109.0,207.0)
902       -2.6756e+01    (-97.0,205.0,108.0,207.0)
903       -2.6803e+01    (-97.0,205.0,108.0,206.0)
904       -2.6918e+01    (-98.0,205.0,108.0,206.0)
905       -2.6888e+01    (-98.0,205.0,108.0,207.0)
906       -2.6864e+01    (-98.0,205.0,109.0,207.0)
907       -2.6996e+01    (-98.0,205.0,109.0,208.0)
908       -2.6846e+01    (-98.0,204.0,109.0,208.0)
909       -2.6701e+01    (-97.0,204.0,109.0,208.0)
910       -2.6858e+01    (-97.0,205.0,109.0,208.0)
911       -2.7083e+01    (-97.0,205.0,110.0,208.0)
912       -2.6938e+01    (-97.0,204.0,110.0,208.0)
913       -2.6807e+01    (-97.0,204.0,110.0,207.0)
914       -2.6846e+01    (-97.0,204.0,110.0,206.0)
915       -2.6957e+01    (-98.0,204.0,110.0,206.0)
916       -2.6935e+01    (-98.0,204.0,110.0,207.0)
917       -2.7062e+01    (-98.0,204.0,110.0,208.0)
918       -2.7202e+01    (-98.0,205.0,110.0,208.0)
919       -2.7076e+01    (-98.0,205.0,110.0,207.0)
920       -2.6954e+01    (-97.0,205.0,110.0,207.0)
921       -2.6983e+01    (-97.0,205.0,110.0,206.0)
922       -2.7090e+01    (-98.0,205.0,110.0,206.0)
923       -2.7215e+01    (-98.0,205.0,110.0,205.0)
924       -2.7097e+01    (-98.0,204.0,110.0,205.0)
925       -2.6976e+01    (-98.0,204.0,109.0,205.0)
926       -2.6888e+01    (-97.0,204.0,109.0,205.0)
927       -2.6871e+01    (-97.0,204.0,108.0,205.0)
928       -2.6897e+01    (-97.0,203.0,108.0,205.0)
929       -2.6817e+01    (-97.0,203.0,108.0,206.0)
930       -2.6826e+01    (-97.0,203.0,108.0,207.0)
931       -2.6825e+01    (-97.0,203.0,109.0,207.0)
932       -2.6827e+01    (-97.0,203.0,109.0,206.0)
933       -2.6922e+01    (-98.0,203.0,109.0,206.0)
934       -2.6907e+01    (-98.0,203.0,108.0,206.0)
935       -2.6927e+01    (-98.0,203.0,108.0,207.0)
936       -2.6932e+01    (-98.0,203.0,109.0,207.0)
937       -2.7053e+01    (-98.0,203.0,109.0,208.0)
938       -2.6948e+01    (-97.0,203.0,109.0,208.0)
939       -2.6947e+01    (-97.0,203.0,108.0,208.0)
940       -2.7046e+01    (-98.0,203.0,108.0,208.0)
941       -2.6872e+01    (-98.0,204.0,108.0,208.0)
942       -2.7017e+01    (-98.0,205.0,108.0,208.0)
943       -2.7240e+01    (-98.0,205.0,107.0,208.0)
944       -2.7114e+01    (-98.0,204.0,107.0,208.0)
945       -2.6995e+01    (-98.0,204.0,107.0,207.0)
946       -2.6897e+01    (-97.0,204.0,107.0,207.0)
947       -2.6883e+01    (-97.0,204.0,107.0,206.0)
948       -2.6924e+01    (-97.0,203.0,107.0,206.0)
949       -2.6923e+01    (-97.0,203.0,107.0,205.0)
950       -2.6941e+01    (-97.0,202.0,107.0,205.0)
951       -2.6815e+01    (-97.0,202.0,107.0,204.0)
952       -2.6685e+01    (-97.0,201.0,107.0,204.0)
953       -2.6429e+01    (-97.0,201.0,107.0,203.0)
954       -2.6220e+01    (-97.0,201.0,107.0,202.0)
955       -2.6009e+01    (-97.0,200.0,107.0,202.0)
956       -2.5737e+01    (-97.0,200.0,108.0,202.0)
957       -2.5549e+01    (-97.0,200.0,108.0,201.0)
958       -2.5504e+01    (-97.0,200.0,109.0,201.0)
959       -2.5530e+01    (-97.0,200.0,109.0,200.0)
960       -2.5561e+01    (-97.0,200.0,108.0,200.0)
961       -2.5608e+01    (-97.0,199.0,108.0,200.0)
962       -2.5594e+01    (-97.0,199.0,109.0,200.0)
963       -2.5595e+01    (-97.0,199.0,109.0,201.0)
964       -2.5619e+01    (-97.0,199.0,108.0,201.0)
965       -2.5742e+01    (-98.0,199.0,108.0,201.0)
966       -2.5691e+01    (-98.0,200.0,108.0,201.0)
967       -2.5658e+01    (-98.0,200.0,109.0,201.0)
968       -2.5669e+01    (-98.0,200.0,109.0,200.0)
969       -2.5691e+01    (-98.0,200.0,108.0,200.0)
970       -2.5721e+01    (-98.0,199.0,108.0,200.0)
971       -2.5715e+01    (-98.0,199.0,109.0,200.0)
972       -2.5727e+01    (-98.0,199.0,109.0,201.0)
973       -2.5897e+01    (-98.0,199.0,109.0,202.0)
974       -2.5774e+01    (-97.0,199.0,109.0,202.0)
975       -2.5703e+01    (-97.0,200.0,109.0,202.0)
976       -2.5846e+01    (-98.0,200.0,109.0,202.0)
977       -2.5870e+01    (-98.0,200.0,108.0,202.0)
978       -2.5905e+01    (-98.0,199.0,108.0,202.0)
979       -2.5790e+01    (-97.0,199.0,108.0,202.0)
980       -2.5994e+01    (-97.0,199.0,107.0,202.0)
981       -2.5854e+01    (-97.0,199.0,107.0,201.0)
982       -2.5803e+01    (-97.0,199.0,107.0,200.0)
983       -2.5822e+01    (-97.0,200.0,107.0,200.0)
984       -2.5860e+01    (-97.0,200.0,107.0,201.0)
985       -2.5960e+01    (-98.0,200.0,107.0,201.0)
986       -2.5916e+01    (-98.0,200.0,107.0,200.0)
987       -2.5888e+01    (-98.0,199.0,107.0,200.0)
988       -2.5899e+01    (-98.0,199.0,107.0,199.0)
989       -2.5822e+01    (-98.0,199.0,108.0,199.0)
990       -2.5735e+01    (-97.0,199.0,108.0,199.0)
991       -2.5747e+01    (-97.0,200.0,108.0,199.0)
992       -2.5750e+01    (-97.0,200.0,109.0,199.0)
993       -2.5748e+01    (-97.0,199.0,109.0,199.0)
994       -2.5840e+01    (-98.0,199.0,109.0,199.0)
995       -2.5853e+01    (-98.0,200.0,109.0,199.0)
996       -2.5844e+01    (-98.0,200.0,108.0,199.0)
997       -2.5956e+01    (-98.0,200.0,107.0,199.0)
998       -2.5881e+01    (-97.0,200.0,107.0,199.0)
999       -2.5829e+01    (-97.0,199.0,107.0,199.0)
