# run = 13
occ          S   
0         (545.0,-460.0,-463.0,523.0)
0         (545.0,-459.0,-463.0,523.0)
0         (544.0,-459.0,-463.0,523.0)
0         (544.0,-458.0,-463.0,523.0)
0         (544.0,-458.0,-463.0,522.0)
0         (543.0,-458.0,-463.0,522.0)
0         (543.0,-458.0,-463.0,521.0)
0         (543.0,-458.0,-462.0,521.0)
0         (543.0,-457.0,-462.0,521.0)
0         (543.0,-457.0,-462.0,520.0)
0         (543.0,-457.0,-461.0,520.0)
0         (543.0,-457.0,-461.0,519.0)
0         (543.0,-456.0,-461.0,519.0)
0         (542.0,-456.0,-461.0,519.0)
0         (542.0,-456.0,-461.0,518.0)
0         (541.0,-456.0,-461.0,518.0)
0         (541.0,-456.0,-461.0,517.0)
0         (541.0,-456.0,-461.0,516.0)
0         (540.0,-456.0,-461.0,516.0)
0         (540.0,-456.0,-461.0,515.0)
0         (540.0,-456.0,-461.0,514.0)
0         (540.0,-456.0,-461.0,513.0)
0         (539.0,-456.0,-461.0,513.0)
0         (539.0,-456.0,-461.0,512.0)
0         (538.0,-456.0,-461.0,512.0)
0         (538.0,-456.0,-461.0,511.0)
0         (538.0,-456.0,-461.0,510.0)
0         (537.0,-456.0,-461.0,510.0)
0         (537.0,-456.0,-461.0,509.0)
0         (537.0,-456.0,-461.0,508.0)
0         (537.0,-456.0,-461.0,507.0)
0         (536.0,-456.0,-461.0,507.0)
0         (536.0,-456.0,-461.0,506.0)
0         (535.0,-456.0,-461.0,506.0)
0         (535.0,-456.0,-461.0,505.0)
0         (535.0,-456.0,-461.0,504.0)
0         (534.0,-456.0,-461.0,504.0)
0         (534.0,-456.0,-461.0,503.0)
0         (534.0,-456.0,-461.0,502.0)
0         (534.0,-456.0,-461.0,501.0)
0         (533.0,-456.0,-461.0,501.0)
0         (533.0,-456.0,-461.0,500.0)
0         (533.0,-456.0,-460.0,500.0)
0         (532.0,-456.0,-460.0,500.0)
0         (532.0,-456.0,-460.0,499.0)
0         (531.0,-456.0,-460.0,499.0)
0         (531.0,-456.0,-460.0,498.0)
0         (531.0,-456.0,-460.0,497.0)
0         (531.0,-456.0,-460.0,496.0)
0         (530.0,-456.0,-460.0,496.0)
0         (530.0,-456.0,-460.0,495.0)
0         (530.0,-456.0,-460.0,494.0)
0         (529.0,-456.0,-460.0,494.0)
0         (529.0,-456.0,-459.0,494.0)
0         (528.0,-456.0,-459.0,494.0)
0         (528.0,-456.0,-458.0,494.0)
0         (528.0,-456.0,-457.0,494.0)
0         (527.0,-456.0,-457.0,494.0)
0         (527.0,-456.0,-456.0,494.0)
0         (527.0,-456.0,-455.0,494.0)
0         (526.0,-456.0,-455.0,494.0)
0         (526.0,-456.0,-455.0,493.0)
0         (525.0,-456.0,-455.0,493.0)
0         (525.0,-456.0,-455.0,492.0)
0         (525.0,-456.0,-455.0,491.0)
0         (525.0,-456.0,-455.0,490.0)
0         (524.0,-456.0,-455.0,490.0)
0         (524.0,-456.0,-455.0,489.0)
0         (524.0,-456.0,-455.0,488.0)
0         (523.0,-456.0,-455.0,488.0)
0         (523.0,-456.0,-455.0,487.0)
0         (522.0,-456.0,-455.0,487.0)
0         (522.0,-456.0,-455.0,486.0)
0         (522.0,-456.0,-455.0,485.0)
0         (522.0,-456.0,-455.0,484.0)
0         (521.0,-456.0,-455.0,484.0)
0         (521.0,-456.0,-455.0,483.0)
0         (521.0,-456.0,-455.0,482.0)
0         (520.0,-456.0,-455.0,482.0)
0         (520.0,-456.0,-455.0,481.0)
0         (519.0,-456.0,-455.0,481.0)
0         (519.0,-456.0,-455.0,480.0)
0         (519.0,-456.0,-455.0,479.0)
0         (518.0,-456.0,-455.0,479.0)
0         (518.0,-456.0,-455.0,478.0)
0         (518.0,-456.0,-455.0,477.0)
0         (518.0,-456.0,-455.0,476.0)
0         (517.0,-456.0,-455.0,476.0)
0         (517.0,-456.0,-455.0,475.0)
0         (517.0,-456.0,-455.0,474.0)
0         (516.0,-456.0,-455.0,474.0)
0         (516.0,-456.0,-455.0,473.0)
0         (515.0,-456.0,-455.0,473.0)
0         (515.0,-456.0,-455.0,472.0)
0         (515.0,-456.0,-455.0,471.0)
0         (515.0,-456.0,-455.0,470.0)
0         (514.0,-456.0,-455.0,470.0)
0         (514.0,-456.0,-455.0,469.0)
0         (514.0,-456.0,-455.0,468.0)
0         (513.0,-456.0,-455.0,468.0)
0         (513.0,-456.0,-455.0,467.0)
0         (512.0,-456.0,-455.0,467.0)
0         (512.0,-456.0,-455.0,466.0)
0         (512.0,-456.0,-455.0,465.0)
0         (512.0,-456.0,-455.0,464.0)
0         (511.0,-456.0,-455.0,464.0)
0         (511.0,-456.0,-455.0,463.0)
0         (511.0,-456.0,-455.0,462.0)
0         (510.0,-456.0,-455.0,462.0)
0         (510.0,-456.0,-455.0,461.0)
0         (509.0,-456.0,-455.0,461.0)
0         (509.0,-456.0,-455.0,460.0)
0         (509.0,-456.0,-455.0,459.0)
0         (509.0,-456.0,-455.0,458.0)
0         (508.0,-456.0,-455.0,458.0)
0         (508.0,-456.0,-455.0,457.0)
0         (508.0,-456.0,-455.0,456.0)
0         (507.0,-456.0,-455.0,456.0)
0         (507.0,-456.0,-455.0,455.0)
0         (506.0,-456.0,-455.0,455.0)
0         (506.0,-456.0,-455.0,454.0)
0         (506.0,-456.0,-455.0,453.0)
0         (506.0,-456.0,-455.0,452.0)
0         (505.0,-456.0,-455.0,452.0)
0         (505.0,-456.0,-455.0,451.0)
0         (505.0,-456.0,-455.0,450.0)
0         (504.0,-456.0,-455.0,450.0)
0         (504.0,-455.0,-455.0,450.0)
0         (503.0,-455.0,-455.0,450.0)
0         (503.0,-454.0,-455.0,450.0)
0         (503.0,-453.0,-455.0,450.0)
0         (502.0,-453.0,-455.0,450.0)
0         (502.0,-452.0,-455.0,450.0)
0         (501.0,-452.0,-455.0,450.0)
0         (501.0,-452.0,-454.0,450.0)
0         (500.0,-452.0,-454.0,450.0)
0         (500.0,-452.0,-453.0,450.0)
0         (500.0,-452.0,-452.0,450.0)
0         (499.0,-452.0,-452.0,450.0)
0         (499.0,-452.0,-451.0,450.0)
0         (499.0,-452.0,-450.0,450.0)
0         (498.0,-452.0,-450.0,450.0)
0         (498.0,-451.0,-450.0,450.0)
0         (497.0,-451.0,-450.0,450.0)
0         (497.0,-450.0,-450.0,450.0)
0         (497.0,-449.0,-450.0,450.0)
0         (496.0,-449.0,-450.0,450.0)
0         (496.0,-448.0,-450.0,450.0)
0         (496.0,-447.0,-450.0,450.0)
0         (495.0,-447.0,-450.0,450.0)
0         (495.0,-447.0,-449.0,450.0)
0         (494.0,-447.0,-449.0,450.0)
0         (494.0,-447.0,-448.0,450.0)
0         (493.0,-447.0,-448.0,450.0)
0         (493.0,-447.0,-447.0,450.0)
0         (493.0,-447.0,-446.0,450.0)
0         (493.0,-447.0,-445.0,450.0)
0         (492.0,-447.0,-445.0,450.0)
0         (492.0,-447.0,-444.0,450.0)
0         (491.0,-447.0,-444.0,450.0)
0         (491.0,-446.0,-444.0,450.0)
0         (490.0,-446.0,-444.0,450.0)
0         (490.0,-445.0,-444.0,450.0)
0         (490.0,-444.0,-444.0,450.0)
0         (489.0,-444.0,-444.0,450.0)
0         (489.0,-443.0,-444.0,450.0)
0         (489.0,-442.0,-444.0,450.0)
0         (488.0,-442.0,-444.0,450.0)
0         (488.0,-441.0,-444.0,450.0)
0         (487.0,-441.0,-444.0,450.0)
0         (487.0,-440.0,-444.0,450.0)
0         (487.0,-439.0,-444.0,450.0)
0         (486.0,-439.0,-444.0,450.0)
0         (486.0,-438.0,-444.0,450.0)
0         (485.0,-438.0,-444.0,450.0)
0         (485.0,-437.0,-444.0,450.0)
0         (484.0,-437.0,-444.0,450.0)
0         (484.0,-436.0,-444.0,450.0)
0         (484.0,-435.0,-444.0,450.0)
0         (483.0,-435.0,-444.0,450.0)
0         (483.0,-434.0,-444.0,450.0)
0         (482.0,-434.0,-444.0,450.0)
0         (482.0,-434.0,-443.0,450.0)
0         (481.0,-434.0,-443.0,450.0)
0         (481.0,-434.0,-442.0,450.0)
0         (481.0,-434.0,-441.0,450.0)
0         (480.0,-434.0,-441.0,450.0)
0         (480.0,-434.0,-440.0,450.0)
0         (480.0,-434.0,-439.0,450.0)
0         (479.0,-434.0,-439.0,450.0)
0         (479.0,-434.0,-439.0,449.0)
0         (478.0,-434.0,-439.0,449.0)
0         (478.0,-434.0,-439.0,448.0)
0         (478.0,-434.0,-439.0,447.0)
0         (478.0,-434.0,-439.0,446.0)
0         (477.0,-434.0,-439.0,446.0)
0         (477.0,-434.0,-439.0,445.0)
0         (477.0,-434.0,-439.0,444.0)
0         (476.0,-434.0,-439.0,444.0)
0         (476.0,-434.0,-439.0,443.0)
0         (475.0,-434.0,-439.0,443.0)
0         (475.0,-434.0,-439.0,442.0)
0         (475.0,-434.0,-439.0,441.0)
0         (474.0,-434.0,-439.0,441.0)
0         (474.0,-434.0,-439.0,440.0)
0         (474.0,-434.0,-439.0,439.0)
0         (474.0,-434.0,-439.0,438.0)
0         (473.0,-434.0,-439.0,438.0)
0         (473.0,-434.0,-439.0,437.0)
0         (473.0,-434.0,-438.0,437.0)
0         (472.0,-434.0,-438.0,437.0)
0         (472.0,-434.0,-437.0,437.0)
0         (471.0,-434.0,-437.0,437.0)
0         (471.0,-434.0,-436.0,437.0)
0         (471.0,-434.0,-435.0,437.0)
0         (471.0,-434.0,-434.0,437.0)
0         (470.0,-434.0,-434.0,437.0)
0         (470.0,-434.0,-433.0,437.0)
0         (469.0,-434.0,-433.0,437.0)
0         (469.0,-434.0,-433.0,436.0)
0         (468.0,-434.0,-433.0,436.0)
0         (468.0,-434.0,-433.0,435.0)
0         (468.0,-434.0,-433.0,434.0)
0         (468.0,-434.0,-433.0,433.0)
0         (468.0,-434.0,-433.0,432.0)
0         (467.0,-434.0,-433.0,432.0)
0         (467.0,-434.0,-433.0,431.0)
0         (466.0,-434.0,-433.0,431.0)
0         (466.0,-434.0,-432.0,431.0)
0         (465.0,-434.0,-432.0,431.0)
0         (465.0,-434.0,-431.0,431.0)
0         (465.0,-434.0,-430.0,431.0)
0         (465.0,-434.0,-429.0,431.0)
0         (464.0,-434.0,-429.0,431.0)
0         (464.0,-434.0,-428.0,431.0)
0         (464.0,-433.0,-428.0,431.0)
0         (463.0,-433.0,-428.0,431.0)
0         (463.0,-432.0,-428.0,431.0)
0         (462.0,-432.0,-428.0,431.0)
0         (462.0,-431.0,-428.0,431.0)
0         (461.0,-431.0,-428.0,431.0)
0         (461.0,-430.0,-428.0,431.0)
0         (461.0,-429.0,-428.0,431.0)
0         (460.0,-429.0,-428.0,431.0)
0         (460.0,-428.0,-428.0,431.0)
0         (459.0,-428.0,-428.0,431.0)
0         (459.0,-427.0,-428.0,431.0)
0         (459.0,-426.0,-428.0,431.0)
0         (458.0,-426.0,-428.0,431.0)
0         (458.0,-425.0,-428.0,431.0)
0         (457.0,-425.0,-428.0,431.0)
0         (457.0,-425.0,-428.0,430.0)
0         (456.0,-425.0,-428.0,430.0)
0         (456.0,-425.0,-428.0,429.0)
0         (456.0,-425.0,-428.0,428.0)
0         (456.0,-425.0,-428.0,427.0)
0         (455.0,-425.0,-428.0,427.0)
0         (455.0,-425.0,-428.0,426.0)
0         (455.0,-425.0,-428.0,425.0)
0         (454.0,-425.0,-428.0,425.0)
0         (454.0,-425.0,-427.0,425.0)
0         (453.0,-425.0,-427.0,425.0)
0         (453.0,-425.0,-426.0,425.0)
0         (453.0,-425.0,-425.0,425.0)
0         (452.0,-425.0,-425.0,425.0)
0         (452.0,-425.0,-424.0,425.0)
0         (452.0,-425.0,-423.0,425.0)
0         (451.0,-425.0,-423.0,425.0)
0         (451.0,-425.0,-422.0,425.0)
0         (451.0,-425.0,-422.0,424.0)
0         (450.0,-425.0,-422.0,424.0)
0         (450.0,-425.0,-422.0,423.0)
0         (449.0,-425.0,-422.0,423.0)
0         (449.0,-425.0,-422.0,422.0)
0         (449.0,-425.0,-422.0,421.0)
0         (449.0,-425.0,-422.0,420.0)
0         (449.0,-425.0,-422.0,419.0)
0         (448.0,-425.0,-422.0,419.0)
0         (448.0,-425.0,-422.0,418.0)
0         (447.0,-425.0,-422.0,418.0)
0         (447.0,-425.0,-422.0,417.0)
0         (446.0,-425.0,-422.0,417.0)
0         (446.0,-425.0,-422.0,416.0)
0         (446.0,-425.0,-422.0,415.0)
0         (446.0,-425.0,-422.0,414.0)
0         (446.0,-425.0,-422.0,413.0)
0         (445.0,-425.0,-422.0,413.0)
0         (445.0,-425.0,-422.0,412.0)
0         (444.0,-425.0,-422.0,412.0)
0         (444.0,-425.0,-421.0,412.0)
0         (443.0,-425.0,-421.0,412.0)
0         (443.0,-425.0,-420.0,412.0)
0         (443.0,-425.0,-419.0,412.0)
0         (443.0,-425.0,-418.0,412.0)
0         (442.0,-425.0,-418.0,412.0)
0         (442.0,-425.0,-417.0,412.0)
0         (441.0,-425.0,-417.0,412.0)
0         (441.0,-425.0,-417.0,411.0)
0         (440.0,-425.0,-417.0,411.0)
0         (440.0,-425.0,-417.0,410.0)
0         (440.0,-425.0,-417.0,409.0)
0         (440.0,-425.0,-417.0,408.0)
0         (440.0,-425.0,-417.0,407.0)
0         (439.0,-425.0,-417.0,407.0)
0         (439.0,-425.0,-417.0,406.0)
0         (438.0,-425.0,-417.0,406.0)
0         (438.0,-424.0,-417.0,406.0)
0         (437.0,-424.0,-417.0,406.0)
0         (437.0,-423.0,-417.0,406.0)
0         (437.0,-422.0,-417.0,406.0)
0         (436.0,-422.0,-417.0,406.0)
0         (436.0,-421.0,-417.0,406.0)
0         (436.0,-420.0,-417.0,406.0)
0         (435.0,-420.0,-417.0,406.0)
0         (435.0,-419.0,-417.0,406.0)
0         (434.0,-419.0,-417.0,406.0)
0         (434.0,-418.0,-417.0,406.0)
0         (433.0,-418.0,-417.0,406.0)
0         (433.0,-417.0,-417.0,406.0)
0         (433.0,-416.0,-417.0,406.0)
0         (432.0,-416.0,-417.0,406.0)
0         (432.0,-416.0,-416.0,406.0)
0         (431.0,-416.0,-416.0,406.0)
0         (431.0,-416.0,-415.0,406.0)
0         (431.0,-416.0,-414.0,406.0)
0         (430.0,-416.0,-414.0,406.0)
0         (430.0,-416.0,-413.0,406.0)
0         (430.0,-416.0,-412.0,406.0)
0         (429.0,-416.0,-412.0,406.0)
0         (429.0,-416.0,-411.0,406.0)
0         (429.0,-415.0,-411.0,406.0)
0         (428.0,-415.0,-411.0,406.0)
0         (428.0,-414.0,-411.0,406.0)
0         (427.0,-414.0,-411.0,406.0)
0         (427.0,-413.0,-411.0,406.0)
0         (427.0,-412.0,-411.0,406.0)
0         (426.0,-412.0,-411.0,406.0)
0         (426.0,-411.0,-411.0,406.0)
0         (425.0,-411.0,-411.0,406.0)
0         (425.0,-410.0,-411.0,406.0)
0         (424.0,-410.0,-411.0,406.0)
0         (424.0,-409.0,-411.0,406.0)
0         (424.0,-408.0,-411.0,406.0)
0         (423.0,-408.0,-411.0,406.0)
0         (423.0,-407.0,-411.0,406.0)
0         (422.0,-407.0,-411.0,406.0)
0         (422.0,-407.0,-410.0,406.0)
0         (421.0,-407.0,-410.0,406.0)
0         (421.0,-407.0,-409.0,406.0)
0         (421.0,-407.0,-408.0,406.0)
0         (421.0,-407.0,-407.0,406.0)
0         (420.0,-407.0,-407.0,406.0)
0         (420.0,-407.0,-406.0,406.0)
0         (420.0,-407.0,-406.0,405.0)
0         (419.0,-407.0,-406.0,405.0)
0         (419.0,-407.0,-406.0,404.0)
0         (418.0,-407.0,-406.0,404.0)
0         (418.0,-407.0,-406.0,403.0)
0         (418.0,-407.0,-406.0,402.0)
0         (418.0,-407.0,-406.0,401.0)
0         (417.0,-407.0,-406.0,401.0)
0         (417.0,-407.0,-406.0,400.0)
0         (417.0,-407.0,-406.0,399.0)
0         (416.0,-407.0,-406.0,399.0)
0         (416.0,-407.0,-406.0,398.0)
0         (415.0,-407.0,-406.0,398.0)
0         (415.0,-407.0,-406.0,397.0)
0         (415.0,-407.0,-406.0,396.0)
0         (415.0,-407.0,-406.0,395.0)
0         (414.0,-407.0,-406.0,395.0)
0         (414.0,-407.0,-406.0,394.0)
0         (414.0,-407.0,-406.0,393.0)
0         (413.0,-407.0,-406.0,393.0)
0         (413.0,-406.0,-406.0,393.0)
0         (412.0,-406.0,-406.0,393.0)
0         (412.0,-405.0,-406.0,393.0)
0         (412.0,-404.0,-406.0,393.0)
0         (411.0,-404.0,-406.0,393.0)
0         (411.0,-403.0,-406.0,393.0)
0         (410.0,-403.0,-406.0,393.0)
0         (410.0,-403.0,-405.0,393.0)
0         (409.0,-403.0,-405.0,393.0)
0         (409.0,-403.0,-404.0,393.0)
0         (409.0,-403.0,-403.0,393.0)
0         (408.0,-403.0,-403.0,393.0)
0         (408.0,-403.0,-402.0,393.0)
0         (408.0,-403.0,-401.0,393.0)
0         (407.0,-403.0,-401.0,393.0)
0         (407.0,-403.0,-400.0,393.0)
0         (407.0,-402.0,-400.0,393.0)
0         (406.0,-402.0,-400.0,393.0)
0         (406.0,-401.0,-400.0,393.0)
0         (405.0,-401.0,-400.0,393.0)
0         (405.0,-400.0,-400.0,393.0)
0         (404.0,-400.0,-400.0,393.0)
0         (404.0,-399.0,-400.0,393.0)
0         (404.0,-398.0,-400.0,393.0)
0         (403.0,-398.0,-400.0,393.0)
0         (403.0,-398.0,-399.0,393.0)
0         (403.0,-398.0,-398.0,393.0)
0         (402.0,-398.0,-398.0,393.0)
0         (402.0,-398.0,-397.0,393.0)
0         (402.0,-398.0,-396.0,393.0)
0         (401.0,-398.0,-396.0,393.0)
0         (401.0,-398.0,-395.0,393.0)
0         (400.0,-398.0,-395.0,393.0)
0         (400.0,-398.0,-395.0,392.0)
0         (399.0,-398.0,-395.0,392.0)
0         (399.0,-398.0,-395.0,391.0)
0         (399.0,-398.0,-395.0,390.0)
0         (399.0,-398.0,-395.0,389.0)
0         (399.0,-398.0,-395.0,388.0)
0         (398.0,-398.0,-395.0,388.0)
0         (398.0,-398.0,-395.0,387.0)
0         (397.0,-398.0,-395.0,387.0)
0         (397.0,-397.0,-395.0,387.0)
0         (396.0,-397.0,-395.0,387.0)
0         (396.0,-396.0,-395.0,387.0)
0         (396.0,-395.0,-395.0,387.0)
0         (395.0,-395.0,-395.0,387.0)
0         (395.0,-394.0,-395.0,387.0)
0         (395.0,-393.0,-395.0,387.0)
0         (395.0,-393.0,-394.0,387.0)
0         (395.0,-392.0,-394.0,387.0)
0         (395.0,-392.0,-393.0,387.0)
0         (395.0,-391.0,-393.0,387.0)
0         (395.0,-391.0,-392.0,387.0)
0         (395.0,-391.0,-391.0,387.0)
0         (395.0,-390.0,-391.0,387.0)
0         (395.0,-390.0,-390.0,387.0)
0         (395.0,-389.0,-390.0,387.0)
0         (395.0,-389.0,-389.0,387.0)
0         (394.0,-389.0,-389.0,387.0)
0         (394.0,-389.0,-388.0,387.0)
0         (393.0,-389.0,-388.0,387.0)
0         (393.0,-389.0,-387.0,387.0)
0         (393.0,-389.0,-386.0,387.0)
0         (392.0,-389.0,-386.0,387.0)
0         (392.0,-389.0,-385.0,387.0)
0         (392.0,-389.0,-384.0,387.0)
0         (391.0,-389.0,-384.0,387.0)
0         (391.0,-388.0,-384.0,387.0)
0         (390.0,-388.0,-384.0,387.0)
0         (390.0,-387.0,-384.0,387.0)
0         (390.0,-386.0,-384.0,387.0)
0         (389.0,-386.0,-384.0,387.0)
0         (389.0,-385.0,-384.0,387.0)
0         (388.0,-385.0,-384.0,387.0)
0         (388.0,-385.0,-384.0,386.0)
0         (387.0,-385.0,-384.0,386.0)
0         (387.0,-385.0,-384.0,385.0)
0         (387.0,-385.0,-384.0,384.0)
0         (386.0,-385.0,-384.0,384.0)
0         (386.0,-385.0,-384.0,383.0)
0         (386.0,-385.0,-384.0,382.0)
0         (386.0,-385.0,-384.0,381.0)
0         (385.0,-385.0,-384.0,381.0)
0         (385.0,-385.0,-384.0,380.0)
0         (384.0,-385.0,-384.0,380.0)
0         (384.0,-385.0,-384.0,379.0)
0         (384.0,-385.0,-384.0,378.0)
0         (383.0,-385.0,-384.0,378.0)
0         (383.0,-385.0,-384.0,377.0)
0         (383.0,-385.0,-384.0,376.0)
0         (383.0,-385.0,-384.0,375.0)
0         (382.0,-385.0,-384.0,375.0)
0         (382.0,-385.0,-384.0,374.0)
0         (382.0,-384.0,-384.0,374.0)
0         (382.0,-384.0,-383.0,374.0)
0         (382.0,-383.0,-383.0,374.0)
0         (382.0,-383.0,-382.0,374.0)
0         (382.0,-382.0,-382.0,374.0)
0         (382.0,-382.0,-381.0,374.0)
0         (382.0,-382.0,-380.0,374.0)
0         (382.0,-381.0,-380.0,374.0)
0         (382.0,-381.0,-379.0,374.0)
0         (382.0,-380.0,-379.0,374.0)
0         (382.0,-380.0,-378.0,374.0)
0         (381.0,-380.0,-378.0,374.0)
0         (381.0,-380.0,-377.0,374.0)
0         (380.0,-380.0,-377.0,374.0)
0         (380.0,-380.0,-376.0,374.0)
0         (380.0,-380.0,-375.0,374.0)
0         (379.0,-380.0,-375.0,374.0)
0         (379.0,-380.0,-374.0,374.0)
0         (379.0,-380.0,-373.0,374.0)
0         (378.0,-380.0,-373.0,374.0)
0         (378.0,-379.0,-373.0,374.0)
0         (377.0,-379.0,-373.0,374.0)
0         (377.0,-378.0,-373.0,374.0)
0         (377.0,-377.0,-373.0,374.0)
0         (376.0,-377.0,-373.0,374.0)
0         (376.0,-376.0,-373.0,374.0)
0         (375.0,-376.0,-373.0,374.0)
0         (375.0,-376.0,-373.0,373.0)
0         (374.0,-376.0,-373.0,373.0)
0         (374.0,-376.0,-373.0,372.0)
0         (374.0,-376.0,-373.0,371.0)
0         (374.0,-376.0,-373.0,370.0)
0         (373.0,-376.0,-373.0,370.0)
0         (373.0,-376.0,-373.0,369.0)
0         (373.0,-376.0,-373.0,368.0)
0         (372.0,-376.0,-373.0,368.0)
0         (372.0,-376.0,-372.0,368.0)
0         (371.0,-376.0,-372.0,368.0)
0         (371.0,-376.0,-371.0,368.0)
0         (371.0,-376.0,-370.0,368.0)
0         (371.0,-376.0,-369.0,368.0)
0         (370.0,-376.0,-369.0,368.0)
0         (370.0,-376.0,-368.0,368.0)
0         (369.0,-376.0,-368.0,368.0)
0         (369.0,-375.0,-368.0,368.0)
0         (368.0,-375.0,-368.0,368.0)
0         (368.0,-374.0,-368.0,368.0)
0         (368.0,-373.0,-368.0,368.0)
0         (367.0,-373.0,-368.0,368.0)
0         (367.0,-372.0,-368.0,368.0)
0         (367.0,-371.0,-368.0,368.0)
0         (366.0,-371.0,-368.0,368.0)
0         (366.0,-370.0,-368.0,368.0)
0         (365.0,-370.0,-368.0,368.0)
0         (365.0,-369.0,-368.0,368.0)
0         (364.0,-369.0,-368.0,368.0)
0         (364.0,-368.0,-368.0,368.0)
0         (364.0,-367.0,-368.0,368.0)
0         (363.0,-367.0,-368.0,368.0)
0         (363.0,-367.0,-367.0,368.0)
0         (362.0,-367.0,-367.0,368.0)
0         (362.0,-367.0,-366.0,368.0)
0         (362.0,-367.0,-365.0,368.0)
0         (361.0,-367.0,-365.0,368.0)
0         (361.0,-367.0,-364.0,368.0)
0         (361.0,-367.0,-363.0,368.0)
0         (360.0,-367.0,-363.0,368.0)
0         (360.0,-367.0,-362.0,368.0)
0         (360.0,-367.0,-362.0,367.0)
0         (360.0,-367.0,-361.0,367.0)
0         (360.0,-367.0,-361.0,366.0)
0         (360.0,-367.0,-360.0,366.0)
0         (360.0,-367.0,-360.0,365.0)
0         (360.0,-367.0,-359.0,365.0)
0         (360.0,-367.0,-359.0,364.0)
0         (360.0,-367.0,-359.0,363.0)
0         (360.0,-367.0,-358.0,363.0)
0         (360.0,-367.0,-358.0,362.0)
0         (360.0,-367.0,-357.0,362.0)
0         (360.0,-367.0,-357.0,361.0)
0         (359.0,-367.0,-357.0,361.0)
0         (359.0,-367.0,-357.0,360.0)
0         (359.0,-367.0,-357.0,359.0)
0         (358.0,-367.0,-357.0,359.0)
0         (358.0,-367.0,-357.0,358.0)
0         (358.0,-367.0,-357.0,357.0)
0         (358.0,-367.0,-357.0,356.0)
0         (357.0,-367.0,-357.0,356.0)
0         (357.0,-367.0,-357.0,355.0)
0         (357.0,-366.0,-357.0,355.0)
0         (357.0,-366.0,-357.0,354.0)
0         (357.0,-365.0,-357.0,354.0)
0         (357.0,-365.0,-357.0,353.0)
0         (357.0,-365.0,-357.0,352.0)
0         (357.0,-364.0,-357.0,352.0)
0         (357.0,-364.0,-357.0,351.0)
0         (357.0,-363.0,-357.0,351.0)
0         (357.0,-363.0,-357.0,350.0)
0         (357.0,-363.0,-357.0,349.0)
0         (357.0,-362.0,-357.0,349.0)
0         (356.0,-362.0,-357.0,349.0)
0         (356.0,-361.0,-357.0,349.0)
0         (355.0,-361.0,-357.0,349.0)
0         (355.0,-360.0,-357.0,349.0)
0         (355.0,-359.0,-357.0,349.0)
0         (354.0,-359.0,-357.0,349.0)
0         (354.0,-358.0,-357.0,349.0)
0         (354.0,-358.0,-356.0,349.0)
0         (354.0,-357.0,-356.0,349.0)
0         (354.0,-357.0,-355.0,349.0)
0         (354.0,-356.0,-355.0,349.0)
0         (354.0,-356.0,-354.0,349.0)
0         (354.0,-355.0,-354.0,349.0)
0         (354.0,-355.0,-353.0,349.0)
0         (354.0,-355.0,-352.0,349.0)
0         (354.0,-354.0,-352.0,349.0)
0         (354.0,-354.0,-351.0,349.0)
0         (354.0,-353.0,-351.0,349.0)
0         (354.0,-353.0,-350.0,349.0)
0         (354.0,-352.0,-350.0,349.0)
0         (354.0,-352.0,-349.0,349.0)
0         (354.0,-351.0,-349.0,349.0)
0         (354.0,-351.0,-348.0,349.0)
0         (354.0,-350.0,-348.0,349.0)
0         (354.0,-350.0,-347.0,349.0)
0         (354.0,-350.0,-346.0,349.0)
0         (354.0,-349.0,-346.0,349.0)
0         (353.0,-349.0,-346.0,349.0)
0         (353.0,-348.0,-346.0,349.0)
0         (352.0,-348.0,-346.0,349.0)
0         (352.0,-347.0,-346.0,349.0)
0         (352.0,-346.0,-346.0,349.0)
0         (351.0,-346.0,-346.0,349.0)
0         (351.0,-345.0,-346.0,349.0)
0         (350.0,-345.0,-346.0,349.0)
0         (350.0,-345.0,-346.0,348.0)
0         (349.0,-345.0,-346.0,348.0)
0         (349.0,-345.0,-346.0,347.0)
0         (349.0,-345.0,-346.0,346.0)
0         (349.0,-345.0,-346.0,345.0)
0         (348.0,-345.0,-346.0,345.0)
0         (348.0,-345.0,-346.0,344.0)
0         (348.0,-345.0,-346.0,343.0)
0         (347.0,-345.0,-346.0,343.0)
0         (347.0,-345.0,-345.0,343.0)
0         (346.0,-345.0,-345.0,343.0)
0         (346.0,-345.0,-344.0,343.0)
0         (346.0,-345.0,-343.0,343.0)
0         (345.0,-345.0,-343.0,343.0)
0         (345.0,-345.0,-342.0,343.0)
0         (345.0,-345.0,-341.0,343.0)
0         (344.0,-345.0,-341.0,343.0)
0         (344.0,-344.0,-341.0,343.0)
0         (343.0,-344.0,-341.0,343.0)
0         (343.0,-343.0,-341.0,343.0)
0         (343.0,-342.0,-341.0,343.0)
0         (342.0,-342.0,-341.0,343.0)
0         (342.0,-341.0,-341.0,343.0)
0         (341.0,-341.0,-341.0,343.0)
0         (341.0,-340.0,-341.0,343.0)
0         (341.0,-340.0,-341.0,342.0)
0         (341.0,-339.0,-341.0,342.0)
0         (341.0,-339.0,-341.0,341.0)
0         (341.0,-338.0,-341.0,341.0)
0         (341.0,-338.0,-341.0,340.0)
0         (342.0,-338.0,-341.0,340.0)
0         (342.0,-338.0,-341.0,339.0)
0         (342.0,-338.0,-342.0,339.0)
0         (342.0,-337.0,-342.0,339.0)
0         (342.0,-337.0,-342.0,338.0)
0         (342.0,-337.0,-341.0,338.0)
0         (342.0,-337.0,-341.0,337.0)
0         (342.0,-336.0,-341.0,337.0)
0         (341.0,-336.0,-341.0,337.0)
0         (341.0,-336.0,-340.0,337.0)
0         (340.0,-336.0,-340.0,337.0)
0         (340.0,-336.0,-339.0,337.0)
0         (340.0,-336.0,-338.0,337.0)
0         (339.0,-336.0,-338.0,337.0)
0         (339.0,-336.0,-337.0,337.0)
0         (339.0,-336.0,-336.0,337.0)
0         (338.0,-336.0,-336.0,337.0)
0         (338.0,-336.0,-335.0,337.0)
0         (338.0,-336.0,-335.0,336.0)
0         (337.0,-336.0,-335.0,336.0)
0         (337.0,-336.0,-335.0,335.0)
0         (337.0,-336.0,-335.0,334.0)
0         (336.0,-336.0,-335.0,334.0)
0         (336.0,-336.0,-335.0,333.0)
0         (336.0,-336.0,-335.0,332.0)
0         (336.0,-336.0,-335.0,331.0)
0         (335.0,-336.0,-335.0,331.0)
0         (335.0,-336.0,-335.0,330.0)
0         (335.0,-335.0,-335.0,330.0)
0         (335.0,-335.0,-335.0,329.0)
0         (335.0,-334.0,-335.0,329.0)
0         (335.0,-334.0,-335.0,328.0)
0         (335.0,-334.0,-335.0,327.0)
0         (335.0,-333.0,-335.0,327.0)
0         (335.0,-333.0,-335.0,326.0)
0         (335.0,-332.0,-335.0,326.0)
0         (335.0,-332.0,-335.0,325.0)
0         (335.0,-332.0,-335.0,324.0)
0         (335.0,-331.0,-335.0,324.0)
0         (334.0,-331.0,-335.0,324.0)
0         (334.0,-330.0,-335.0,324.0)
0         (333.0,-330.0,-335.0,324.0)
0         (333.0,-329.0,-335.0,324.0)
0         (333.0,-328.0,-335.0,324.0)
0         (332.0,-328.0,-335.0,324.0)
0         (332.0,-327.0,-335.0,324.0)
0         (331.0,-327.0,-335.0,324.0)
0         (331.0,-327.0,-334.0,324.0)
0         (331.0,-327.0,-333.0,324.0)
0         (330.0,-327.0,-333.0,324.0)
0         (330.0,-327.0,-332.0,324.0)
0         (330.0,-327.0,-331.0,324.0)
0         (329.0,-327.0,-331.0,324.0)
0         (329.0,-327.0,-330.0,324.0)
0         (329.0,-327.0,-329.0,324.0)
0         (329.0,-326.0,-329.0,324.0)
0         (329.0,-326.0,-328.0,324.0)
0         (329.0,-325.0,-328.0,324.0)
0         (329.0,-325.0,-327.0,324.0)
0         (329.0,-324.0,-327.0,324.0)
0         (329.0,-324.0,-326.0,324.0)
0         (329.0,-324.0,-325.0,324.0)
0         (329.0,-323.0,-325.0,324.0)
0         (329.0,-323.0,-324.0,324.0)
0         (329.0,-322.0,-324.0,324.0)
0         (329.0,-322.0,-323.0,324.0)
0         (329.0,-321.0,-323.0,324.0)
0         (329.0,-321.0,-322.0,324.0)
0         (329.0,-320.0,-322.0,324.0)
0         (329.0,-320.0,-321.0,324.0)
0         (329.0,-320.0,-320.0,324.0)
0         (329.0,-319.0,-320.0,324.0)
0         (329.0,-319.0,-319.0,324.0)
0         (329.0,-318.0,-319.0,324.0)
0         (328.0,-318.0,-319.0,324.0)
0         (328.0,-318.0,-319.0,323.0)
0         (327.0,-318.0,-319.0,323.0)
0         (327.0,-318.0,-319.0,322.0)
0         (327.0,-318.0,-319.0,321.0)
0         (327.0,-318.0,-319.0,320.0)
0         (326.0,-318.0,-319.0,320.0)
0         (326.0,-318.0,-319.0,319.0)
0         (326.0,-318.0,-319.0,318.0)
0         (325.0,-318.0,-319.0,318.0)
0         (325.0,-317.0,-319.0,318.0)
0         (324.0,-317.0,-319.0,318.0)
0         (324.0,-316.0,-319.0,318.0)
0         (324.0,-315.0,-319.0,318.0)
0         (323.0,-315.0,-319.0,318.0)
0         (323.0,-314.0,-319.0,318.0)
0         (322.0,-314.0,-319.0,318.0)
0         (322.0,-314.0,-318.0,318.0)
0         (321.0,-314.0,-318.0,318.0)
0         (321.0,-314.0,-317.0,318.0)
0         (321.0,-314.0,-316.0,318.0)
0         (320.0,-314.0,-316.0,318.0)
0         (320.0,-314.0,-315.0,318.0)
0         (320.0,-314.0,-314.0,318.0)
0         (319.0,-314.0,-314.0,318.0)
0         (319.0,-314.0,-313.0,318.0)
0         (319.0,-314.0,-313.0,317.0)
0         (318.0,-314.0,-313.0,317.0)
0         (318.0,-314.0,-313.0,316.0)
0         (318.0,-314.0,-313.0,315.0)
0         (317.0,-314.0,-313.0,315.0)
0         (317.0,-314.0,-313.0,314.0)
0         (317.0,-314.0,-313.0,313.0)
0         (317.0,-314.0,-313.0,312.0)
0         (316.0,-314.0,-313.0,312.0)
0         (316.0,-314.0,-313.0,311.0)
0         (315.0,-314.0,-313.0,311.0)
0         (315.0,-314.0,-313.0,310.0)
0         (315.0,-314.0,-313.0,309.0)
0         (314.0,-314.0,-313.0,309.0)
0         (314.0,-314.0,-313.0,308.0)
0         (314.0,-314.0,-313.0,307.0)
0         (314.0,-314.0,-313.0,306.0)
0         (313.0,-314.0,-313.0,306.0)
0         (313.0,-314.0,-313.0,305.0)
0         (313.0,-313.0,-313.0,305.0)
0         (313.0,-313.0,-312.0,305.0)
0         (313.0,-312.0,-312.0,305.0)
0         (313.0,-312.0,-311.0,305.0)
0         (313.0,-311.0,-311.0,305.0)
0         (313.0,-311.0,-310.0,305.0)
0         (313.0,-311.0,-309.0,305.0)
0         (313.0,-310.0,-309.0,305.0)
0         (313.0,-310.0,-308.0,305.0)
0         (313.0,-309.0,-308.0,305.0)
0         (312.0,-309.0,-308.0,305.0)
0         (312.0,-308.0,-308.0,305.0)
0         (311.0,-308.0,-308.0,305.0)
0         (311.0,-307.0,-308.0,305.0)
0         (311.0,-306.0,-308.0,305.0)
0         (310.0,-306.0,-308.0,305.0)
0         (310.0,-305.0,-308.0,305.0)
0         (310.0,-304.0,-308.0,305.0)
0         (310.0,-304.0,-308.0,304.0)
0         (310.0,-303.0,-308.0,304.0)
0         (310.0,-303.0,-308.0,303.0)
0         (310.0,-303.0,-308.0,302.0)
0         (310.0,-302.0,-308.0,302.0)
0         (310.0,-302.0,-308.0,301.0)
0         (310.0,-302.0,-308.0,300.0)
0         (310.0,-301.0,-308.0,300.0)
0         (310.0,-301.0,-308.0,299.0)
0         (310.0,-300.0,-308.0,299.0)
0         (309.0,-300.0,-308.0,299.0)
0         (309.0,-299.0,-308.0,299.0)
0         (308.0,-299.0,-308.0,299.0)
0         (308.0,-298.0,-308.0,299.0)
0         (308.0,-297.0,-308.0,299.0)
0         (307.0,-297.0,-308.0,299.0)
0         (307.0,-296.0,-308.0,299.0)
0         (306.0,-296.0,-308.0,299.0)
0         (306.0,-296.0,-307.0,299.0)
0         (305.0,-296.0,-307.0,299.0)
0         (305.0,-296.0,-306.0,299.0)
0         (305.0,-296.0,-305.0,299.0)
0         (305.0,-296.0,-304.0,299.0)
0         (304.0,-296.0,-304.0,299.0)
0         (304.0,-296.0,-303.0,299.0)
0         (304.0,-296.0,-302.0,299.0)
0         (303.0,-296.0,-302.0,299.0)
0         (303.0,-296.0,-301.0,299.0)
0         (302.0,-296.0,-301.0,299.0)
0         (302.0,-296.0,-300.0,299.0)
0         (302.0,-296.0,-299.0,299.0)
0         (301.0,-296.0,-299.0,299.0)
0         (301.0,-296.0,-298.0,299.0)
0         (301.0,-296.0,-297.0,299.0)
0         (300.0,-296.0,-297.0,299.0)
0         (300.0,-296.0,-297.0,298.0)
0         (299.0,-296.0,-297.0,298.0)
0         (299.0,-296.0,-297.0,297.0)
0         (299.0,-296.0,-297.0,296.0)
0         (298.0,-296.0,-297.0,296.0)
0         (298.0,-296.0,-297.0,295.0)
0         (298.0,-296.0,-297.0,294.0)
0         (298.0,-296.0,-297.0,293.0)
0         (297.0,-296.0,-297.0,293.0)
0         (297.0,-296.0,-297.0,292.0)
0         (296.0,-296.0,-297.0,292.0)
0         (296.0,-296.0,-297.0,291.0)
0         (296.0,-296.0,-297.0,290.0)
0         (295.0,-296.0,-297.0,290.0)
0         (295.0,-296.0,-297.0,289.0)
0         (295.0,-296.0,-297.0,288.0)
0         (295.0,-296.0,-297.0,287.0)
0         (294.0,-296.0,-297.0,287.0)
0         (294.0,-296.0,-297.0,286.0)
0         (294.0,-295.0,-297.0,286.0)
0         (294.0,-295.0,-297.0,285.0)
0         (294.0,-294.0,-297.0,285.0)
0         (294.0,-294.0,-297.0,284.0)
0         (294.0,-293.0,-297.0,284.0)
0         (294.0,-293.0,-297.0,283.0)
0         (294.0,-293.0,-297.0,282.0)
0         (294.0,-292.0,-297.0,282.0)
0         (294.0,-292.0,-297.0,281.0)
0         (294.0,-292.0,-297.0,280.0)
0         (294.0,-291.0,-297.0,280.0)
0         (294.0,-291.0,-296.0,280.0)
0         (294.0,-290.0,-296.0,280.0)
0         (294.0,-290.0,-295.0,280.0)
0         (294.0,-289.0,-295.0,280.0)
0         (294.0,-289.0,-294.0,280.0)
0         (294.0,-289.0,-293.0,280.0)
0         (294.0,-288.0,-293.0,280.0)
0         (294.0,-288.0,-292.0,280.0)
0         (294.0,-287.0,-292.0,280.0)
0         (294.0,-287.0,-291.0,280.0)
0         (293.0,-287.0,-291.0,280.0)
0         (293.0,-287.0,-290.0,280.0)
0         (293.0,-287.0,-289.0,280.0)
0         (292.0,-287.0,-289.0,280.0)
0         (292.0,-287.0,-288.0,280.0)
0         (292.0,-287.0,-287.0,280.0)
0         (291.0,-287.0,-287.0,280.0)
0         (291.0,-287.0,-286.0,280.0)
0         (290.0,-287.0,-286.0,280.0)
0         (290.0,-287.0,-285.0,280.0)
0         (290.0,-287.0,-284.0,280.0)
0         (289.0,-287.0,-284.0,280.0)
0         (289.0,-287.0,-283.0,280.0)
0         (289.0,-287.0,-282.0,280.0)
0         (288.0,-287.0,-282.0,280.0)
0         (288.0,-287.0,-281.0,280.0)
0         (288.0,-287.0,-280.0,280.0)
0         (288.0,-286.0,-280.0,280.0)
0         (288.0,-286.0,-279.0,280.0)
0         (288.0,-285.0,-279.0,280.0)
0         (288.0,-285.0,-278.0,280.0)
0         (288.0,-284.0,-278.0,280.0)
0         (288.0,-284.0,-277.0,280.0)
0         (288.0,-284.0,-276.0,280.0)
0         (288.0,-283.0,-276.0,280.0)
0         (288.0,-283.0,-275.0,280.0)
0         (288.0,-282.0,-275.0,280.0)
0         (287.0,-282.0,-275.0,280.0)
0         (287.0,-281.0,-275.0,280.0)
0         (286.0,-281.0,-275.0,280.0)
0         (286.0,-280.0,-275.0,280.0)
0         (286.0,-279.0,-275.0,280.0)
0         (285.0,-279.0,-275.0,280.0)
0         (285.0,-278.0,-275.0,280.0)
0         (284.0,-278.0,-275.0,280.0)
0         (284.0,-278.0,-274.0,280.0)
0         (283.0,-278.0,-274.0,280.0)
0         (283.0,-278.0,-273.0,280.0)
0         (283.0,-278.0,-272.0,280.0)
0         (282.0,-278.0,-272.0,280.0)
0         (282.0,-278.0,-271.0,280.0)
0         (282.0,-278.0,-270.0,280.0)
0         (281.0,-278.0,-270.0,280.0)
0         (281.0,-277.0,-270.0,280.0)
0         (280.0,-277.0,-270.0,280.0)
0         (280.0,-276.0,-270.0,280.0)
0         (280.0,-275.0,-270.0,280.0)
0         (279.0,-275.0,-270.0,280.0)
0         (279.0,-274.0,-270.0,280.0)
0         (278.0,-274.0,-270.0,280.0)
0         (278.0,-274.0,-270.0,279.0)
0         (277.0,-274.0,-270.0,279.0)
0         (277.0,-274.0,-270.0,278.0)
0         (277.0,-274.0,-270.0,277.0)
0         (276.0,-274.0,-270.0,277.0)
0         (276.0,-274.0,-270.0,276.0)
0         (276.0,-274.0,-270.0,275.0)
0         (276.0,-274.0,-270.0,274.0)
0         (275.0,-274.0,-270.0,274.0)
0         (275.0,-273.0,-270.0,274.0)
0         (274.0,-273.0,-270.0,274.0)
0         (274.0,-272.0,-270.0,274.0)
0         (274.0,-271.0,-270.0,274.0)
0         (273.0,-271.0,-270.0,274.0)
0         (273.0,-270.0,-270.0,274.0)
0         (272.0,-270.0,-270.0,274.0)
0         (272.0,-269.0,-270.0,274.0)
0         (272.0,-269.0,-270.0,273.0)
0         (272.0,-268.0,-270.0,273.0)
0         (272.0,-268.0,-270.0,272.0)
0         (272.0,-267.0,-270.0,272.0)
0         (272.0,-267.0,-270.0,271.0)
0         (272.0,-267.0,-270.0,270.0)
0         (272.0,-266.0,-270.0,270.0)
0         (272.0,-266.0,-270.0,269.0)
0         (272.0,-266.0,-270.0,268.0)
0         (272.0,-265.0,-270.0,268.0)
0         (272.0,-265.0,-270.0,267.0)
0         (271.0,-265.0,-270.0,267.0)
0         (271.0,-265.0,-270.0,266.0)
0         (271.0,-265.0,-270.0,265.0)
0         (270.0,-265.0,-270.0,265.0)
0         (270.0,-265.0,-270.0,264.0)
0         (270.0,-265.0,-270.0,263.0)
0         (270.0,-265.0,-270.0,262.0)
0         (269.0,-265.0,-270.0,262.0)
0         (269.0,-265.0,-270.0,261.0)
0         (269.0,-265.0,-269.0,261.0)
0         (269.0,-265.0,-269.0,260.0)
0         (269.0,-265.0,-268.0,260.0)
0         (269.0,-265.0,-268.0,259.0)
0         (269.0,-265.0,-267.0,259.0)
0         (269.0,-265.0,-267.0,258.0)
0         (269.0,-265.0,-266.0,258.0)
0         (269.0,-265.0,-266.0,257.0)
0         (270.0,-265.0,-266.0,257.0)
0         (270.0,-266.0,-266.0,257.0)
0         (270.0,-266.0,-266.0,256.0)
0         (270.0,-266.0,-265.0,256.0)
0         (270.0,-266.0,-265.0,257.0)
0         (270.0,-267.0,-265.0,257.0)
0         (270.0,-267.0,-266.0,257.0)
0         (270.0,-267.0,-267.0,257.0)
0         (270.0,-266.0,-267.0,257.0)
0         (270.0,-266.0,-267.0,256.0)
0         (270.0,-267.0,-267.0,256.0)
0         (270.0,-267.0,-266.0,256.0)
0         (270.0,-267.0,-265.0,256.0)
0         (269.0,-267.0,-265.0,256.0)
0         (269.0,-266.0,-265.0,256.0)
0         (269.0,-265.0,-265.0,256.0)
0         (269.0,-265.0,-265.0,255.0)
0         (269.0,-265.0,-264.0,255.0)
0         (269.0,-264.0,-264.0,255.0)
0         (269.0,-264.0,-263.0,255.0)
0         (269.0,-263.0,-263.0,255.0)
0         (269.0,-263.0,-262.0,255.0)
0         (269.0,-262.0,-262.0,255.0)
0         (269.0,-262.0,-261.0,255.0)
0         (269.0,-262.0,-260.0,255.0)
0         (269.0,-261.0,-260.0,255.0)
0         (269.0,-261.0,-259.0,255.0)
0         (269.0,-260.0,-259.0,255.0)
0         (268.0,-260.0,-259.0,255.0)
0         (268.0,-259.0,-259.0,255.0)
0         (267.0,-259.0,-259.0,255.0)
0         (267.0,-258.0,-259.0,255.0)
0         (267.0,-257.0,-259.0,255.0)
0         (266.0,-257.0,-259.0,255.0)
0         (266.0,-256.0,-259.0,255.0)
0         (265.0,-256.0,-259.0,255.0)
0         (265.0,-256.0,-258.0,255.0)
0         (265.0,-256.0,-257.0,255.0)
0         (264.0,-256.0,-257.0,255.0)
0         (264.0,-256.0,-256.0,255.0)
0         (264.0,-256.0,-255.0,255.0)
0         (263.0,-256.0,-255.0,255.0)
0         (263.0,-256.0,-254.0,255.0)
0         (263.0,-256.0,-253.0,255.0)
0         (262.0,-256.0,-253.0,255.0)
0         (262.0,-256.0,-252.0,255.0)
0         (261.0,-256.0,-252.0,255.0)
0         (261.0,-256.0,-251.0,255.0)
0         (261.0,-256.0,-250.0,255.0)
0         (260.0,-256.0,-250.0,255.0)
0         (260.0,-256.0,-249.0,255.0)
0         (260.0,-256.0,-248.0,255.0)
0         (259.0,-256.0,-248.0,255.0)
0         (259.0,-255.0,-248.0,255.0)
0         (258.0,-255.0,-248.0,255.0)
0         (258.0,-254.0,-248.0,255.0)
0         (258.0,-253.0,-248.0,255.0)
0         (257.0,-253.0,-248.0,255.0)
0         (257.0,-252.0,-248.0,255.0)
0         (256.0,-252.0,-248.0,255.0)
0         (256.0,-252.0,-248.0,254.0)
