# run = 19
occ          S   
0         (372.0,94.0,-135.0,63.0)
0         (371.0,94.0,-135.0,63.0)
0         (371.0,93.0,-135.0,63.0)
0         (371.0,93.0,-136.0,63.0)
0         (370.0,93.0,-136.0,63.0)
0         (370.0,93.0,-136.0,62.0)
0         (371.0,93.0,-136.0,62.0)
0         (371.0,93.0,-135.0,62.0)
0         (370.0,93.0,-135.0,62.0)
0         (370.0,93.0,-135.0,63.0)
0         (370.0,94.0,-135.0,63.0)
0         (370.0,94.0,-136.0,63.0)
0         (371.0,94.0,-136.0,63.0)
0         (371.0,94.0,-136.0,62.0)
0         (370.0,94.0,-136.0,62.0)
0         (370.0,94.0,-135.0,62.0)
0         (371.0,94.0,-135.0,62.0)
0         (371.0,94.0,-135.0,61.0)
0         (370.0,94.0,-135.0,61.0)
0         (370.0,93.0,-135.0,61.0)
0         (370.0,93.0,-136.0,61.0)
0         (371.0,93.0,-136.0,61.0)
0         (371.0,93.0,-135.0,61.0)
0         (371.0,92.0,-135.0,61.0)
0         (370.0,92.0,-135.0,61.0)
0         (370.0,92.0,-135.0,62.0)
0         (370.0,92.0,-136.0,62.0)
0         (370.0,92.0,-136.0,63.0)
0         (370.0,92.0,-135.0,63.0)
0         (371.0,92.0,-135.0,63.0)
0         (371.0,92.0,-136.0,63.0)
0         (371.0,92.0,-136.0,62.0)
0         (371.0,92.0,-135.0,62.0)
0         (371.0,92.0,-134.0,62.0)
0         (370.0,92.0,-134.0,62.0)
0         (370.0,93.0,-134.0,62.0)
0         (370.0,93.0,-134.0,63.0)
0         (370.0,92.0,-134.0,63.0)
0         (369.0,92.0,-134.0,63.0)
0         (369.0,92.0,-133.0,63.0)
0         (368.0,92.0,-133.0,63.0)
0         (368.0,92.0,-132.0,63.0)
0         (368.0,92.0,-131.0,63.0)
0         (368.0,93.0,-131.0,63.0)
0         (367.0,93.0,-131.0,63.0)
0         (367.0,93.0,-130.0,63.0)
0         (367.0,93.0,-130.0,62.0)
0         (367.0,93.0,-131.0,62.0)
0         (367.0,94.0,-131.0,62.0)
0         (367.0,94.0,-130.0,62.0)
0         (367.0,94.0,-130.0,63.0)
0         (367.0,94.0,-131.0,63.0)
0         (368.0,94.0,-131.0,63.0)
0         (368.0,94.0,-130.0,63.0)
0         (368.0,93.0,-130.0,63.0)
0         (368.0,93.0,-130.0,62.0)
0         (368.0,93.0,-131.0,62.0)
0         (368.0,94.0,-131.0,62.0)
0         (368.0,94.0,-130.0,62.0)
0         (368.0,94.0,-129.0,62.0)
0         (367.0,94.0,-129.0,62.0)
0         (367.0,93.0,-129.0,62.0)
0         (367.0,93.0,-129.0,63.0)
0         (367.0,94.0,-129.0,63.0)
0         (367.0,94.0,-129.0,64.0)
0         (367.0,94.0,-130.0,64.0)
0         (367.0,93.0,-130.0,64.0)
0         (367.0,93.0,-131.0,64.0)
0         (367.0,94.0,-131.0,64.0)
0         (368.0,94.0,-131.0,64.0)
0         (368.0,93.0,-131.0,64.0)
0         (368.0,93.0,-130.0,64.0)
0         (368.0,94.0,-130.0,64.0)
0         (368.0,94.0,-129.0,64.0)
0         (368.0,94.0,-129.0,63.0)
0         (368.0,93.0,-129.0,63.0)
0         (368.0,93.0,-129.0,62.0)
0         (368.0,93.0,-129.0,61.0)
0         (367.0,93.0,-129.0,61.0)
0         (367.0,93.0,-130.0,61.0)
0         (367.0,93.0,-131.0,61.0)
0         (367.0,94.0,-131.0,61.0)
0         (367.0,94.0,-130.0,61.0)
0         (367.0,94.0,-129.0,61.0)
0         (366.0,94.0,-129.0,61.0)
0         (366.0,94.0,-128.0,61.0)
0         (365.0,94.0,-128.0,61.0)
0         (365.0,94.0,-127.0,61.0)
0         (365.0,94.0,-126.0,61.0)
0         (364.0,94.0,-126.0,61.0)
0         (364.0,94.0,-126.0,62.0)
0         (364.0,94.0,-125.0,62.0)
0         (364.0,93.0,-125.0,62.0)
0         (364.0,93.0,-125.0,63.0)
0         (364.0,93.0,-124.0,63.0)
0         (364.0,93.0,-124.0,62.0)
0         (364.0,94.0,-124.0,62.0)
0         (364.0,94.0,-124.0,63.0)
0         (364.0,94.0,-125.0,63.0)
0         (364.0,94.0,-126.0,63.0)
0         (364.0,93.0,-126.0,63.0)
0         (364.0,93.0,-126.0,62.0)
0         (364.0,93.0,-126.0,61.0)
0         (364.0,93.0,-125.0,61.0)
0         (364.0,93.0,-124.0,61.0)
0         (364.0,94.0,-124.0,61.0)
0         (364.0,94.0,-125.0,61.0)
0         (365.0,94.0,-125.0,61.0)
0         (365.0,94.0,-125.0,62.0)
0         (365.0,93.0,-125.0,62.0)
0         (365.0,93.0,-125.0,63.0)
0         (365.0,93.0,-124.0,63.0)
0         (365.0,93.0,-124.0,62.0)
0         (365.0,94.0,-124.0,62.0)
0         (365.0,94.0,-124.0,63.0)
0         (365.0,94.0,-125.0,63.0)
0         (365.0,94.0,-126.0,63.0)
0         (365.0,93.0,-126.0,63.0)
0         (365.0,93.0,-126.0,62.0)
0         (365.0,94.0,-126.0,62.0)
0         (365.0,94.0,-127.0,62.0)
0         (364.0,94.0,-127.0,62.0)
0         (364.0,93.0,-127.0,62.0)
0         (364.0,93.0,-127.0,63.0)
0         (364.0,94.0,-127.0,63.0)
0         (364.0,94.0,-127.0,64.0)
0         (364.0,94.0,-126.0,64.0)
0         (364.0,94.0,-125.0,64.0)
0         (364.0,93.0,-125.0,64.0)
0         (364.0,93.0,-124.0,64.0)
0         (364.0,94.0,-124.0,64.0)
0         (365.0,94.0,-124.0,64.0)
0         (365.0,93.0,-124.0,64.0)
0         (365.0,93.0,-125.0,64.0)
0         (365.0,94.0,-125.0,64.0)
0         (365.0,94.0,-126.0,64.0)
0         (365.0,93.0,-126.0,64.0)
0         (364.0,93.0,-126.0,64.0)
0         (364.0,92.0,-126.0,64.0)
0         (364.0,92.0,-125.0,64.0)
0         (364.0,92.0,-125.0,63.0)
0         (364.0,92.0,-125.0,62.0)
0         (364.0,92.0,-124.0,62.0)
0         (364.0,92.0,-124.0,63.0)
0         (364.0,92.0,-124.0,64.0)
0         (363.0,92.0,-124.0,64.0)
0         (363.0,92.0,-124.0,63.0)
0         (363.0,92.0,-124.0,62.0)
0         (363.0,92.0,-123.0,62.0)
0         (363.0,92.0,-123.0,61.0)
0         (362.0,92.0,-123.0,61.0)
0         (362.0,92.0,-122.0,61.0)
0         (361.0,92.0,-122.0,61.0)
0         (361.0,92.0,-121.0,61.0)
0         (361.0,92.0,-120.0,61.0)
0         (361.0,93.0,-120.0,61.0)
0         (361.0,93.0,-120.0,62.0)
0         (361.0,93.0,-120.0,63.0)
0         (361.0,93.0,-119.0,63.0)
0         (361.0,93.0,-119.0,62.0)
0         (361.0,94.0,-119.0,62.0)
0         (361.0,94.0,-119.0,63.0)
0         (361.0,94.0,-120.0,63.0)
0         (361.0,94.0,-120.0,62.0)
0         (361.0,94.0,-120.0,61.0)
0         (361.0,94.0,-119.0,61.0)
0         (361.0,93.0,-119.0,61.0)
0         (361.0,93.0,-118.0,61.0)
0         (361.0,93.0,-118.0,62.0)
0         (361.0,93.0,-118.0,63.0)
0         (361.0,94.0,-118.0,63.0)
0         (361.0,94.0,-118.0,62.0)
0         (361.0,94.0,-118.0,61.0)
0         (360.0,94.0,-118.0,61.0)
0         (360.0,93.0,-118.0,61.0)
0         (360.0,93.0,-118.0,62.0)
0         (360.0,93.0,-119.0,62.0)
0         (360.0,93.0,-119.0,63.0)
0         (360.0,93.0,-120.0,63.0)
0         (360.0,93.0,-120.0,62.0)
0         (360.0,92.0,-120.0,62.0)
0         (361.0,92.0,-120.0,62.0)
0         (361.0,92.0,-119.0,62.0)
0         (361.0,92.0,-119.0,63.0)
0         (361.0,92.0,-120.0,63.0)
0         (361.0,92.0,-120.0,64.0)
0         (361.0,93.0,-120.0,64.0)
0         (361.0,93.0,-119.0,64.0)
0         (361.0,94.0,-119.0,64.0)
0         (361.0,94.0,-120.0,64.0)
0         (361.0,94.0,-121.0,64.0)
0         (361.0,94.0,-121.0,63.0)
0         (361.0,93.0,-121.0,63.0)
0         (361.0,93.0,-121.0,62.0)
0         (361.0,94.0,-121.0,62.0)
0         (361.0,94.0,-121.0,61.0)
0         (361.0,93.0,-121.0,61.0)
0         (360.0,93.0,-121.0,61.0)
0         (360.0,93.0,-120.0,61.0)
0         (360.0,93.0,-119.0,61.0)
0         (360.0,92.0,-119.0,61.0)
0         (361.0,92.0,-119.0,61.0)
0         (361.0,92.0,-118.0,61.0)
0         (361.0,92.0,-118.0,62.0)
0         (361.0,92.0,-118.0,63.0)
0         (360.0,92.0,-118.0,63.0)
0         (360.0,92.0,-118.0,62.0)
0         (360.0,92.0,-118.0,61.0)
0         (360.0,92.0,-117.0,61.0)
0         (359.0,92.0,-117.0,61.0)
0         (359.0,92.0,-116.0,61.0)
0         (358.0,92.0,-116.0,61.0)
0         (358.0,92.0,-115.0,61.0)
0         (358.0,93.0,-115.0,61.0)
0         (358.0,93.0,-115.0,62.0)
0         (358.0,93.0,-114.0,62.0)
0         (358.0,93.0,-114.0,63.0)
0         (358.0,93.0,-115.0,63.0)
0         (358.0,94.0,-115.0,63.0)
0         (358.0,94.0,-114.0,63.0)
0         (358.0,94.0,-114.0,62.0)
0         (358.0,94.0,-115.0,62.0)
0         (358.0,94.0,-115.0,61.0)
0         (358.0,94.0,-114.0,61.0)
0         (358.0,93.0,-114.0,61.0)
0         (358.0,93.0,-113.0,61.0)
0         (358.0,93.0,-113.0,62.0)
0         (358.0,93.0,-113.0,63.0)
0         (358.0,94.0,-113.0,63.0)
0         (358.0,94.0,-113.0,62.0)
0         (357.0,94.0,-113.0,62.0)
0         (357.0,93.0,-113.0,62.0)
0         (357.0,93.0,-114.0,62.0)
0         (357.0,93.0,-114.0,63.0)
0         (357.0,93.0,-113.0,63.0)
0         (357.0,92.0,-113.0,63.0)
0         (358.0,92.0,-113.0,63.0)
0         (358.0,92.0,-114.0,63.0)
0         (358.0,92.0,-114.0,62.0)
0         (358.0,92.0,-113.0,62.0)
0         (357.0,92.0,-113.0,62.0)
0         (357.0,92.0,-114.0,62.0)
0         (357.0,92.0,-114.0,63.0)
0         (357.0,92.0,-114.0,64.0)
0         (358.0,92.0,-114.0,64.0)
0         (358.0,93.0,-114.0,64.0)
0         (358.0,93.0,-115.0,64.0)
0         (358.0,94.0,-115.0,64.0)
0         (358.0,94.0,-114.0,64.0)
0         (358.0,94.0,-113.0,64.0)
0         (358.0,93.0,-113.0,64.0)
0         (357.0,93.0,-113.0,64.0)
0         (357.0,93.0,-114.0,64.0)
0         (357.0,94.0,-114.0,64.0)
0         (357.0,94.0,-114.0,63.0)
0         (357.0,94.0,-114.0,62.0)
0         (357.0,94.0,-114.0,61.0)
0         (357.0,93.0,-114.0,61.0)
0         (357.0,93.0,-113.0,61.0)
0         (357.0,92.0,-113.0,61.0)
0         (357.0,92.0,-112.0,61.0)
0         (356.0,92.0,-112.0,61.0)
0         (356.0,92.0,-111.0,61.0)
0         (355.0,92.0,-111.0,61.0)
0         (355.0,92.0,-110.0,61.0)
0         (355.0,92.0,-109.0,61.0)
0         (355.0,93.0,-109.0,61.0)
0         (355.0,93.0,-109.0,62.0)
0         (355.0,93.0,-109.0,63.0)
0         (355.0,93.0,-108.0,63.0)
0         (355.0,93.0,-108.0,62.0)
0         (355.0,94.0,-108.0,62.0)
0         (355.0,94.0,-108.0,63.0)
0         (355.0,94.0,-109.0,63.0)
0         (355.0,94.0,-109.0,62.0)
0         (354.0,94.0,-109.0,62.0)
0         (354.0,93.0,-109.0,62.0)
0         (354.0,93.0,-109.0,63.0)
0         (354.0,93.0,-108.0,63.0)
0         (354.0,93.0,-108.0,62.0)
0         (354.0,94.0,-108.0,62.0)
0         (354.0,94.0,-108.0,63.0)
0         (354.0,94.0,-109.0,63.0)
0         (354.0,94.0,-109.0,64.0)
0         (355.0,94.0,-109.0,64.0)
0         (355.0,93.0,-109.0,64.0)
0         (355.0,93.0,-108.0,64.0)
0         (355.0,94.0,-108.0,64.0)
0         (354.0,94.0,-108.0,64.0)
0         (354.0,93.0,-108.0,64.0)
0         (354.0,93.0,-109.0,64.0)
0         (354.0,92.0,-109.0,64.0)
0         (354.0,92.0,-109.0,63.0)
0         (355.0,92.0,-109.0,63.0)
0         (355.0,92.0,-108.0,63.0)
0         (355.0,92.0,-108.0,62.0)
0         (355.0,92.0,-109.0,62.0)
0         (354.0,92.0,-109.0,62.0)
0         (354.0,92.0,-108.0,62.0)
0         (354.0,92.0,-108.0,63.0)
0         (354.0,92.0,-107.0,63.0)
0         (354.0,93.0,-107.0,63.0)
0         (355.0,93.0,-107.0,63.0)
0         (355.0,93.0,-107.0,62.0)
0         (354.0,93.0,-107.0,62.0)
0         (354.0,92.0,-107.0,62.0)
0         (354.0,92.0,-107.0,61.0)
0         (354.0,92.0,-108.0,61.0)
0         (354.0,93.0,-108.0,61.0)
0         (355.0,93.0,-108.0,61.0)
0         (355.0,94.0,-108.0,61.0)
0         (355.0,94.0,-109.0,61.0)
0         (354.0,94.0,-109.0,61.0)
0         (354.0,93.0,-109.0,61.0)
0         (354.0,92.0,-109.0,61.0)
0         (354.0,92.0,-110.0,61.0)
0         (354.0,93.0,-110.0,61.0)
0         (354.0,93.0,-110.0,62.0)
0         (355.0,93.0,-110.0,62.0)
0         (355.0,93.0,-110.0,63.0)
0         (355.0,94.0,-110.0,63.0)
0         (355.0,94.0,-110.0,62.0)
0         (354.0,94.0,-110.0,62.0)
0         (354.0,94.0,-110.0,63.0)
0         (354.0,93.0,-110.0,63.0)
0         (354.0,93.0,-110.0,64.0)
0         (355.0,93.0,-110.0,64.0)
0         (355.0,94.0,-110.0,64.0)
0         (354.0,94.0,-110.0,64.0)
0         (354.0,94.0,-110.0,65.0)
0         (354.0,94.0,-109.0,65.0)
0         (354.0,93.0,-109.0,65.0)
0         (355.0,93.0,-109.0,65.0)
0         (355.0,93.0,-108.0,65.0)
0         (354.0,93.0,-108.0,65.0)
0         (354.0,92.0,-108.0,65.0)
0         (354.0,92.0,-108.0,64.0)
0         (355.0,92.0,-108.0,64.0)
0         (355.0,92.0,-109.0,64.0)
0         (355.0,92.0,-110.0,64.0)
0         (355.0,92.0,-110.0,63.0)
0         (355.0,92.0,-110.0,62.0)
0         (354.0,92.0,-110.0,62.0)
0         (354.0,92.0,-110.0,63.0)
0         (354.0,92.0,-110.0,64.0)
0         (354.0,92.0,-110.0,65.0)
0         (354.0,92.0,-109.0,65.0)
0         (355.0,92.0,-109.0,65.0)
0         (355.0,92.0,-108.0,65.0)
0         (355.0,92.0,-107.0,65.0)
0         (355.0,92.0,-107.0,64.0)
0         (355.0,93.0,-107.0,64.0)
0         (354.0,93.0,-107.0,64.0)
0         (354.0,92.0,-107.0,64.0)
0         (353.0,92.0,-107.0,64.0)
0         (353.0,92.0,-106.0,64.0)
0         (352.0,92.0,-106.0,64.0)
0         (352.0,92.0,-105.0,64.0)
0         (352.0,92.0,-104.0,64.0)
0         (352.0,93.0,-104.0,64.0)
0         (352.0,93.0,-104.0,63.0)
0         (352.0,93.0,-103.0,63.0)
0         (352.0,93.0,-103.0,62.0)
0         (352.0,93.0,-104.0,62.0)
0         (351.0,93.0,-104.0,62.0)
0         (351.0,93.0,-103.0,62.0)
0         (351.0,93.0,-103.0,63.0)
0         (351.0,93.0,-104.0,63.0)
0         (351.0,94.0,-104.0,63.0)
0         (352.0,94.0,-104.0,63.0)
0         (352.0,94.0,-103.0,63.0)
0         (352.0,94.0,-103.0,62.0)
0         (352.0,94.0,-104.0,62.0)
0         (351.0,94.0,-104.0,62.0)
0         (351.0,94.0,-103.0,62.0)
0         (351.0,94.0,-103.0,63.0)
0         (351.0,94.0,-102.0,63.0)
0         (351.0,93.0,-102.0,63.0)
0         (352.0,93.0,-102.0,63.0)
0         (352.0,93.0,-102.0,62.0)
0         (351.0,93.0,-102.0,62.0)
0         (351.0,94.0,-102.0,62.0)
0         (352.0,94.0,-102.0,62.0)
0         (352.0,94.0,-102.0,63.0)
0         (352.0,94.0,-102.0,64.0)
0         (352.0,94.0,-103.0,64.0)
0         (352.0,93.0,-103.0,64.0)
0         (351.0,93.0,-103.0,64.0)
0         (351.0,93.0,-104.0,64.0)
0         (351.0,94.0,-104.0,64.0)
0         (351.0,94.0,-103.0,64.0)
0         (351.0,94.0,-102.0,64.0)
0         (351.0,93.0,-102.0,64.0)
0         (352.0,93.0,-102.0,64.0)
0         (352.0,92.0,-102.0,64.0)
0         (352.0,92.0,-102.0,63.0)
0         (352.0,92.0,-103.0,63.0)
0         (352.0,92.0,-103.0,62.0)
0         (351.0,92.0,-103.0,62.0)
0         (351.0,92.0,-103.0,63.0)
0         (351.0,92.0,-102.0,63.0)
0         (351.0,92.0,-102.0,62.0)
0         (352.0,92.0,-102.0,62.0)
0         (352.0,92.0,-102.0,61.0)
0         (352.0,93.0,-102.0,61.0)
0         (352.0,93.0,-103.0,61.0)
0         (351.0,93.0,-103.0,61.0)
0         (351.0,93.0,-102.0,61.0)
0         (351.0,92.0,-102.0,61.0)
0         (351.0,92.0,-103.0,61.0)
0         (352.0,92.0,-103.0,61.0)
0         (352.0,92.0,-104.0,61.0)
0         (352.0,93.0,-104.0,61.0)
0         (351.0,93.0,-104.0,61.0)
0         (351.0,94.0,-104.0,61.0)
0         (351.0,94.0,-103.0,61.0)
0         (352.0,94.0,-103.0,61.0)
0         (352.0,94.0,-104.0,61.0)
0         (352.0,94.0,-105.0,61.0)
0         (352.0,94.0,-105.0,62.0)
0         (352.0,93.0,-105.0,62.0)
0         (352.0,93.0,-105.0,63.0)
0         (351.0,93.0,-105.0,63.0)
0         (351.0,93.0,-105.0,62.0)
0         (351.0,94.0,-105.0,62.0)
0         (351.0,94.0,-105.0,63.0)
0         (352.0,94.0,-105.0,63.0)
0         (352.0,94.0,-105.0,64.0)
0         (352.0,94.0,-104.0,64.0)
0         (352.0,94.0,-104.0,65.0)
0         (352.0,93.0,-104.0,65.0)
0         (352.0,93.0,-103.0,65.0)
0         (351.0,93.0,-103.0,65.0)
0         (351.0,93.0,-102.0,65.0)
0         (351.0,92.0,-102.0,65.0)
0         (351.0,92.0,-102.0,64.0)
0         (351.0,92.0,-103.0,64.0)
0         (352.0,92.0,-103.0,64.0)
0         (352.0,92.0,-103.0,65.0)
0         (351.0,92.0,-103.0,65.0)
0         (351.0,92.0,-104.0,65.0)
0         (351.0,92.0,-104.0,64.0)
0         (351.0,92.0,-104.0,63.0)
0         (352.0,92.0,-104.0,63.0)
0         (352.0,92.0,-104.0,62.0)
0         (351.0,92.0,-104.0,62.0)
0         (351.0,92.0,-104.0,61.0)
0         (351.0,92.0,-105.0,61.0)
0         (351.0,93.0,-105.0,61.0)
0         (352.0,93.0,-105.0,61.0)
0         (352.0,92.0,-105.0,61.0)
0         (352.0,92.0,-105.0,62.0)
0         (351.0,92.0,-105.0,62.0)
0         (351.0,92.0,-105.0,63.0)
0         (352.0,92.0,-105.0,63.0)
0         (352.0,91.0,-105.0,63.0)
0         (351.0,91.0,-105.0,63.0)
0         (350.0,91.0,-105.0,63.0)
0         (349.0,91.0,-105.0,63.0)
0         (349.0,90.0,-105.0,63.0)
0         (349.0,90.0,-104.0,63.0)
0         (349.0,89.0,-104.0,63.0)
0         (349.0,89.0,-103.0,63.0)
0         (348.0,89.0,-103.0,63.0)
0         (348.0,89.0,-103.0,62.0)
0         (349.0,89.0,-103.0,62.0)
0         (349.0,89.0,-104.0,62.0)
0         (348.0,89.0,-104.0,62.0)
0         (348.0,89.0,-104.0,63.0)
0         (348.0,88.0,-104.0,63.0)
0         (348.0,88.0,-103.0,63.0)
0         (349.0,88.0,-103.0,63.0)
0         (349.0,88.0,-103.0,62.0)
0         (348.0,88.0,-103.0,62.0)
0         (348.0,88.0,-104.0,62.0)
0         (349.0,88.0,-104.0,62.0)
0         (349.0,88.0,-104.0,63.0)
0         (349.0,88.0,-104.0,64.0)
0         (349.0,89.0,-104.0,64.0)
0         (349.0,89.0,-103.0,64.0)
0         (348.0,89.0,-103.0,64.0)
0         (348.0,88.0,-103.0,64.0)
0         (349.0,88.0,-103.0,64.0)
0         (349.0,88.0,-102.0,64.0)
0         (349.0,88.0,-102.0,63.0)
0         (349.0,89.0,-102.0,63.0)
0         (348.0,89.0,-102.0,63.0)
0         (348.0,89.0,-102.0,62.0)
0         (348.0,88.0,-102.0,62.0)
0         (348.0,88.0,-102.0,63.0)
0         (348.0,88.0,-102.0,64.0)
0         (348.0,89.0,-102.0,64.0)
0         (349.0,89.0,-102.0,64.0)
0         (349.0,90.0,-102.0,64.0)
0         (349.0,90.0,-102.0,63.0)
0         (349.0,90.0,-103.0,63.0)
0         (348.0,90.0,-103.0,63.0)
0         (348.0,90.0,-103.0,62.0)
0         (349.0,90.0,-103.0,62.0)
0         (349.0,90.0,-104.0,62.0)
0         (348.0,90.0,-104.0,62.0)
0         (348.0,90.0,-104.0,63.0)
0         (348.0,90.0,-104.0,64.0)
0         (348.0,89.0,-104.0,64.0)
0         (348.0,88.0,-104.0,64.0)
0         (348.0,88.0,-105.0,64.0)
0         (348.0,88.0,-105.0,63.0)
0         (348.0,89.0,-105.0,63.0)
0         (348.0,89.0,-105.0,62.0)
0         (348.0,88.0,-105.0,62.0)
0         (349.0,88.0,-105.0,62.0)
0         (349.0,89.0,-105.0,62.0)
0         (349.0,89.0,-105.0,63.0)
0         (349.0,88.0,-105.0,63.0)
0         (349.0,88.0,-105.0,64.0)
0         (349.0,89.0,-105.0,64.0)
0         (348.0,89.0,-105.0,64.0)
0         (348.0,90.0,-105.0,64.0)
0         (348.0,90.0,-105.0,63.0)
0         (348.0,90.0,-105.0,62.0)
0         (348.0,90.0,-105.0,61.0)
0         (348.0,90.0,-104.0,61.0)
0         (348.0,89.0,-104.0,61.0)
0         (348.0,89.0,-103.0,61.0)
0         (348.0,88.0,-103.0,61.0)
0         (348.0,88.0,-102.0,61.0)
0         (348.0,89.0,-102.0,61.0)
0         (349.0,89.0,-102.0,61.0)
0         (349.0,89.0,-102.0,62.0)
0         (349.0,88.0,-102.0,62.0)
0         (349.0,88.0,-102.0,61.0)
0         (349.0,88.0,-103.0,61.0)
0         (349.0,89.0,-103.0,61.0)
0         (349.0,89.0,-104.0,61.0)
0         (349.0,88.0,-104.0,61.0)
0         (348.0,88.0,-104.0,61.0)
0         (348.0,88.0,-105.0,61.0)
0         (348.0,89.0,-105.0,61.0)
0         (349.0,89.0,-105.0,61.0)
0         (349.0,88.0,-105.0,61.0)
0         (349.0,87.0,-105.0,61.0)
0         (348.0,87.0,-105.0,61.0)
0         (348.0,87.0,-104.0,61.0)
0         (348.0,87.0,-103.0,61.0)
0         (347.0,87.0,-103.0,61.0)
0         (347.0,86.0,-103.0,61.0)
0         (346.0,86.0,-103.0,61.0)
0         (346.0,85.0,-103.0,61.0)
0         (346.0,85.0,-103.0,62.0)
0         (345.0,85.0,-103.0,62.0)
0         (345.0,84.0,-103.0,62.0)
0         (345.0,84.0,-103.0,63.0)
0         (345.0,85.0,-103.0,63.0)
0         (345.0,85.0,-104.0,63.0)
0         (345.0,84.0,-104.0,63.0)
0         (345.0,84.0,-104.0,62.0)
0         (345.0,85.0,-104.0,62.0)
0         (346.0,85.0,-104.0,62.0)
0         (346.0,84.0,-104.0,62.0)
0         (346.0,84.0,-103.0,62.0)
0         (346.0,84.0,-103.0,63.0)
0         (346.0,85.0,-103.0,63.0)
0         (346.0,85.0,-104.0,63.0)
0         (346.0,84.0,-104.0,63.0)
0         (346.0,84.0,-104.0,64.0)
0         (345.0,84.0,-104.0,64.0)
0         (345.0,84.0,-103.0,64.0)
0         (345.0,85.0,-103.0,64.0)
0         (345.0,85.0,-104.0,64.0)
0         (346.0,85.0,-104.0,64.0)
0         (346.0,85.0,-103.0,64.0)
0         (346.0,84.0,-103.0,64.0)
0         (346.0,84.0,-102.0,64.0)
0         (345.0,84.0,-102.0,64.0)
0         (345.0,84.0,-102.0,63.0)
0         (345.0,84.0,-102.0,62.0)
0         (345.0,85.0,-102.0,62.0)
0         (345.0,85.0,-102.0,63.0)
0         (345.0,85.0,-102.0,64.0)
0         (346.0,85.0,-102.0,64.0)
0         (346.0,85.0,-102.0,63.0)
0         (346.0,84.0,-102.0,63.0)
0         (346.0,84.0,-102.0,62.0)
0         (346.0,85.0,-102.0,62.0)
0         (346.0,85.0,-102.0,61.0)
0         (345.0,85.0,-102.0,61.0)
0         (345.0,85.0,-103.0,61.0)
0         (345.0,84.0,-103.0,61.0)
0         (345.0,84.0,-104.0,61.0)
0         (345.0,85.0,-104.0,61.0)
0         (346.0,85.0,-104.0,61.0)
0         (346.0,84.0,-104.0,61.0)
0         (346.0,84.0,-103.0,61.0)
0         (346.0,84.0,-102.0,61.0)
0         (345.0,84.0,-102.0,61.0)
0         (345.0,83.0,-102.0,61.0)
0         (345.0,83.0,-102.0,62.0)
0         (345.0,83.0,-103.0,62.0)
0         (345.0,83.0,-103.0,63.0)
0         (345.0,83.0,-104.0,63.0)
0         (345.0,83.0,-104.0,62.0)
0         (345.0,83.0,-104.0,61.0)
0         (345.0,83.0,-103.0,61.0)
0         (344.0,83.0,-103.0,61.0)
0         (344.0,83.0,-102.0,61.0)
0         (344.0,83.0,-101.0,61.0)
0         (343.0,83.0,-101.0,61.0)
0         (343.0,83.0,-100.0,61.0)
0         (342.0,83.0,-100.0,61.0)
0         (342.0,83.0,-99.0,61.0)
0         (342.0,84.0,-99.0,61.0)
0         (342.0,84.0,-99.0,62.0)
0         (342.0,84.0,-98.0,62.0)
0         (342.0,84.0,-98.0,63.0)
0         (342.0,84.0,-97.0,63.0)
0         (342.0,84.0,-97.0,62.0)
0         (342.0,85.0,-97.0,62.0)
0         (342.0,85.0,-98.0,62.0)
0         (342.0,85.0,-98.0,63.0)
0         (342.0,85.0,-97.0,63.0)
0         (342.0,85.0,-97.0,64.0)
0         (342.0,84.0,-97.0,64.0)
0         (342.0,84.0,-98.0,64.0)
0         (342.0,85.0,-98.0,64.0)
0         (342.0,85.0,-99.0,64.0)
0         (342.0,85.0,-99.0,63.0)
0         (342.0,84.0,-99.0,63.0)
0         (342.0,84.0,-99.0,64.0)
0         (343.0,84.0,-99.0,64.0)
0         (343.0,84.0,-98.0,64.0)
0         (343.0,84.0,-98.0,63.0)
0         (343.0,84.0,-98.0,62.0)
0         (343.0,84.0,-97.0,62.0)
0         (343.0,84.0,-97.0,63.0)
0         (343.0,85.0,-97.0,63.0)
0         (343.0,85.0,-98.0,63.0)
0         (343.0,85.0,-98.0,62.0)
0         (343.0,85.0,-97.0,62.0)
0         (343.0,85.0,-97.0,61.0)
0         (342.0,85.0,-97.0,61.0)
0         (342.0,84.0,-97.0,61.0)
0         (342.0,84.0,-98.0,61.0)
0         (342.0,85.0,-98.0,61.0)
0         (342.0,85.0,-99.0,61.0)
0         (342.0,85.0,-99.0,62.0)
0         (343.0,85.0,-99.0,62.0)
0         (343.0,84.0,-99.0,62.0)
0         (343.0,84.0,-99.0,63.0)
0         (343.0,85.0,-99.0,63.0)
0         (343.0,85.0,-99.0,64.0)
0         (343.0,85.0,-98.0,64.0)
0         (343.0,85.0,-97.0,64.0)
0         (343.0,84.0,-97.0,64.0)
0         (343.0,83.0,-97.0,64.0)
0         (342.0,83.0,-97.0,64.0)
0         (342.0,83.0,-97.0,63.0)
0         (342.0,83.0,-98.0,63.0)
0         (342.0,83.0,-98.0,62.0)
0         (342.0,83.0,-97.0,62.0)
0         (342.0,83.0,-97.0,61.0)
0         (342.0,83.0,-98.0,61.0)
0         (341.0,83.0,-98.0,61.0)
0         (341.0,83.0,-97.0,61.0)
0         (341.0,83.0,-96.0,61.0)
0         (340.0,83.0,-96.0,61.0)
0         (340.0,83.0,-95.0,61.0)
0         (339.0,83.0,-95.0,61.0)
0         (339.0,83.0,-94.0,61.0)
0         (339.0,83.0,-93.0,61.0)
0         (339.0,84.0,-93.0,61.0)
0         (339.0,84.0,-93.0,62.0)
0         (339.0,84.0,-92.0,62.0)
0         (339.0,84.0,-92.0,63.0)
0         (339.0,84.0,-93.0,63.0)
0         (339.0,85.0,-93.0,63.0)
0         (339.0,85.0,-92.0,63.0)
0         (339.0,85.0,-92.0,62.0)
0         (339.0,85.0,-93.0,62.0)
0         (339.0,85.0,-93.0,61.0)
0         (339.0,85.0,-92.0,61.0)
0         (339.0,84.0,-92.0,61.0)
0         (339.0,84.0,-91.0,61.0)
0         (339.0,84.0,-91.0,62.0)
0         (339.0,84.0,-91.0,63.0)
0         (339.0,85.0,-91.0,63.0)
0         (339.0,85.0,-91.0,62.0)
0         (339.0,85.0,-91.0,61.0)
0         (338.0,85.0,-91.0,61.0)
0         (338.0,84.0,-91.0,61.0)
0         (338.0,84.0,-91.0,62.0)
0         (338.0,84.0,-92.0,62.0)
0         (338.0,84.0,-92.0,63.0)
0         (338.0,84.0,-91.0,63.0)
0         (338.0,83.0,-91.0,63.0)
0         (339.0,83.0,-91.0,63.0)
0         (339.0,83.0,-92.0,63.0)
0         (339.0,83.0,-92.0,62.0)
0         (339.0,83.0,-93.0,62.0)
0         (339.0,83.0,-93.0,63.0)
0         (339.0,83.0,-93.0,64.0)
0         (339.0,84.0,-93.0,64.0)
0         (339.0,84.0,-92.0,64.0)
0         (339.0,85.0,-92.0,64.0)
0         (339.0,85.0,-93.0,64.0)
0         (339.0,85.0,-94.0,64.0)
0         (339.0,85.0,-94.0,63.0)
0         (339.0,84.0,-94.0,63.0)
0         (339.0,84.0,-94.0,62.0)
0         (339.0,85.0,-94.0,62.0)
0         (339.0,85.0,-94.0,61.0)
0         (339.0,84.0,-94.0,61.0)
0         (338.0,84.0,-94.0,61.0)
0         (338.0,84.0,-93.0,61.0)
0         (338.0,84.0,-93.0,62.0)
0         (338.0,84.0,-93.0,63.0)
0         (338.0,85.0,-93.0,63.0)
0         (338.0,85.0,-92.0,63.0)
0         (338.0,85.0,-92.0,62.0)
0         (338.0,85.0,-91.0,62.0)
0         (338.0,85.0,-91.0,63.0)
0         (338.0,85.0,-91.0,64.0)
0         (339.0,85.0,-91.0,64.0)
0         (339.0,84.0,-91.0,64.0)
0         (339.0,83.0,-91.0,64.0)
0         (339.0,83.0,-92.0,64.0)
0         (338.0,83.0,-92.0,64.0)
0         (338.0,83.0,-92.0,63.0)
0         (338.0,83.0,-92.0,62.0)
0         (338.0,83.0,-91.0,62.0)
0         (339.0,83.0,-91.0,62.0)
0         (339.0,83.0,-91.0,61.0)
0         (339.0,83.0,-92.0,61.0)
0         (338.0,83.0,-92.0,61.0)
0         (338.0,84.0,-92.0,61.0)
0         (338.0,85.0,-92.0,61.0)
0         (338.0,85.0,-93.0,61.0)
0         (338.0,85.0,-93.0,62.0)
0         (338.0,85.0,-94.0,62.0)
0         (338.0,84.0,-94.0,62.0)
0         (338.0,84.0,-94.0,63.0)
0         (338.0,83.0,-94.0,63.0)
0         (338.0,83.0,-93.0,63.0)
0         (338.0,83.0,-93.0,62.0)
0         (338.0,83.0,-93.0,61.0)
0         (338.0,83.0,-93.0,60.0)
0         (337.0,83.0,-93.0,60.0)
0         (337.0,83.0,-93.0,59.0)
0         (336.0,83.0,-93.0,59.0)
0         (336.0,83.0,-93.0,58.0)
0         (336.0,84.0,-93.0,58.0)
0         (336.0,84.0,-93.0,57.0)
0         (336.0,84.0,-92.0,57.0)
0         (336.0,84.0,-92.0,56.0)
0         (336.0,84.0,-93.0,56.0)
0         (336.0,85.0,-93.0,56.0)
0         (336.0,85.0,-92.0,56.0)
0         (336.0,85.0,-92.0,57.0)
0         (336.0,85.0,-93.0,57.0)
0         (336.0,85.0,-93.0,58.0)
0         (336.0,85.0,-92.0,58.0)
0         (336.0,84.0,-92.0,58.0)
0         (336.0,84.0,-91.0,58.0)
0         (336.0,84.0,-91.0,57.0)
0         (336.0,84.0,-91.0,56.0)
0         (336.0,85.0,-91.0,56.0)
0         (336.0,85.0,-91.0,57.0)
0         (336.0,85.0,-91.0,58.0)
0         (335.0,85.0,-91.0,58.0)
0         (335.0,85.0,-91.0,57.0)
0         (335.0,85.0,-92.0,57.0)
0         (335.0,84.0,-92.0,57.0)
0         (335.0,84.0,-92.0,56.0)
0         (335.0,84.0,-93.0,56.0)
0         (335.0,84.0,-93.0,57.0)
0         (335.0,85.0,-93.0,57.0)
0         (335.0,85.0,-93.0,56.0)
0         (335.0,85.0,-92.0,56.0)
0         (335.0,85.0,-92.0,55.0)
0         (336.0,85.0,-92.0,55.0)
0         (336.0,84.0,-92.0,55.0)
0         (336.0,84.0,-93.0,55.0)
0         (336.0,85.0,-93.0,55.0)
0         (335.0,85.0,-93.0,55.0)
0         (335.0,84.0,-93.0,55.0)
0         (335.0,84.0,-92.0,55.0)
0         (335.0,84.0,-91.0,55.0)
0         (336.0,84.0,-91.0,55.0)
0         (336.0,85.0,-91.0,55.0)
0         (335.0,85.0,-91.0,55.0)
0         (335.0,85.0,-91.0,56.0)
0         (335.0,84.0,-91.0,56.0)
0         (335.0,84.0,-91.0,57.0)
0         (335.0,83.0,-91.0,57.0)
0         (336.0,83.0,-91.0,57.0)
0         (336.0,83.0,-92.0,57.0)
0         (336.0,83.0,-92.0,56.0)
0         (336.0,83.0,-93.0,56.0)
0         (336.0,83.0,-93.0,57.0)
0         (335.0,83.0,-93.0,57.0)
0         (335.0,83.0,-92.0,57.0)
0         (335.0,83.0,-92.0,56.0)
0         (335.0,83.0,-91.0,56.0)
0         (336.0,83.0,-91.0,56.0)
0         (336.0,83.0,-91.0,55.0)
0         (336.0,83.0,-92.0,55.0)
0         (336.0,83.0,-93.0,55.0)
0         (335.0,83.0,-93.0,55.0)
0         (335.0,83.0,-92.0,55.0)
0         (335.0,83.0,-91.0,55.0)
0         (335.0,83.0,-91.0,54.0)
0         (334.0,83.0,-91.0,54.0)
0         (334.0,83.0,-91.0,53.0)
0         (333.0,83.0,-91.0,53.0)
0         (333.0,83.0,-91.0,52.0)
0         (333.0,84.0,-91.0,52.0)
0         (333.0,84.0,-91.0,51.0)
0         (333.0,84.0,-92.0,51.0)
0         (333.0,84.0,-92.0,50.0)
0         (333.0,84.0,-93.0,50.0)
0         (333.0,84.0,-93.0,51.0)
0         (333.0,85.0,-93.0,51.0)
0         (333.0,85.0,-93.0,50.0)
0         (333.0,85.0,-92.0,50.0)
0         (333.0,85.0,-92.0,51.0)
0         (332.0,85.0,-92.0,51.0)
0         (332.0,84.0,-92.0,51.0)
0         (332.0,84.0,-92.0,50.0)
0         (332.0,84.0,-93.0,50.0)
0         (332.0,84.0,-93.0,51.0)
0         (332.0,85.0,-93.0,51.0)
0         (332.0,85.0,-93.0,50.0)
0         (332.0,85.0,-92.0,50.0)
0         (332.0,85.0,-92.0,49.0)
0         (333.0,85.0,-92.0,49.0)
0         (333.0,84.0,-92.0,49.0)
0         (333.0,84.0,-93.0,49.0)
0         (333.0,85.0,-93.0,49.0)
0         (332.0,85.0,-93.0,49.0)
0         (332.0,84.0,-93.0,49.0)
0         (332.0,84.0,-92.0,49.0)
0         (332.0,84.0,-91.0,49.0)
0         (333.0,84.0,-91.0,49.0)
0         (333.0,84.0,-91.0,50.0)
0         (333.0,85.0,-91.0,50.0)
0         (333.0,85.0,-91.0,51.0)
0         (332.0,85.0,-91.0,51.0)
0         (332.0,84.0,-91.0,51.0)
0         (332.0,84.0,-91.0,50.0)
0         (332.0,85.0,-91.0,50.0)
0         (332.0,85.0,-91.0,49.0)
0         (333.0,85.0,-91.0,49.0)
0         (333.0,85.0,-91.0,48.0)
0         (333.0,85.0,-92.0,48.0)
0         (333.0,84.0,-92.0,48.0)
0         (332.0,84.0,-92.0,48.0)
0         (332.0,84.0,-91.0,48.0)
0         (332.0,83.0,-91.0,48.0)
0         (332.0,83.0,-91.0,49.0)
0         (332.0,83.0,-92.0,49.0)
0         (333.0,83.0,-92.0,49.0)
0         (333.0,83.0,-92.0,50.0)
0         (333.0,83.0,-93.0,50.0)
0         (333.0,83.0,-93.0,51.0)
0         (333.0,83.0,-92.0,51.0)
0         (332.0,83.0,-92.0,51.0)
0         (332.0,83.0,-92.0,50.0)
0         (332.0,83.0,-91.0,50.0)
0         (333.0,83.0,-91.0,50.0)
0         (333.0,83.0,-91.0,49.0)
0         (333.0,83.0,-91.0,48.0)
0         (333.0,84.0,-91.0,48.0)
0         (333.0,84.0,-90.0,48.0)
0         (332.0,84.0,-90.0,48.0)
0         (331.0,84.0,-90.0,48.0)
0         (331.0,84.0,-89.0,48.0)
0         (330.0,84.0,-89.0,48.0)
0         (330.0,84.0,-88.0,48.0)
0         (330.0,84.0,-88.0,49.0)
0         (330.0,84.0,-87.0,49.0)
0         (330.0,84.0,-87.0,50.0)
0         (330.0,84.0,-87.0,51.0)
0         (330.0,85.0,-87.0,51.0)
0         (330.0,85.0,-87.0,50.0)
0         (330.0,85.0,-86.0,50.0)
0         (330.0,84.0,-86.0,50.0)
0         (330.0,84.0,-86.0,51.0)
0         (330.0,85.0,-86.0,51.0)
0         (329.0,85.0,-86.0,51.0)
0         (329.0,84.0,-86.0,51.0)
0         (329.0,84.0,-87.0,51.0)
0         (329.0,84.0,-87.0,50.0)
0         (329.0,84.0,-86.0,50.0)
0         (329.0,85.0,-86.0,50.0)
0         (329.0,85.0,-87.0,50.0)
0         (329.0,85.0,-87.0,51.0)
0         (329.0,85.0,-88.0,51.0)
0         (330.0,85.0,-88.0,51.0)
0         (330.0,84.0,-88.0,51.0)
0         (330.0,84.0,-88.0,50.0)
0         (330.0,85.0,-88.0,50.0)
0         (329.0,85.0,-88.0,50.0)
0         (329.0,84.0,-88.0,50.0)
0         (329.0,84.0,-88.0,51.0)
0         (329.0,83.0,-88.0,51.0)
0         (329.0,83.0,-87.0,51.0)
0         (329.0,83.0,-87.0,50.0)
0         (330.0,83.0,-87.0,50.0)
0         (330.0,83.0,-86.0,50.0)
0         (329.0,83.0,-86.0,50.0)
0         (329.0,83.0,-86.0,49.0)
0         (329.0,84.0,-86.0,49.0)
0         (330.0,84.0,-86.0,49.0)
0         (330.0,85.0,-86.0,49.0)
0         (330.0,85.0,-87.0,49.0)
0         (329.0,85.0,-87.0,49.0)
0         (329.0,84.0,-87.0,49.0)
0         (329.0,84.0,-88.0,49.0)
0         (329.0,85.0,-88.0,49.0)
0         (330.0,85.0,-88.0,49.0)
0         (330.0,85.0,-88.0,48.0)
0         (330.0,85.0,-87.0,48.0)
0         (330.0,84.0,-87.0,48.0)
0         (329.0,84.0,-87.0,48.0)
0         (329.0,84.0,-86.0,48.0)
0         (330.0,84.0,-86.0,48.0)
0         (330.0,85.0,-86.0,48.0)
0         (329.0,85.0,-86.0,48.0)
0         (329.0,85.0,-86.0,49.0)
0         (329.0,85.0,-85.0,49.0)
0         (329.0,84.0,-85.0,49.0)
0         (329.0,84.0,-85.0,50.0)
0         (329.0,84.0,-85.0,51.0)
0         (330.0,84.0,-85.0,51.0)
0         (330.0,84.0,-85.0,50.0)
0         (330.0,84.0,-85.0,49.0)
0         (330.0,85.0,-85.0,49.0)
0         (330.0,85.0,-85.0,50.0)
0         (329.0,85.0,-85.0,50.0)
0         (329.0,85.0,-85.0,51.0)
0         (330.0,85.0,-85.0,51.0)
0         (330.0,85.0,-85.0,52.0)
0         (330.0,85.0,-86.0,52.0)
0         (330.0,84.0,-86.0,52.0)
0         (330.0,84.0,-87.0,52.0)
0         (329.0,84.0,-87.0,52.0)
0         (329.0,84.0,-86.0,52.0)
0         (329.0,85.0,-86.0,52.0)
0         (329.0,85.0,-87.0,52.0)
0         (330.0,85.0,-87.0,52.0)
0         (330.0,85.0,-88.0,52.0)
0         (330.0,84.0,-88.0,52.0)
0         (329.0,84.0,-88.0,52.0)
0         (329.0,85.0,-88.0,52.0)
0         (329.0,85.0,-89.0,52.0)
0         (329.0,85.0,-89.0,51.0)
0         (329.0,84.0,-89.0,51.0)
0         (329.0,84.0,-89.0,50.0)
0         (330.0,84.0,-89.0,50.0)
0         (330.0,84.0,-89.0,51.0)
0         (330.0,85.0,-89.0,51.0)
0         (330.0,85.0,-89.0,50.0)
0         (329.0,85.0,-89.0,50.0)
0         (329.0,85.0,-89.0,49.0)
0         (329.0,84.0,-89.0,49.0)
0         (330.0,84.0,-89.0,49.0)
0         (330.0,85.0,-89.0,49.0)
0         (330.0,85.0,-89.0,48.0)
0         (329.0,85.0,-89.0,48.0)
0         (329.0,85.0,-88.0,48.0)
0         (329.0,85.0,-87.0,48.0)
0         (329.0,86.0,-87.0,48.0)
0         (329.0,86.0,-87.0,49.0)
0         (329.0,86.0,-87.0,50.0)
0         (329.0,86.0,-86.0,50.0)
0         (329.0,86.0,-86.0,49.0)
0         (329.0,86.0,-85.0,49.0)
0         (328.0,86.0,-85.0,49.0)
0         (328.0,86.0,-84.0,49.0)
0         (327.0,86.0,-84.0,49.0)
0         (327.0,86.0,-83.0,49.0)
0         (327.0,85.0,-83.0,49.0)
0         (327.0,85.0,-82.0,49.0)
0         (327.0,85.0,-82.0,50.0)
0         (327.0,84.0,-82.0,50.0)
0         (327.0,84.0,-81.0,50.0)
0         (326.0,84.0,-81.0,50.0)
0         (326.0,84.0,-82.0,50.0)
0         (326.0,84.0,-82.0,51.0)
0         (327.0,84.0,-82.0,51.0)
0         (327.0,84.0,-81.0,51.0)
0         (326.0,84.0,-81.0,51.0)
0         (326.0,85.0,-81.0,51.0)
0         (326.0,85.0,-81.0,50.0)
0         (327.0,85.0,-81.0,50.0)
0         (327.0,85.0,-81.0,51.0)
0         (327.0,85.0,-82.0,51.0)
0         (326.0,85.0,-82.0,51.0)
0         (326.0,85.0,-82.0,50.0)
0         (326.0,85.0,-82.0,49.0)
0         (326.0,84.0,-82.0,49.0)
