# run = 20
ltot         F            S   
0         -6.7007e+01    (188.0,266.0,177.0,-356.0)
1         -6.6864e+01    (188.0,266.0,177.0,-355.0)
2         -6.6721e+01    (188.0,266.0,177.0,-354.0)
3         -6.6416e+01    (188.0,266.0,176.0,-354.0)
4         -6.6102e+01    (188.0,266.0,176.0,-353.0)
5         -6.5738e+01    (188.0,266.0,175.0,-353.0)
6         -6.5452e+01    (188.0,266.0,175.0,-352.0)
7         -6.5266e+01    (188.0,266.0,174.0,-352.0)
8         -6.5161e+01    (188.0,266.0,174.0,-351.0)
9         -6.5222e+01    (188.0,266.0,173.0,-351.0)
10        -6.5247e+01    (188.0,266.0,173.0,-350.0)
11        -6.5236e+01    (188.0,266.0,174.0,-350.0)
12        -6.5333e+01    (189.0,266.0,174.0,-350.0)
13        -6.5259e+01    (189.0,266.0,174.0,-351.0)
14        -6.5319e+01    (189.0,266.0,173.0,-351.0)
15        -6.5343e+01    (189.0,266.0,173.0,-350.0)
16        -6.5409e+01    (189.0,265.0,173.0,-350.0)
17        -6.5314e+01    (188.0,265.0,173.0,-350.0)
18        -6.5281e+01    (188.0,265.0,173.0,-349.0)
19        -6.5217e+01    (188.0,264.0,173.0,-349.0)
20        -6.4958e+01    (188.0,264.0,173.0,-348.0)
21        -6.4686e+01    (188.0,263.0,173.0,-348.0)
22        -6.4280e+01    (188.0,263.0,173.0,-347.0)
23        -6.3980e+01    (188.0,263.0,173.0,-346.0)
24        -6.3726e+01    (188.0,262.0,173.0,-346.0)
25        -6.3566e+01    (188.0,262.0,173.0,-345.0)
26        -6.3484e+01    (188.0,262.0,174.0,-345.0)
27        -6.3534e+01    (188.0,262.0,174.0,-344.0)
28        -6.3571e+01    (188.0,262.0,173.0,-344.0)
29        -6.3588e+01    (188.0,261.0,173.0,-344.0)
30        -6.3587e+01    (188.0,261.0,174.0,-344.0)
31        -6.3605e+01    (188.0,261.0,174.0,-345.0)
32        -6.3636e+01    (188.0,261.0,173.0,-345.0)
33        -6.3733e+01    (189.0,261.0,173.0,-345.0)
34        -6.3664e+01    (189.0,262.0,173.0,-345.0)
35        -6.3583e+01    (189.0,262.0,174.0,-345.0)
36        -6.3631e+01    (189.0,262.0,174.0,-344.0)
37        -6.3668e+01    (189.0,262.0,173.0,-344.0)
38        -6.3684e+01    (189.0,261.0,173.0,-344.0)
39        -6.3684e+01    (189.0,261.0,174.0,-344.0)
40        -6.3702e+01    (189.0,261.0,174.0,-345.0)
41        -6.3861e+01    (189.0,261.0,175.0,-345.0)
42        -6.3764e+01    (188.0,261.0,175.0,-345.0)
43        -6.3675e+01    (188.0,262.0,175.0,-345.0)
44        -6.3696e+01    (188.0,262.0,175.0,-344.0)
45        -6.3728e+01    (188.0,261.0,175.0,-344.0)
46        -6.3785e+01    (188.0,261.0,175.0,-343.0)
47        -6.3676e+01    (188.0,261.0,174.0,-343.0)
48        -6.3624e+01    (188.0,261.0,173.0,-343.0)
49        -6.3617e+01    (188.0,261.0,172.0,-343.0)
50        -6.3539e+01    (188.0,260.0,172.0,-343.0)
51        -6.3377e+01    (188.0,260.0,172.0,-342.0)
52        -6.3205e+01    (188.0,259.0,172.0,-342.0)
53        -6.2956e+01    (188.0,259.0,172.0,-341.0)
54        -6.2736e+01    (188.0,259.0,172.0,-340.0)
55        -6.2501e+01    (188.0,258.0,172.0,-340.0)
56        -6.2218e+01    (188.0,258.0,173.0,-340.0)
57        -6.2013e+01    (188.0,258.0,173.0,-339.0)
58        -6.1929e+01    (188.0,258.0,174.0,-339.0)
59        -6.1880e+01    (188.0,257.0,174.0,-339.0)
60        -6.1859e+01    (188.0,257.0,174.0,-338.0)
61        -6.1897e+01    (188.0,257.0,173.0,-338.0)
62        -6.1948e+01    (188.0,257.0,173.0,-339.0)
63        -6.2045e+01    (189.0,257.0,173.0,-339.0)
64        -6.1978e+01    (189.0,257.0,174.0,-339.0)
65        -6.1956e+01    (189.0,257.0,174.0,-338.0)
66        -6.1993e+01    (189.0,257.0,173.0,-338.0)
67        -6.2063e+01    (189.0,257.0,173.0,-337.0)
68        -6.1967e+01    (188.0,257.0,173.0,-337.0)
69        -6.1988e+01    (188.0,256.0,173.0,-337.0)
70        -6.1946e+01    (188.0,256.0,173.0,-336.0)
71        -6.1782e+01    (188.0,255.0,173.0,-336.0)
72        -6.1508e+01    (188.0,255.0,173.0,-335.0)
73        -6.1175e+01    (188.0,254.0,173.0,-335.0)
74        -6.0806e+01    (188.0,254.0,173.0,-334.0)
75        -6.0566e+01    (188.0,254.0,173.0,-333.0)
76        -6.0352e+01    (188.0,253.0,173.0,-333.0)
77        -6.0265e+01    (188.0,253.0,174.0,-333.0)
78        -6.0206e+01    (188.0,253.0,174.0,-332.0)
79        -6.0272e+01    (188.0,253.0,173.0,-332.0)
80        -6.0340e+01    (188.0,253.0,173.0,-331.0)
81        -6.0334e+01    (188.0,253.0,174.0,-331.0)
82        -6.0371e+01    (188.0,252.0,174.0,-331.0)
83        -6.0345e+01    (188.0,252.0,173.0,-331.0)
84        -6.0359e+01    (188.0,252.0,173.0,-332.0)
85        -6.0347e+01    (188.0,252.0,174.0,-332.0)
86        -6.0444e+01    (188.0,252.0,174.0,-333.0)
87        -6.0470e+01    (188.0,252.0,173.0,-333.0)
88        -6.0566e+01    (189.0,252.0,173.0,-333.0)
89        -6.0450e+01    (189.0,253.0,173.0,-333.0)
90        -6.0364e+01    (189.0,253.0,174.0,-333.0)
91        -6.0304e+01    (189.0,253.0,174.0,-332.0)
92        -6.0369e+01    (189.0,253.0,173.0,-332.0)
93        -6.0436e+01    (189.0,253.0,173.0,-331.0)
94        -6.0430e+01    (189.0,253.0,174.0,-331.0)
95        -6.0467e+01    (189.0,252.0,174.0,-331.0)
96        -6.0440e+01    (189.0,252.0,173.0,-331.0)
97        -6.0456e+01    (189.0,252.0,173.0,-332.0)
98        -6.0444e+01    (189.0,252.0,174.0,-332.0)
99        -6.0541e+01    (189.0,252.0,174.0,-333.0)
100       -6.0697e+01    (189.0,252.0,175.0,-333.0)
101       -6.0556e+01    (189.0,253.0,175.0,-333.0)
102       -6.0459e+01    (188.0,253.0,175.0,-333.0)
103       -6.0387e+01    (188.0,253.0,175.0,-332.0)
104       -6.0478e+01    (188.0,253.0,175.0,-331.0)
105       -6.0495e+01    (188.0,252.0,175.0,-331.0)
106       -6.0495e+01    (188.0,252.0,175.0,-332.0)
107       -6.0591e+01    (189.0,252.0,175.0,-332.0)
108       -6.0484e+01    (189.0,253.0,175.0,-332.0)
109       -6.0574e+01    (189.0,253.0,175.0,-331.0)
110       -6.0591e+01    (189.0,252.0,175.0,-331.0)
111       -6.0655e+01    (189.0,252.0,175.0,-330.0)
112       -6.0561e+01    (188.0,252.0,175.0,-330.0)
113       -6.0468e+01    (188.0,251.0,175.0,-330.0)
114       -6.0297e+01    (188.0,251.0,175.0,-329.0)
115       -5.9963e+01    (188.0,250.0,175.0,-329.0)
116       -5.9604e+01    (188.0,250.0,175.0,-328.0)
117       -5.9276e+01    (188.0,249.0,175.0,-328.0)
118       -5.8970e+01    (188.0,249.0,175.0,-327.0)
119       -5.8777e+01    (188.0,249.0,174.0,-327.0)
120       -5.8662e+01    (188.0,249.0,174.0,-326.0)
121       -5.8658e+01    (188.0,248.0,174.0,-326.0)
122       -5.8706e+01    (188.0,248.0,174.0,-325.0)
123       -5.8716e+01    (188.0,248.0,173.0,-325.0)
124       -5.8711e+01    (188.0,248.0,173.0,-326.0)
125       -5.8739e+01    (188.0,249.0,173.0,-326.0)
126       -5.8774e+01    (188.0,249.0,173.0,-325.0)
127       -5.8746e+01    (188.0,249.0,174.0,-325.0)
128       -5.8843e+01    (189.0,249.0,174.0,-325.0)
129       -5.8760e+01    (189.0,249.0,174.0,-326.0)
130       -5.8755e+01    (189.0,248.0,174.0,-326.0)
131       -5.8802e+01    (189.0,248.0,174.0,-325.0)
132       -5.8812e+01    (189.0,248.0,173.0,-325.0)
133       -5.8807e+01    (189.0,248.0,173.0,-326.0)
134       -5.8836e+01    (189.0,249.0,173.0,-326.0)
135       -5.8870e+01    (189.0,249.0,173.0,-325.0)
136       -5.9014e+01    (189.0,249.0,173.0,-324.0)
137       -5.8911e+01    (189.0,248.0,173.0,-324.0)
138       -5.8816e+01    (188.0,248.0,173.0,-324.0)
139       -5.8772e+01    (188.0,247.0,173.0,-324.0)
140       -5.8710e+01    (188.0,247.0,172.0,-324.0)
141       -5.8592e+01    (188.0,247.0,172.0,-323.0)
142       -5.8409e+01    (188.0,246.0,172.0,-323.0)
143       -5.8198e+01    (188.0,246.0,172.0,-322.0)
144       -5.7969e+01    (188.0,245.0,172.0,-322.0)
145       -5.7742e+01    (188.0,245.0,172.0,-321.0)
146       -5.7479e+01    (188.0,245.0,173.0,-321.0)
147       -5.7310e+01    (188.0,245.0,173.0,-320.0)
148       -5.7141e+01    (188.0,244.0,173.0,-320.0)
149       -5.7060e+01    (188.0,244.0,174.0,-320.0)
150       -5.7091e+01    (188.0,244.0,174.0,-319.0)
151       -5.7133e+01    (188.0,244.0,173.0,-319.0)
152       -5.7219e+01    (188.0,243.0,173.0,-319.0)
153       -5.7224e+01    (188.0,243.0,173.0,-318.0)
154       -5.7217e+01    (188.0,243.0,172.0,-318.0)
155       -5.7142e+01    (188.0,243.0,172.0,-317.0)
156       -5.6991e+01    (188.0,242.0,172.0,-317.0)
157       -5.6820e+01    (188.0,242.0,172.0,-316.0)
158       -5.6587e+01    (188.0,241.0,172.0,-316.0)
159       -5.6363e+01    (188.0,241.0,172.0,-315.0)
160       -5.6168e+01    (188.0,240.0,172.0,-315.0)
161       -5.5886e+01    (188.0,240.0,173.0,-315.0)
162       -5.5670e+01    (188.0,240.0,173.0,-314.0)
163       -5.5581e+01    (188.0,240.0,174.0,-314.0)
164       -5.5564e+01    (188.0,240.0,174.0,-313.0)
165       -5.5592e+01    (188.0,239.0,174.0,-313.0)
166       -5.5623e+01    (188.0,239.0,173.0,-313.0)
167       -5.5625e+01    (188.0,240.0,173.0,-313.0)
168       -5.5722e+01    (189.0,240.0,173.0,-313.0)
169       -5.5662e+01    (189.0,240.0,174.0,-313.0)
170       -5.5679e+01    (189.0,240.0,174.0,-314.0)
171       -5.5734e+01    (189.0,239.0,174.0,-314.0)
172       -5.5637e+01    (188.0,239.0,174.0,-314.0)
173       -5.5690e+01    (188.0,239.0,173.0,-314.0)
174       -5.5787e+01    (189.0,239.0,173.0,-314.0)
175       -5.5720e+01    (189.0,239.0,173.0,-313.0)
176       -5.5689e+01    (189.0,239.0,174.0,-313.0)
177       -5.5787e+01    (189.0,239.0,174.0,-312.0)
178       -5.5691e+01    (188.0,239.0,174.0,-312.0)
179       -5.5671e+01    (188.0,239.0,173.0,-312.0)
180       -5.5724e+01    (188.0,240.0,173.0,-312.0)
181       -5.5728e+01    (188.0,240.0,174.0,-312.0)
182       -5.5824e+01    (189.0,240.0,174.0,-312.0)
183       -5.5820e+01    (189.0,240.0,173.0,-312.0)
184       -5.5766e+01    (189.0,239.0,173.0,-312.0)
185       -5.5831e+01    (189.0,239.0,172.0,-312.0)
186       -5.5737e+01    (188.0,239.0,172.0,-312.0)
187       -5.5695e+01    (188.0,239.0,172.0,-311.0)
188       -5.5574e+01    (188.0,238.0,172.0,-311.0)
189       -5.5449e+01    (188.0,238.0,172.0,-310.0)
190       -5.5231e+01    (188.0,237.0,172.0,-310.0)
191       -5.5026e+01    (188.0,237.0,172.0,-309.0)
192       -5.4792e+01    (188.0,236.0,172.0,-309.0)
193       -5.4560e+01    (188.0,236.0,173.0,-309.0)
194       -5.4307e+01    (188.0,236.0,173.0,-308.0)
195       -5.4180e+01    (188.0,235.0,173.0,-308.0)
196       -5.4087e+01    (188.0,235.0,173.0,-307.0)
197       -5.4023e+01    (188.0,235.0,174.0,-307.0)
198       -5.4100e+01    (188.0,235.0,174.0,-308.0)
199       -5.4198e+01    (189.0,235.0,174.0,-308.0)
200       -5.4121e+01    (189.0,235.0,174.0,-307.0)
201       -5.4184e+01    (189.0,235.0,173.0,-307.0)
202       -5.4238e+01    (189.0,235.0,173.0,-306.0)
203       -5.4142e+01    (188.0,235.0,173.0,-306.0)
204       -5.4130e+01    (188.0,235.0,174.0,-306.0)
205       -5.4227e+01    (189.0,235.0,174.0,-306.0)
206       -5.4337e+01    (189.0,234.0,174.0,-306.0)
207       -5.4241e+01    (188.0,234.0,174.0,-306.0)
208       -5.4207e+01    (188.0,234.0,173.0,-306.0)
209       -5.4217e+01    (188.0,234.0,173.0,-305.0)
210       -5.4157e+01    (188.0,234.0,172.0,-305.0)
211       -5.4067e+01    (188.0,233.0,172.0,-305.0)
212       -5.3889e+01    (188.0,233.0,172.0,-304.0)
213       -5.3710e+01    (188.0,232.0,172.0,-304.0)
214       -5.3465e+01    (188.0,232.0,172.0,-303.0)
215       -5.3264e+01    (188.0,232.0,172.0,-302.0)
216       -5.3044e+01    (188.0,232.0,173.0,-302.0)
217       -5.2773e+01    (188.0,231.0,173.0,-302.0)
218       -5.2639e+01    (188.0,231.0,173.0,-301.0)
219       -5.2556e+01    (188.0,231.0,174.0,-301.0)
220       -5.2632e+01    (188.0,231.0,174.0,-300.0)
221       -5.2669e+01    (188.0,231.0,173.0,-300.0)
222       -5.2678e+01    (188.0,230.0,173.0,-300.0)
223       -5.2672e+01    (188.0,230.0,174.0,-300.0)
224       -5.2654e+01    (188.0,230.0,174.0,-301.0)
225       -5.2693e+01    (188.0,230.0,173.0,-301.0)
226       -5.2790e+01    (189.0,230.0,173.0,-301.0)
227       -5.2736e+01    (189.0,231.0,173.0,-301.0)
228       -5.2655e+01    (189.0,231.0,174.0,-301.0)
229       -5.2729e+01    (189.0,231.0,174.0,-300.0)
230       -5.2765e+01    (189.0,231.0,173.0,-300.0)
231       -5.2774e+01    (189.0,230.0,173.0,-300.0)
232       -5.2769e+01    (189.0,230.0,174.0,-300.0)
233       -5.2751e+01    (189.0,230.0,174.0,-301.0)
234       -5.2887e+01    (189.0,230.0,174.0,-302.0)
235       -5.2785e+01    (189.0,231.0,174.0,-302.0)
236       -5.2687e+01    (188.0,231.0,174.0,-302.0)
237       -5.2790e+01    (188.0,230.0,174.0,-302.0)
238       -5.2832e+01    (188.0,230.0,173.0,-302.0)
239       -5.2929e+01    (189.0,230.0,173.0,-302.0)
240       -5.2871e+01    (189.0,231.0,173.0,-302.0)
241       -5.3141e+01    (189.0,232.0,173.0,-302.0)
242       -5.3003e+01    (189.0,232.0,173.0,-301.0)
243       -5.2906e+01    (188.0,232.0,173.0,-301.0)
244       -5.2862e+01    (188.0,232.0,174.0,-301.0)
245       -5.2886e+01    (188.0,232.0,174.0,-300.0)
246       -5.2895e+01    (188.0,232.0,173.0,-300.0)
247       -5.2978e+01    (188.0,232.0,173.0,-299.0)
248       -5.2819e+01    (188.0,231.0,173.0,-299.0)
249       -5.2752e+01    (188.0,230.0,173.0,-299.0)
250       -5.2747e+01    (188.0,230.0,172.0,-299.0)
251       -5.2682e+01    (188.0,229.0,172.0,-299.0)
252       -5.2552e+01    (188.0,229.0,172.0,-298.0)
253       -5.2393e+01    (188.0,228.0,172.0,-298.0)
254       -5.2174e+01    (188.0,228.0,172.0,-297.0)
255       -5.1978e+01    (188.0,227.0,172.0,-297.0)
256       -5.1751e+01    (188.0,227.0,172.0,-296.0)
257       -5.1473e+01    (188.0,227.0,173.0,-296.0)
258       -5.1294e+01    (188.0,227.0,173.0,-295.0)
259       -5.1210e+01    (188.0,226.0,173.0,-295.0)
260       -5.1137e+01    (188.0,226.0,174.0,-295.0)
261       -5.1146e+01    (188.0,226.0,174.0,-294.0)
262       -5.1188e+01    (188.0,226.0,173.0,-294.0)
263       -5.1277e+01    (188.0,227.0,173.0,-294.0)
264       -5.1230e+01    (188.0,227.0,174.0,-294.0)
265       -5.1213e+01    (188.0,227.0,174.0,-295.0)
266       -5.1312e+01    (189.0,227.0,174.0,-295.0)
267       -5.1235e+01    (189.0,226.0,174.0,-295.0)
268       -5.1243e+01    (189.0,226.0,174.0,-294.0)
269       -5.1284e+01    (189.0,226.0,173.0,-294.0)
270       -5.1307e+01    (189.0,226.0,173.0,-295.0)
271       -5.1391e+01    (189.0,227.0,173.0,-295.0)
272       -5.1374e+01    (189.0,227.0,173.0,-294.0)
273       -5.1327e+01    (189.0,227.0,174.0,-294.0)
274       -5.1496e+01    (189.0,227.0,175.0,-294.0)
275       -5.1399e+01    (188.0,227.0,175.0,-294.0)
276       -5.1312e+01    (188.0,226.0,175.0,-294.0)
277       -5.1322e+01    (188.0,226.0,175.0,-295.0)
278       -5.1402e+01    (188.0,227.0,175.0,-295.0)
279       -5.1500e+01    (189.0,227.0,175.0,-295.0)
280       -5.1419e+01    (189.0,226.0,175.0,-295.0)
281       -5.1408e+01    (189.0,226.0,175.0,-294.0)
282       -5.1535e+01    (189.0,226.0,175.0,-293.0)
283       -5.1408e+01    (189.0,226.0,174.0,-293.0)
284       -5.1312e+01    (188.0,226.0,174.0,-293.0)
285       -5.1290e+01    (188.0,226.0,173.0,-293.0)
286       -5.1314e+01    (188.0,225.0,173.0,-293.0)
287       -5.1298e+01    (188.0,225.0,172.0,-293.0)
288       -5.1215e+01    (188.0,225.0,172.0,-292.0)
289       -5.1086e+01    (188.0,224.0,172.0,-292.0)
290       -5.0904e+01    (188.0,224.0,172.0,-291.0)
291       -5.0700e+01    (188.0,223.0,172.0,-291.0)
292       -5.0474e+01    (188.0,223.0,172.0,-290.0)
293       -5.0266e+01    (188.0,223.0,173.0,-290.0)
294       -5.0048e+01    (188.0,222.0,173.0,-290.0)
295       -4.9822e+01    (188.0,222.0,173.0,-289.0)
296       -4.9733e+01    (188.0,222.0,174.0,-289.0)
297       -4.9702e+01    (188.0,222.0,174.0,-288.0)
298       -4.9768e+01    (188.0,222.0,173.0,-288.0)
299       -4.9843e+01    (188.0,221.0,173.0,-288.0)
300       -4.9824e+01    (188.0,221.0,174.0,-288.0)
301       -4.9887e+01    (188.0,221.0,174.0,-287.0)
302       -4.9856e+01    (188.0,222.0,174.0,-287.0)
303       -4.9863e+01    (188.0,222.0,173.0,-287.0)
304       -4.9865e+01    (188.0,221.0,173.0,-287.0)
305       -4.9926e+01    (188.0,221.0,172.0,-287.0)
306       -4.9880e+01    (188.0,221.0,172.0,-286.0)
307       -4.9780e+01    (188.0,220.0,172.0,-286.0)
308       -4.9645e+01    (188.0,220.0,172.0,-285.0)
309       -4.9451e+01    (188.0,219.0,172.0,-285.0)
310       -4.9240e+01    (188.0,219.0,172.0,-284.0)
311       -4.9042e+01    (188.0,218.0,172.0,-284.0)
312       -4.8809e+01    (188.0,218.0,173.0,-284.0)
313       -4.8542e+01    (188.0,218.0,173.0,-283.0)
314       -4.8442e+01    (188.0,218.0,173.0,-282.0)
315       -4.8368e+01    (188.0,218.0,174.0,-282.0)
316       -4.8339e+01    (188.0,217.0,174.0,-282.0)
317       -4.8397e+01    (188.0,217.0,173.0,-282.0)
318       -4.8434e+01    (188.0,217.0,173.0,-281.0)
319       -4.8421e+01    (188.0,217.0,174.0,-281.0)
320       -4.8474e+01    (188.0,218.0,174.0,-281.0)
321       -4.8499e+01    (188.0,218.0,173.0,-281.0)
322       -4.8595e+01    (189.0,218.0,173.0,-281.0)
323       -4.8530e+01    (189.0,217.0,173.0,-281.0)
324       -4.8494e+01    (189.0,217.0,173.0,-282.0)
325       -4.8437e+01    (189.0,217.0,174.0,-282.0)
326       -4.8466e+01    (189.0,218.0,174.0,-282.0)
327       -4.8539e+01    (189.0,218.0,173.0,-282.0)
328       -4.8640e+01    (189.0,218.0,173.0,-283.0)
329       -4.8556e+01    (189.0,218.0,174.0,-283.0)
330       -4.8457e+01    (188.0,218.0,174.0,-283.0)
331       -4.8434e+01    (188.0,217.0,174.0,-283.0)
332       -4.8502e+01    (188.0,217.0,173.0,-283.0)
333       -4.8599e+01    (189.0,217.0,173.0,-283.0)
334       -4.8532e+01    (189.0,217.0,174.0,-283.0)
335       -4.8713e+01    (189.0,217.0,175.0,-283.0)
336       -4.8612e+01    (189.0,217.0,175.0,-282.0)
337       -4.8515e+01    (188.0,217.0,175.0,-282.0)
338       -4.8553e+01    (188.0,218.0,175.0,-282.0)
339       -4.8629e+01    (188.0,218.0,175.0,-281.0)
340       -4.8569e+01    (188.0,217.0,175.0,-281.0)
341       -4.8665e+01    (189.0,217.0,175.0,-281.0)
342       -4.8517e+01    (189.0,217.0,174.0,-281.0)
343       -4.8571e+01    (189.0,218.0,174.0,-281.0)
344       -4.8726e+01    (189.0,218.0,175.0,-281.0)
345       -4.8651e+01    (189.0,218.0,175.0,-282.0)
346       -4.8747e+01    (189.0,218.0,175.0,-283.0)
347       -4.8649e+01    (188.0,218.0,175.0,-283.0)
348       -4.8615e+01    (188.0,217.0,175.0,-283.0)
349       -4.8881e+01    (188.0,217.0,175.0,-284.0)
350       -4.8717e+01    (188.0,217.0,174.0,-284.0)
351       -4.8756e+01    (188.0,217.0,173.0,-284.0)
352       -4.8853e+01    (189.0,217.0,173.0,-284.0)
353       -4.8814e+01    (189.0,217.0,174.0,-284.0)
354       -4.8853e+01    (189.0,218.0,174.0,-284.0)
355       -4.8756e+01    (188.0,218.0,174.0,-284.0)
356       -4.8928e+01    (188.0,218.0,175.0,-284.0)
357       -4.9026e+01    (189.0,218.0,175.0,-284.0)
358       -4.8978e+01    (189.0,217.0,175.0,-284.0)
359       -4.9192e+01    (189.0,216.0,175.0,-284.0)
360       -4.9000e+01    (189.0,216.0,175.0,-283.0)
361       -4.8874e+01    (189.0,216.0,174.0,-283.0)
362       -4.8752e+01    (189.0,216.0,174.0,-282.0)
363       -4.8656e+01    (188.0,216.0,174.0,-282.0)
364       -4.8606e+01    (188.0,216.0,174.0,-281.0)
365       -4.8560e+01    (188.0,216.0,173.0,-281.0)
366       -4.8532e+01    (188.0,216.0,173.0,-280.0)
367       -4.8475e+01    (188.0,216.0,172.0,-280.0)
368       -4.8388e+01    (188.0,216.0,172.0,-279.0)
369       -4.8219e+01    (188.0,215.0,172.0,-279.0)
370       -4.8038e+01    (188.0,215.0,172.0,-278.0)
371       -4.7818e+01    (188.0,214.0,172.0,-278.0)
372       -4.7616e+01    (188.0,214.0,172.0,-277.0)
373       -4.7365e+01    (188.0,214.0,173.0,-277.0)
374       -4.7179e+01    (188.0,213.0,173.0,-277.0)
375       -4.7034e+01    (188.0,213.0,173.0,-276.0)
376       -4.6951e+01    (188.0,213.0,174.0,-276.0)
377       -4.7011e+01    (188.0,213.0,174.0,-275.0)
378       -4.7053e+01    (188.0,213.0,173.0,-275.0)
379       -4.7132e+01    (188.0,212.0,173.0,-275.0)
380       -4.7136e+01    (188.0,212.0,174.0,-275.0)
381       -4.7147e+01    (188.0,212.0,174.0,-276.0)
382       -4.7169e+01    (188.0,212.0,173.0,-276.0)
383       -4.7265e+01    (189.0,212.0,173.0,-276.0)
384       -4.7131e+01    (189.0,213.0,173.0,-276.0)
385       -4.7050e+01    (189.0,213.0,174.0,-276.0)
386       -4.7108e+01    (189.0,213.0,174.0,-275.0)
387       -4.7150e+01    (189.0,213.0,173.0,-275.0)
388       -4.7228e+01    (189.0,212.0,173.0,-275.0)
389       -4.7232e+01    (189.0,212.0,174.0,-275.0)
390       -4.7244e+01    (189.0,212.0,174.0,-276.0)
391       -4.7388e+01    (189.0,212.0,174.0,-277.0)
392       -4.7196e+01    (189.0,213.0,174.0,-277.0)
393       -4.7098e+01    (188.0,213.0,174.0,-277.0)
394       -4.7287e+01    (188.0,213.0,175.0,-277.0)
395       -4.7142e+01    (188.0,213.0,175.0,-276.0)
396       -4.7177e+01    (188.0,213.0,175.0,-275.0)
397       -4.7273e+01    (188.0,212.0,175.0,-275.0)
398       -4.7300e+01    (188.0,212.0,175.0,-276.0)
399       -4.7397e+01    (189.0,212.0,175.0,-276.0)
400       -4.7239e+01    (189.0,213.0,175.0,-276.0)
401       -4.7274e+01    (189.0,213.0,175.0,-275.0)
402       -4.7369e+01    (189.0,212.0,175.0,-275.0)
403       -4.7430e+01    (189.0,212.0,175.0,-274.0)
404       -4.7321e+01    (189.0,212.0,174.0,-274.0)
405       -4.7225e+01    (188.0,212.0,174.0,-274.0)
406       -4.7176e+01    (188.0,212.0,173.0,-274.0)
407       -4.7175e+01    (188.0,212.0,172.0,-274.0)
408       -4.7130e+01    (188.0,212.0,172.0,-273.0)
409       -4.6993e+01    (188.0,211.0,172.0,-273.0)
410       -4.6853e+01    (188.0,211.0,172.0,-272.0)
411       -4.6631e+01    (188.0,210.0,172.0,-272.0)
412       -4.6435e+01    (188.0,210.0,172.0,-271.0)
413       -4.6243e+01    (188.0,209.0,172.0,-271.0)
414       -4.5962e+01    (188.0,209.0,173.0,-271.0)
415       -4.5772e+01    (188.0,209.0,173.0,-270.0)
416       -4.5684e+01    (188.0,209.0,174.0,-270.0)
417       -4.5692e+01    (188.0,209.0,174.0,-269.0)
418       -4.5699e+01    (188.0,208.0,174.0,-269.0)
419       -4.5713e+01    (188.0,208.0,174.0,-270.0)
420       -4.5774e+01    (188.0,208.0,173.0,-270.0)
421       -4.5736e+01    (188.0,208.0,173.0,-269.0)
422       -4.5751e+01    (188.0,209.0,173.0,-269.0)
423       -4.5848e+01    (189.0,209.0,173.0,-269.0)
424       -4.5790e+01    (189.0,209.0,174.0,-269.0)
425       -4.5782e+01    (189.0,209.0,174.0,-270.0)
426       -4.5811e+01    (189.0,208.0,174.0,-270.0)
427       -4.5797e+01    (189.0,208.0,174.0,-269.0)
428       -4.5833e+01    (189.0,208.0,173.0,-269.0)
429       -4.5871e+01    (189.0,208.0,173.0,-270.0)
430       -4.5869e+01    (189.0,209.0,173.0,-270.0)
431       -4.6059e+01    (189.0,209.0,173.0,-271.0)
432       -4.5986e+01    (189.0,209.0,174.0,-271.0)
433       -4.5888e+01    (188.0,209.0,174.0,-271.0)
434       -4.5907e+01    (188.0,208.0,174.0,-271.0)
435       -4.5956e+01    (188.0,208.0,173.0,-271.0)
436       -4.6053e+01    (189.0,208.0,173.0,-271.0)
437       -4.6005e+01    (189.0,208.0,174.0,-271.0)
438       -4.6174e+01    (189.0,208.0,175.0,-271.0)
439       -4.5988e+01    (189.0,208.0,175.0,-270.0)
440       -4.5891e+01    (188.0,208.0,175.0,-270.0)
441       -4.5862e+01    (188.0,208.0,175.0,-269.0)
442       -4.5868e+01    (188.0,209.0,175.0,-269.0)
443       -4.5877e+01    (188.0,209.0,175.0,-270.0)
444       -4.5975e+01    (189.0,209.0,175.0,-270.0)
445       -4.5965e+01    (189.0,209.0,175.0,-269.0)
446       -4.5959e+01    (189.0,208.0,175.0,-269.0)
447       -4.6061e+01    (189.0,208.0,175.0,-268.0)
448       -4.5932e+01    (189.0,208.0,174.0,-268.0)
449       -4.5836e+01    (188.0,208.0,174.0,-268.0)
450       -4.5818e+01    (188.0,208.0,173.0,-268.0)
451       -4.5872e+01    (188.0,209.0,173.0,-268.0)
452       -4.5878e+01    (188.0,209.0,174.0,-268.0)
453       -4.5974e+01    (189.0,209.0,174.0,-268.0)
454       -4.5968e+01    (189.0,209.0,173.0,-268.0)
455       -4.5913e+01    (189.0,208.0,173.0,-268.0)
456       -4.5983e+01    (189.0,208.0,172.0,-268.0)
457       -4.5889e+01    (188.0,208.0,172.0,-268.0)
458       -4.5861e+01    (188.0,207.0,172.0,-268.0)
459       -4.5768e+01    (188.0,207.0,172.0,-267.0)
460       -4.5661e+01    (188.0,206.0,172.0,-267.0)
461       -4.5470e+01    (188.0,206.0,172.0,-266.0)
462       -4.5294e+01    (188.0,206.0,172.0,-265.0)
463       -4.5066e+01    (188.0,205.0,172.0,-265.0)
464       -4.4842e+01    (188.0,205.0,173.0,-265.0)
465       -4.4617e+01    (188.0,205.0,173.0,-264.0)
466       -4.4471e+01    (188.0,204.0,173.0,-264.0)
467       -4.4387e+01    (188.0,204.0,174.0,-264.0)
468       -4.4337e+01    (188.0,204.0,174.0,-263.0)
469       -4.4404e+01    (188.0,204.0,173.0,-263.0)
470       -4.4488e+01    (188.0,204.0,173.0,-262.0)
471       -4.4475e+01    (188.0,204.0,174.0,-262.0)
472       -4.4572e+01    (189.0,204.0,174.0,-262.0)
473       -4.4435e+01    (189.0,204.0,174.0,-263.0)
474       -4.4485e+01    (189.0,204.0,174.0,-264.0)
475       -4.4568e+01    (189.0,204.0,173.0,-264.0)
476       -4.4502e+01    (189.0,204.0,173.0,-263.0)
477       -4.4584e+01    (189.0,204.0,173.0,-262.0)
478       -4.4646e+01    (189.0,203.0,173.0,-262.0)
479       -4.4550e+01    (188.0,203.0,173.0,-262.0)
480       -4.4556e+01    (188.0,203.0,173.0,-263.0)
481       -4.4553e+01    (188.0,203.0,174.0,-263.0)
482       -4.4579e+01    (188.0,203.0,174.0,-262.0)
483       -4.4674e+01    (189.0,203.0,174.0,-262.0)
484       -4.4649e+01    (189.0,203.0,174.0,-263.0)
485       -4.4652e+01    (189.0,203.0,173.0,-263.0)
486       -4.4745e+01    (189.0,203.0,173.0,-264.0)
487       -4.4649e+01    (188.0,203.0,173.0,-264.0)
488       -4.4636e+01    (188.0,203.0,174.0,-264.0)
489       -4.4733e+01    (189.0,203.0,174.0,-264.0)
490       -4.4881e+01    (189.0,203.0,175.0,-264.0)
491       -4.4676e+01    (189.0,204.0,175.0,-264.0)
492       -4.4578e+01    (188.0,204.0,175.0,-264.0)
493       -4.4518e+01    (188.0,204.0,175.0,-263.0)
494       -4.4616e+01    (189.0,204.0,175.0,-263.0)
495       -4.4719e+01    (189.0,204.0,175.0,-262.0)
496       -4.4623e+01    (188.0,204.0,175.0,-262.0)
497       -4.4702e+01    (188.0,203.0,175.0,-262.0)
498       -4.4695e+01    (188.0,203.0,175.0,-263.0)
499       -4.4784e+01    (188.0,203.0,175.0,-264.0)
500       -4.4981e+01    (188.0,203.0,175.0,-265.0)
501       -4.4820e+01    (188.0,204.0,175.0,-265.0)
502       -4.4644e+01    (188.0,204.0,174.0,-265.0)
503       -4.4703e+01    (188.0,204.0,173.0,-265.0)
504       -4.4800e+01    (189.0,204.0,173.0,-265.0)
505       -4.4742e+01    (189.0,204.0,174.0,-265.0)
506       -4.4891e+01    (189.0,205.0,174.0,-265.0)
507       -4.4642e+01    (189.0,205.0,174.0,-264.0)
508       -4.4544e+01    (188.0,205.0,174.0,-264.0)
509       -4.4489e+01    (188.0,205.0,174.0,-263.0)
510       -4.4546e+01    (188.0,205.0,173.0,-263.0)
511       -4.4616e+01    (188.0,205.0,173.0,-262.0)
512       -4.4609e+01    (188.0,205.0,174.0,-262.0)
513       -4.4706e+01    (189.0,205.0,174.0,-262.0)
514       -4.4587e+01    (189.0,205.0,174.0,-263.0)
515       -4.4643e+01    (189.0,205.0,173.0,-263.0)
516       -4.4712e+01    (189.0,205.0,173.0,-262.0)
517       -4.4838e+01    (189.0,205.0,172.0,-262.0)
518       -4.4725e+01    (189.0,204.0,172.0,-262.0)
519       -4.4630e+01    (188.0,204.0,172.0,-262.0)
520       -4.4597e+01    (188.0,203.0,172.0,-262.0)
521       -4.4544e+01    (188.0,203.0,172.0,-261.0)
522       -4.4467e+01    (188.0,202.0,172.0,-261.0)
523       -4.4321e+01    (188.0,202.0,172.0,-260.0)
524       -4.4153e+01    (188.0,201.0,172.0,-260.0)
525       -4.3937e+01    (188.0,201.0,172.0,-259.0)
526       -4.3762e+01    (188.0,201.0,172.0,-258.0)
527       -4.3560e+01    (188.0,201.0,173.0,-258.0)
528       -4.3273e+01    (188.0,200.0,173.0,-258.0)
529       -4.3163e+01    (188.0,200.0,173.0,-257.0)
530       -4.3081e+01    (188.0,200.0,174.0,-257.0)
531       -4.3155e+01    (188.0,199.0,174.0,-257.0)
532       -4.3202e+01    (188.0,199.0,173.0,-257.0)
533       -4.3218e+01    (188.0,199.0,173.0,-256.0)
534       -4.3208e+01    (188.0,199.0,174.0,-256.0)
535       -4.3182e+01    (188.0,200.0,174.0,-256.0)
536       -4.3217e+01    (188.0,200.0,173.0,-256.0)
537       -4.3314e+01    (189.0,200.0,173.0,-256.0)
538       -4.3261e+01    (189.0,200.0,173.0,-257.0)
539       -4.3180e+01    (189.0,200.0,174.0,-257.0)
540       -4.3252e+01    (189.0,199.0,174.0,-257.0)
541       -4.3299e+01    (189.0,199.0,173.0,-257.0)
542       -4.3314e+01    (189.0,199.0,173.0,-256.0)
543       -4.3305e+01    (189.0,199.0,174.0,-256.0)
544       -4.3279e+01    (189.0,200.0,174.0,-256.0)
545       -4.3440e+01    (189.0,200.0,175.0,-256.0)
546       -4.3344e+01    (188.0,200.0,175.0,-256.0)
547       -4.3271e+01    (188.0,200.0,175.0,-257.0)
548       -4.3324e+01    (188.0,199.0,175.0,-257.0)
549       -4.3354e+01    (188.0,199.0,175.0,-256.0)
550       -4.3451e+01    (189.0,199.0,175.0,-256.0)
551       -4.3421e+01    (189.0,199.0,175.0,-257.0)
552       -4.3369e+01    (189.0,200.0,175.0,-257.0)
553       -4.3477e+01    (189.0,200.0,175.0,-258.0)
554       -4.3285e+01    (189.0,200.0,174.0,-258.0)
555       -4.3186e+01    (188.0,200.0,174.0,-258.0)
556       -4.3265e+01    (188.0,199.0,174.0,-258.0)
557       -4.3315e+01    (188.0,199.0,173.0,-258.0)
558       -4.3412e+01    (189.0,199.0,173.0,-258.0)
559       -4.3362e+01    (189.0,199.0,174.0,-258.0)
560       -4.3533e+01    (189.0,199.0,175.0,-258.0)
561       -4.3436e+01    (188.0,199.0,175.0,-258.0)
562       -4.3379e+01    (188.0,200.0,175.0,-258.0)
563       -4.3672e+01    (188.0,200.0,175.0,-259.0)
564       -4.3502e+01    (188.0,200.0,174.0,-259.0)
565       -4.3542e+01    (188.0,199.0,174.0,-259.0)
566       -4.3563e+01    (188.0,199.0,173.0,-259.0)
567       -4.3551e+01    (188.0,200.0,173.0,-259.0)
568       -4.3648e+01    (189.0,200.0,173.0,-259.0)
569       -4.3370e+01    (189.0,200.0,173.0,-258.0)
570       -4.3656e+01    (189.0,201.0,173.0,-258.0)
571       -4.3541e+01    (189.0,201.0,173.0,-257.0)
572       -4.3445e+01    (188.0,201.0,173.0,-257.0)
573       -4.3409e+01    (188.0,201.0,174.0,-257.0)
574       -4.3447e+01    (188.0,201.0,174.0,-256.0)
575       -4.3450e+01    (188.0,201.0,173.0,-256.0)
576       -4.3541e+01    (188.0,201.0,173.0,-255.0)
577       -4.3391e+01    (188.0,200.0,173.0,-255.0)
578       -4.3329e+01    (188.0,199.0,173.0,-255.0)
579       -4.3327e+01    (188.0,199.0,172.0,-255.0)
580       -4.3273e+01    (188.0,198.0,172.0,-255.0)
581       -4.3176e+01    (188.0,198.0,172.0,-254.0)
582       -4.3030e+01    (188.0,197.0,172.0,-254.0)
583       -4.2841e+01    (188.0,197.0,172.0,-253.0)
584       -4.2652e+01    (188.0,196.0,172.0,-253.0)
585       -4.2450e+01    (188.0,196.0,172.0,-252.0)
586       -4.2180e+01    (188.0,196.0,173.0,-252.0)
587       -4.2026e+01    (188.0,196.0,173.0,-251.0)
588       -4.1924e+01    (188.0,195.0,173.0,-251.0)
589       -4.1847e+01    (188.0,195.0,174.0,-251.0)
590       -4.1886e+01    (188.0,195.0,174.0,-250.0)
591       -4.1930e+01    (188.0,195.0,173.0,-250.0)
592       -4.2027e+01    (189.0,195.0,173.0,-250.0)
593       -4.1983e+01    (189.0,195.0,174.0,-250.0)
594       -4.1945e+01    (189.0,195.0,174.0,-251.0)
595       -4.2021e+01    (189.0,195.0,173.0,-251.0)
596       -4.2124e+01    (189.0,196.0,173.0,-251.0)
597       -4.2048e+01    (189.0,196.0,174.0,-251.0)
598       -4.1950e+01    (188.0,196.0,174.0,-251.0)
599       -4.1988e+01    (188.0,196.0,174.0,-250.0)
600       -4.2031e+01    (188.0,196.0,173.0,-250.0)
601       -4.2128e+01    (189.0,196.0,173.0,-250.0)
602       -4.2085e+01    (189.0,196.0,174.0,-250.0)
603       -4.2251e+01    (189.0,196.0,175.0,-250.0)
604       -4.2150e+01    (189.0,195.0,175.0,-250.0)
605       -4.2053e+01    (188.0,195.0,175.0,-250.0)
606       -4.2034e+01    (188.0,195.0,175.0,-251.0)
607       -4.2132e+01    (189.0,195.0,175.0,-251.0)
608       -4.2234e+01    (189.0,196.0,175.0,-251.0)
609       -4.2136e+01    (188.0,196.0,175.0,-251.0)
610       -4.2154e+01    (188.0,196.0,175.0,-250.0)
611       -4.2312e+01    (188.0,196.0,175.0,-249.0)
612       -4.2184e+01    (188.0,196.0,174.0,-249.0)
613       -4.2084e+01    (188.0,195.0,174.0,-249.0)
614       -4.2064e+01    (188.0,195.0,173.0,-249.0)
615       -4.2090e+01    (188.0,194.0,173.0,-249.0)
616       -4.2078e+01    (188.0,194.0,173.0,-250.0)
617       -4.2096e+01    (188.0,194.0,174.0,-250.0)
618       -4.2135e+01    (188.0,194.0,174.0,-251.0)
619       -4.2134e+01    (188.0,194.0,173.0,-251.0)
620       -4.2230e+01    (189.0,194.0,173.0,-251.0)
621       -4.2174e+01    (189.0,194.0,173.0,-250.0)
622       -4.2185e+01    (189.0,194.0,173.0,-249.0)
623       -4.2159e+01    (189.0,195.0,173.0,-249.0)
624       -4.2180e+01    (189.0,195.0,174.0,-249.0)
625       -4.2237e+01    (189.0,194.0,174.0,-249.0)
626       -4.2142e+01    (188.0,194.0,174.0,-249.0)
627       -4.2206e+01    (187.0,194.0,174.0,-249.0)
628       -4.2100e+01    (187.0,194.0,174.0,-248.0)
629       -4.1966e+01    (186.0,194.0,174.0,-248.0)
630       -4.1658e+01    (186.0,194.0,174.0,-247.0)
631       -4.1405e+01    (186.0,194.0,174.0,-246.0)
632       -4.1188e+01    (186.0,195.0,174.0,-246.0)
633       -4.0978e+01    (185.0,195.0,174.0,-246.0)
634       -4.0757e+01    (185.0,195.0,174.0,-245.0)
635       -4.0752e+01    (185.0,195.0,174.0,-244.0)
636       -4.0819e+01    (185.0,195.0,173.0,-244.0)
637       -4.0848e+01    (185.0,195.0,173.0,-245.0)
638       -4.0950e+01    (185.0,196.0,173.0,-245.0)
639       -4.0861e+01    (185.0,196.0,174.0,-245.0)
640       -4.0855e+01    (185.0,196.0,174.0,-244.0)
641       -4.0921e+01    (185.0,196.0,173.0,-244.0)
642       -4.1041e+01    (185.0,196.0,173.0,-243.0)
643       -4.0940e+01    (185.0,195.0,173.0,-243.0)
644       -4.0934e+01    (185.0,195.0,174.0,-243.0)
645       -4.1035e+01    (185.0,196.0,174.0,-243.0)
646       -4.1178e+01    (185.0,196.0,175.0,-243.0)
647       -4.1035e+01    (185.0,196.0,175.0,-244.0)
648       -4.0933e+01    (185.0,195.0,175.0,-244.0)
649       -4.0953e+01    (185.0,195.0,175.0,-245.0)
650       -4.1056e+01    (185.0,196.0,175.0,-245.0)
651       -4.1263e+01    (186.0,196.0,175.0,-245.0)
652       -4.1084e+01    (186.0,196.0,174.0,-245.0)
653       -4.0981e+01    (186.0,195.0,174.0,-245.0)
654       -4.0959e+01    (186.0,195.0,174.0,-244.0)
655       -4.1003e+01    (186.0,195.0,173.0,-244.0)
656       -4.1045e+01    (186.0,195.0,173.0,-245.0)
657       -4.1147e+01    (186.0,196.0,173.0,-245.0)
658       -4.1104e+01    (186.0,196.0,173.0,-244.0)
659       -4.1061e+01    (186.0,196.0,174.0,-244.0)
660       -4.1196e+01    (186.0,196.0,174.0,-243.0)
661       -4.1096e+01    (186.0,195.0,174.0,-243.0)
662       -4.1087e+01    (186.0,195.0,173.0,-243.0)
663       -4.1138e+01    (186.0,194.0,173.0,-243.0)
664       -4.1016e+01    (185.0,194.0,173.0,-243.0)
665       -4.1010e+01    (185.0,194.0,173.0,-244.0)
666       -4.1016e+01    (185.0,194.0,174.0,-244.0)
667       -4.1054e+01    (185.0,194.0,174.0,-243.0)
668       -4.1149e+01    (184.0,194.0,174.0,-243.0)
669       -4.1073e+01    (184.0,194.0,173.0,-243.0)
670       -4.0992e+01    (184.0,194.0,173.0,-242.0)
671       -4.0901e+01    (184.0,193.0,173.0,-242.0)
672       -4.0765e+01    (184.0,193.0,173.0,-241.0)
673       -4.0624e+01    (184.0,192.0,173.0,-241.0)
674       -4.0453e+01    (184.0,192.0,173.0,-240.0)
675       -4.0180e+01    (185.0,192.0,173.0,-240.0)
676       -3.9951e+01    (185.0,191.0,173.0,-240.0)
677       -3.9698e+01    (185.0,191.0,173.0,-239.0)
678       -3.9597e+01    (185.0,191.0,174.0,-239.0)
679       -3.9538e+01    (185.0,191.0,174.0,-238.0)
680       -3.9626e+01    (185.0,191.0,173.0,-238.0)
681       -3.9711e+01    (185.0,190.0,173.0,-238.0)
682       -3.9669e+01    (185.0,190.0,174.0,-238.0)
683       -3.9743e+01    (185.0,190.0,174.0,-239.0)
684       -3.9795e+01    (185.0,190.0,173.0,-239.0)
685       -3.9969e+01    (186.0,190.0,173.0,-239.0)
686       -3.9880e+01    (186.0,190.0,173.0,-238.0)
687       -3.9822e+01    (186.0,191.0,173.0,-238.0)
688       -3.9760e+01    (186.0,191.0,174.0,-238.0)
689       -3.9828e+01    (186.0,191.0,174.0,-239.0)
690       -3.9901e+01    (186.0,191.0,173.0,-239.0)
691       -4.0134e+01    (186.0,191.0,173.0,-240.0)
692       -4.0090e+01    (186.0,191.0,174.0,-240.0)
693       -3.9884e+01    (185.0,191.0,174.0,-240.0)
694       -3.9987e+01    (185.0,190.0,174.0,-240.0)
695       -4.0014e+01    (185.0,190.0,173.0,-240.0)
696       -4.0173e+01    (186.0,190.0,173.0,-240.0)
697       -4.0163e+01    (186.0,190.0,174.0,-240.0)
698       -3.9938e+01    (186.0,190.0,174.0,-239.0)
699       -3.9857e+01    (186.0,190.0,174.0,-238.0)
700       -3.9910e+01    (186.0,190.0,174.0,-237.0)
701       -3.9752e+01    (185.0,190.0,174.0,-237.0)
702       -3.9692e+01    (185.0,191.0,174.0,-237.0)
703       -3.9725e+01    (185.0,191.0,173.0,-237.0)
704       -3.9754e+01    (185.0,190.0,173.0,-237.0)
705       -3.9870e+01    (185.0,190.0,172.0,-237.0)
706       -3.9857e+01    (185.0,190.0,172.0,-236.0)
707       -3.9799e+01    (184.0,190.0,172.0,-236.0)
708       -3.9708e+01    (184.0,190.0,172.0,-235.0)
709       -3.9546e+01    (183.0,190.0,172.0,-235.0)
710       -3.9355e+01    (183.0,190.0,172.0,-234.0)
711       -3.9195e+01    (183.0,190.0,172.0,-233.0)
712       -3.9039e+01    (182.0,190.0,172.0,-233.0)
713       -3.8804e+01    (182.0,190.0,173.0,-233.0)
714       -3.8685e+01    (182.0,190.0,173.0,-232.0)
715       -3.8583e+01    (182.0,191.0,173.0,-232.0)
716       -3.8479e+01    (182.0,191.0,174.0,-232.0)
717       -3.8590e+01    (182.0,191.0,174.0,-231.0)
718       -3.8648e+01    (182.0,191.0,173.0,-231.0)
719       -3.8703e+01    (182.0,190.0,173.0,-231.0)
720       -3.8682e+01    (182.0,190.0,174.0,-231.0)
721       -3.8630e+01    (182.0,190.0,174.0,-232.0)
722       -3.8751e+01    (182.0,190.0,174.0,-233.0)
723       -3.8601e+01    (182.0,191.0,174.0,-233.0)
724       -3.8704e+01    (182.0,191.0,173.0,-233.0)
725       -3.8965e+01    (182.0,192.0,173.0,-233.0)
726       -3.8845e+01    (182.0,192.0,173.0,-232.0)
727       -3.8783e+01    (182.0,192.0,174.0,-232.0)
728       -3.8844e+01    (182.0,192.0,174.0,-231.0)
729       -3.8871e+01    (182.0,192.0,173.0,-231.0)
730       -3.9006e+01    (182.0,192.0,173.0,-230.0)
731       -3.8855e+01    (182.0,191.0,173.0,-230.0)
732       -3.8826e+01    (182.0,190.0,173.0,-230.0)
733       -3.8847e+01    (182.0,190.0,172.0,-230.0)
734       -3.8808e+01    (181.0,190.0,172.0,-230.0)
735       -3.8736e+01    (181.0,190.0,172.0,-229.0)
736       -3.8606e+01    (180.0,190.0,172.0,-229.0)
737       -3.8425e+01    (180.0,190.0,172.0,-228.0)
738       -3.8266e+01    (180.0,190.0,172.0,-227.0)
739       -3.8084e+01    (179.0,190.0,172.0,-227.0)
740       -3.7859e+01    (179.0,190.0,173.0,-227.0)
741       -3.7702e+01    (179.0,190.0,173.0,-226.0)
742       -3.7591e+01    (179.0,191.0,173.0,-226.0)
743       -3.7479e+01    (179.0,191.0,174.0,-226.0)
744       -3.7533e+01    (179.0,191.0,174.0,-225.0)
745       -3.7612e+01    (179.0,191.0,173.0,-225.0)
746       -3.7688e+01    (179.0,190.0,173.0,-225.0)
747       -3.7652e+01    (179.0,190.0,174.0,-225.0)
748       -3.7641e+01    (179.0,190.0,174.0,-226.0)
749       -3.7809e+01    (179.0,190.0,174.0,-227.0)
750       -3.7667e+01    (179.0,191.0,174.0,-227.0)
751       -3.7764e+01    (179.0,191.0,173.0,-227.0)
752       -3.8021e+01    (179.0,192.0,173.0,-227.0)
753       -3.7861e+01    (179.0,192.0,173.0,-226.0)
754       -3.7792e+01    (179.0,192.0,174.0,-226.0)
755       -3.7810e+01    (179.0,192.0,174.0,-225.0)
756       -3.7852e+01    (179.0,192.0,173.0,-225.0)
757       -3.7970e+01    (179.0,192.0,173.0,-224.0)
758       -3.7795e+01    (179.0,191.0,173.0,-224.0)
759       -3.7790e+01    (179.0,191.0,174.0,-224.0)
760       -3.7813e+01    (179.0,190.0,174.0,-224.0)
761       -3.7794e+01    (179.0,190.0,173.0,-224.0)
762       -3.7843e+01    (178.0,190.0,173.0,-224.0)
763       -3.7831e+01    (178.0,190.0,172.0,-224.0)
764       -3.7777e+01    (178.0,190.0,172.0,-223.0)
765       -3.7680e+01    (178.0,189.0,172.0,-223.0)
766       -3.7578e+01    (178.0,189.0,172.0,-222.0)
767       -3.7429e+01    (178.0,188.0,172.0,-222.0)
768       -3.7287e+01    (178.0,188.0,172.0,-221.0)
769       -3.7137e+01    (178.0,187.0,172.0,-221.0)
770       -3.7004e+01    (178.0,187.0,172.0,-220.0)
771       -3.6879e+01    (178.0,187.0,173.0,-220.0)
772       -3.6572e+01    (179.0,187.0,173.0,-220.0)
773       -3.6467e+01    (179.0,187.0,174.0,-220.0)
774       -3.6423e+01    (179.0,186.0,174.0,-220.0)
775       -3.6405e+01    (179.0,186.0,174.0,-219.0)
776       -3.6454e+01    (179.0,187.0,174.0,-219.0)
777       -3.6540e+01    (179.0,187.0,173.0,-219.0)
778       -3.6482e+01    (179.0,186.0,173.0,-219.0)
779       -3.6518e+01    (179.0,186.0,173.0,-220.0)
780       -3.6733e+01    (179.0,186.0,173.0,-221.0)
781       -3.6663e+01    (179.0,186.0,174.0,-221.0)
782       -3.6714e+01    (179.0,187.0,174.0,-221.0)
783       -3.6792e+01    (179.0,187.0,173.0,-221.0)
784       -3.7042e+01    (178.0,187.0,173.0,-221.0)
785       -3.6965e+01    (178.0,186.0,173.0,-221.0)
786       -3.6805e+01    (178.0,186.0,173.0,-220.0)
787       -3.6730e+01    (178.0,186.0,173.0,-219.0)
788       -3.6733e+01    (178.0,186.0,173.0,-218.0)
789       -3.6605e+01    (179.0,186.0,173.0,-218.0)
790       -3.6586e+01    (179.0,186.0,174.0,-218.0)
791       -3.6651e+01    (179.0,187.0,174.0,-218.0)
792       -3.6675e+01    (179.0,187.0,173.0,-218.0)
793       -3.6815e+01    (178.0,187.0,173.0,-218.0)
794       -3.6806e+01    (178.0,187.0,173.0,-219.0)
795       -3.6810e+01    (178.0,187.0,174.0,-219.0)
796       -3.6738e+01    (178.0,186.0,174.0,-219.0)
797       -3.6769e+01    (178.0,186.0,174.0,-218.0)
798       -3.6810e+01    (178.0,185.0,174.0,-218.0)
799       -3.6747e+01    (178.0,185.0,173.0,-218.0)
800       -3.6713e+01    (178.0,185.0,173.0,-217.0)
801       -3.6638e+01    (178.0,185.0,172.0,-217.0)
802       -3.6558e+01    (178.0,184.0,172.0,-217.0)
803       -3.6429e+01    (178.0,184.0,172.0,-216.0)
804       -3.6303e+01    (178.0,183.0,172.0,-216.0)
805       -3.6142e+01    (178.0,183.0,172.0,-215.0)
806       -3.6007e+01    (178.0,183.0,172.0,-214.0)
807       -3.5889e+01    (178.0,182.0,172.0,-214.0)
808       -3.5760e+01    (178.0,182.0,173.0,-214.0)
809       -3.5447e+01    (179.0,182.0,173.0,-214.0)
810       -3.5338e+01    (179.0,182.0,174.0,-214.0)
811       -3.5262e+01    (179.0,182.0,174.0,-213.0)
812       -3.5365e+01    (179.0,182.0,173.0,-213.0)
813       -3.5468e+01    (179.0,182.0,173.0,-212.0)
814       -3.5417e+01    (179.0,182.0,174.0,-212.0)
815       -3.5539e+01    (179.0,181.0,174.0,-212.0)
816       -3.5465e+01    (179.0,181.0,174.0,-213.0)
817       -3.5509e+01    (179.0,181.0,173.0,-213.0)
818       -3.5546e+01    (179.0,181.0,173.0,-212.0)
819       -3.5651e+01    (178.0,181.0,173.0,-212.0)
820       -3.5657e+01    (178.0,181.0,173.0,-211.0)
821       -3.5609e+01    (178.0,181.0,172.0,-211.0)
822       -3.5545e+01    (178.0,180.0,172.0,-211.0)
823       -3.5444e+01    (178.0,180.0,172.0,-210.0)
824       -3.5328e+01    (178.0,179.0,172.0,-210.0)
825       -3.5180e+01    (178.0,179.0,172.0,-209.0)
826       -3.5049e+01    (178.0,179.0,172.0,-208.0)
827       -3.4904e+01    (178.0,178.0,172.0,-208.0)
828       -3.4786e+01    (178.0,178.0,173.0,-208.0)
829       -3.4492e+01    (179.0,178.0,173.0,-208.0)
830       -3.4359e+01    (179.0,178.0,173.0,-207.0)
831       -3.4252e+01    (179.0,178.0,174.0,-207.0)
832       -3.4266e+01    (179.0,177.0,174.0,-207.0)
833       -3.4340e+01    (179.0,177.0,174.0,-206.0)
834       -3.4347e+01    (179.0,178.0,174.0,-206.0)
835       -3.4414e+01    (179.0,178.0,173.0,-206.0)
836       -3.4390e+01    (179.0,177.0,173.0,-206.0)
837       -3.4352e+01    (179.0,177.0,173.0,-207.0)
838       -3.4483e+01    (179.0,177.0,173.0,-208.0)
839       -3.4403e+01    (179.0,177.0,174.0,-208.0)
840       -3.4393e+01    (179.0,178.0,174.0,-208.0)
841       -3.4594e+01    (179.0,178.0,175.0,-208.0)
842       -3.4457e+01    (179.0,178.0,175.0,-207.0)
843       -3.4459e+01    (179.0,177.0,175.0,-207.0)
844       -3.4511e+01    (179.0,177.0,175.0,-206.0)
845       -3.4528e+01    (179.0,178.0,175.0,-206.0)
846       -3.4762e+01    (179.0,178.0,175.0,-205.0)
847       -3.4629e+01    (179.0,178.0,174.0,-205.0)
848       -3.4580e+01    (179.0,177.0,174.0,-205.0)
849       -3.4562e+01    (179.0,177.0,173.0,-205.0)
850       -3.4612e+01    (178.0,177.0,173.0,-205.0)
851       -3.4583e+01    (178.0,177.0,173.0,-206.0)
852       -3.4604e+01    (178.0,177.0,174.0,-206.0)
853       -3.4622e+01    (178.0,177.0,174.0,-207.0)
854       -3.4619e+01    (178.0,177.0,173.0,-207.0)
855       -3.4668e+01    (178.0,178.0,173.0,-207.0)
856       -3.4641e+01    (178.0,178.0,173.0,-206.0)
857       -3.4654e+01    (178.0,178.0,174.0,-206.0)
858       -3.4662e+01    (178.0,178.0,174.0,-207.0)
859       -3.4783e+01    (178.0,178.0,174.0,-208.0)
860       -3.4742e+01    (178.0,177.0,174.0,-208.0)
861       -3.4735e+01    (178.0,177.0,173.0,-208.0)
862       -3.4831e+01    (178.0,177.0,172.0,-208.0)
863       -3.4722e+01    (178.0,177.0,172.0,-207.0)
864       -3.4648e+01    (178.0,177.0,172.0,-206.0)
865       -3.4601e+01    (178.0,177.0,172.0,-205.0)
866       -3.4545e+01    (178.0,176.0,172.0,-205.0)
867       -3.4471e+01    (178.0,176.0,172.0,-204.0)
868       -3.4370e+01    (177.0,176.0,172.0,-204.0)
869       -3.4242e+01    (177.0,176.0,172.0,-203.0)
870       -3.4120e+01    (176.0,176.0,172.0,-203.0)
871       -3.3980e+01    (176.0,176.0,172.0,-202.0)
872       -3.3866e+01    (176.0,176.0,172.0,-201.0)
873       -3.3778e+01    (176.0,177.0,172.0,-201.0)
874       -3.3464e+01    (176.0,177.0,173.0,-201.0)
875       -3.3376e+01    (176.0,177.0,174.0,-201.0)
876       -3.3360e+01    (176.0,178.0,174.0,-201.0)
877       -3.3393e+01    (176.0,178.0,174.0,-200.0)
878       -3.3395e+01    (176.0,177.0,174.0,-200.0)
879       -3.3459e+01    (176.0,177.0,173.0,-200.0)
880       -3.3476e+01    (176.0,178.0,173.0,-200.0)
881       -3.3469e+01    (176.0,178.0,173.0,-201.0)
882       -3.3654e+01    (176.0,178.0,173.0,-202.0)
883       -3.3566e+01    (176.0,178.0,174.0,-202.0)
884       -3.3570e+01    (176.0,177.0,174.0,-202.0)
885       -3.3640e+01    (176.0,177.0,173.0,-202.0)
886       -3.3800e+01    (175.0,177.0,173.0,-202.0)
887       -3.3654e+01    (175.0,177.0,173.0,-201.0)
888       -3.3611e+01    (175.0,177.0,173.0,-200.0)
889       -3.3607e+01    (175.0,177.0,174.0,-200.0)
890       -3.3636e+01    (175.0,177.0,174.0,-201.0)
891       -3.3662e+01    (175.0,178.0,174.0,-201.0)
892       -3.3642e+01    (175.0,178.0,174.0,-200.0)
893       -3.3657e+01    (175.0,178.0,173.0,-200.0)
894       -3.3693e+01    (175.0,178.0,173.0,-201.0)
895       -3.3844e+01    (175.0,178.0,173.0,-202.0)
896       -3.3825e+01    (175.0,178.0,174.0,-202.0)
897       -3.3793e+01    (175.0,177.0,174.0,-202.0)
898       -3.3937e+01    (175.0,177.0,175.0,-202.0)
899       -3.3752e+01    (176.0,177.0,175.0,-202.0)
900       -3.3570e+01    (176.0,177.0,175.0,-201.0)
901       -3.3567e+01    (176.0,178.0,175.0,-201.0)
902       -3.3584e+01    (176.0,178.0,175.0,-200.0)
903       -3.3574e+01    (176.0,177.0,175.0,-200.0)
904       -3.3740e+01    (176.0,177.0,175.0,-199.0)
905       -3.3598e+01    (176.0,177.0,174.0,-199.0)
906       -3.3602e+01    (176.0,177.0,173.0,-199.0)
907       -3.3647e+01    (176.0,178.0,173.0,-199.0)
908       -3.3633e+01    (176.0,178.0,174.0,-199.0)
909       -3.3746e+01    (175.0,178.0,174.0,-199.0)
910       -3.3689e+01    (175.0,177.0,174.0,-199.0)
911       -3.3657e+01    (175.0,177.0,173.0,-199.0)
912       -3.3694e+01    (175.0,177.0,172.0,-199.0)
913       -3.3660e+01    (175.0,176.0,172.0,-199.0)
914       -3.3594e+01    (175.0,176.0,172.0,-198.0)
915       -3.3512e+01    (174.0,176.0,172.0,-198.0)
916       -3.3393e+01    (174.0,176.0,172.0,-197.0)
917       -3.3273e+01    (173.0,176.0,172.0,-197.0)
918       -3.3132e+01    (173.0,176.0,172.0,-196.0)
919       -3.3014e+01    (173.0,176.0,172.0,-195.0)
920       -3.2924e+01    (173.0,176.0,172.0,-194.0)
921       -3.2853e+01    (173.0,177.0,172.0,-194.0)
922       -3.2576e+01    (173.0,177.0,173.0,-194.0)
923       -3.2503e+01    (173.0,177.0,174.0,-194.0)
924       -3.2498e+01    (173.0,178.0,174.0,-194.0)
925       -3.2529e+01    (173.0,178.0,174.0,-195.0)
926       -3.2542e+01    (173.0,177.0,174.0,-195.0)
927       -3.2626e+01    (173.0,177.0,173.0,-195.0)
928       -3.2634e+01    (173.0,178.0,173.0,-195.0)
929       -3.2589e+01    (173.0,178.0,173.0,-194.0)
930       -3.2699e+01    (172.0,178.0,173.0,-194.0)
931       -3.2657e+01    (172.0,178.0,174.0,-194.0)
932       -3.2637e+01    (172.0,177.0,174.0,-194.0)
933       -3.2665e+01    (172.0,177.0,173.0,-194.0)
934       -3.2713e+01    (172.0,177.0,173.0,-193.0)
935       -3.2680e+01    (173.0,177.0,173.0,-193.0)
936       -3.2658e+01    (173.0,177.0,174.0,-193.0)
937       -3.2683e+01    (173.0,178.0,174.0,-193.0)
938       -3.2717e+01    (173.0,178.0,173.0,-193.0)
939       -3.2765e+01    (172.0,178.0,173.0,-193.0)
940       -3.2764e+01    (172.0,178.0,174.0,-193.0)
941       -3.2722e+01    (172.0,177.0,174.0,-193.0)
942       -3.2857e+01    (172.0,177.0,175.0,-193.0)
943       -3.2794e+01    (172.0,177.0,175.0,-194.0)
944       -3.2688e+01    (173.0,177.0,175.0,-194.0)
945       -3.2693e+01    (173.0,178.0,175.0,-194.0)
946       -3.2733e+01    (173.0,178.0,175.0,-195.0)
947       -3.2733e+01    (173.0,177.0,175.0,-195.0)
948       -3.2854e+01    (172.0,177.0,175.0,-195.0)
949       -3.2692e+01    (172.0,177.0,174.0,-195.0)
950       -3.2707e+01    (172.0,178.0,174.0,-195.0)
951       -3.2758e+01    (172.0,178.0,173.0,-195.0)
952       -3.2728e+01    (172.0,177.0,173.0,-195.0)
953       -3.2912e+01    (172.0,177.0,173.0,-196.0)
954       -3.2843e+01    (173.0,177.0,173.0,-196.0)
955       -3.2789e+01    (173.0,177.0,174.0,-196.0)
956       -3.2794e+01    (173.0,178.0,174.0,-196.0)
957       -3.2864e+01    (173.0,178.0,173.0,-196.0)
958       -3.2952e+01    (172.0,178.0,173.0,-196.0)
959       -3.2925e+01    (172.0,178.0,174.0,-196.0)
960       -3.2897e+01    (172.0,177.0,174.0,-196.0)
961       -3.3046e+01    (172.0,177.0,175.0,-196.0)
962       -3.2962e+01    (173.0,177.0,175.0,-196.0)
963       -3.2977e+01    (173.0,178.0,175.0,-196.0)
964       -3.3082e+01    (172.0,178.0,175.0,-196.0)
965       -3.2878e+01    (172.0,178.0,175.0,-195.0)
966       -3.2823e+01    (172.0,178.0,175.0,-194.0)
967       -3.2904e+01    (172.0,178.0,175.0,-193.0)
968       -3.2844e+01    (173.0,178.0,175.0,-193.0)
969       -3.2812e+01    (173.0,177.0,175.0,-193.0)
970       -3.3006e+01    (173.0,176.0,175.0,-193.0)
971       -3.2892e+01    (173.0,176.0,174.0,-193.0)
972       -3.2849e+01    (173.0,176.0,173.0,-193.0)
973       -3.2810e+01    (172.0,176.0,173.0,-193.0)
974       -3.2796e+01    (172.0,176.0,172.0,-193.0)
975       -3.2737e+01    (172.0,176.0,172.0,-192.0)
976       -3.2671e+01    (171.0,176.0,172.0,-192.0)
977       -3.2562e+01    (171.0,176.0,172.0,-191.0)
978       -3.2450e+01    (170.0,176.0,172.0,-191.0)
979       -3.2309e+01    (170.0,176.0,172.0,-190.0)
980       -3.2188e+01    (170.0,176.0,172.0,-189.0)
981       -3.2093e+01    (170.0,176.0,172.0,-188.0)
982       -3.2021e+01    (170.0,177.0,172.0,-188.0)
983       -3.1742e+01    (170.0,177.0,173.0,-188.0)
984       -3.1669e+01    (170.0,177.0,174.0,-188.0)
985       -3.1662e+01    (170.0,178.0,174.0,-188.0)
986       -3.1710e+01    (169.0,178.0,174.0,-188.0)
987       -3.1702e+01    (169.0,177.0,174.0,-188.0)
988       -3.1751e+01    (169.0,177.0,173.0,-188.0)
989       -3.1775e+01    (169.0,178.0,173.0,-188.0)
990       -3.1755e+01    (170.0,178.0,173.0,-188.0)
991       -3.1834e+01    (170.0,178.0,173.0,-187.0)
992       -3.1785e+01    (170.0,178.0,174.0,-187.0)
993       -3.1768e+01    (170.0,177.0,174.0,-187.0)
994       -3.1773e+01    (169.0,177.0,174.0,-187.0)
995       -3.1789e+01    (169.0,177.0,173.0,-187.0)
996       -3.1803e+01    (170.0,177.0,173.0,-187.0)
997       -3.1981e+01    (170.0,177.0,173.0,-186.0)
998       -3.1927e+01    (169.0,177.0,173.0,-186.0)
999       -3.1943e+01    (169.0,177.0,172.0,-186.0)
