# run = 24
occ          S   
0         (-98.0,304.0,109.0,350.0)
0         (-98.0,304.0,109.0,349.0)
0         (-98.0,304.0,109.0,348.0)
0         (-98.0,303.0,109.0,348.0)
0         (-98.0,303.0,109.0,347.0)
0         (-98.0,303.0,109.0,346.0)
0         (-98.0,302.0,109.0,346.0)
0         (-98.0,302.0,109.0,345.0)
0         (-97.0,302.0,109.0,345.0)
0         (-97.0,302.0,108.0,345.0)
0         (-97.0,302.0,108.0,344.0)
0         (-97.0,302.0,109.0,344.0)
0         (-97.0,301.0,109.0,344.0)
0         (-97.0,301.0,108.0,344.0)
0         (-97.0,301.0,108.0,345.0)
0         (-97.0,301.0,109.0,345.0)
0         (-98.0,301.0,109.0,345.0)
0         (-98.0,301.0,109.0,344.0)
0         (-98.0,302.0,109.0,344.0)
0         (-98.0,302.0,108.0,344.0)
0         (-98.0,302.0,108.0,345.0)
0         (-98.0,301.0,108.0,345.0)
0         (-98.0,301.0,108.0,344.0)
0         (-98.0,301.0,108.0,343.0)
0         (-97.0,301.0,108.0,343.0)
0         (-97.0,300.0,108.0,343.0)
0         (-97.0,300.0,108.0,342.0)
0         (-97.0,299.0,108.0,342.0)
0         (-97.0,299.0,108.0,341.0)
0         (-97.0,298.0,108.0,341.0)
0         (-97.0,298.0,108.0,340.0)
0         (-97.0,298.0,108.0,339.0)
0         (-97.0,297.0,108.0,339.0)
0         (-97.0,297.0,109.0,339.0)
0         (-97.0,297.0,109.0,338.0)
0         (-97.0,297.0,108.0,338.0)
0         (-97.0,298.0,108.0,338.0)
0         (-97.0,298.0,109.0,338.0)
0         (-97.0,298.0,109.0,339.0)
0         (-98.0,298.0,109.0,339.0)
0         (-98.0,297.0,109.0,339.0)
0         (-98.0,297.0,109.0,338.0)
0         (-98.0,297.0,108.0,338.0)
0         (-98.0,297.0,108.0,339.0)
0         (-98.0,298.0,108.0,339.0)
0         (-98.0,298.0,108.0,338.0)
0         (-98.0,298.0,109.0,338.0)
0         (-98.0,298.0,109.0,337.0)
0         (-98.0,297.0,109.0,337.0)
0         (-97.0,297.0,109.0,337.0)
0         (-97.0,297.0,108.0,337.0)
0         (-97.0,296.0,108.0,337.0)
0         (-97.0,296.0,108.0,336.0)
0         (-97.0,295.0,108.0,336.0)
0         (-97.0,295.0,108.0,335.0)
0         (-97.0,294.0,108.0,335.0)
0         (-97.0,294.0,108.0,334.0)
0         (-97.0,294.0,108.0,333.0)
0         (-97.0,293.0,108.0,333.0)
0         (-97.0,293.0,108.0,332.0)
0         (-97.0,293.0,109.0,332.0)
0         (-97.0,293.0,109.0,333.0)
0         (-98.0,293.0,109.0,333.0)
0         (-98.0,293.0,109.0,332.0)
0         (-98.0,293.0,108.0,332.0)
0         (-98.0,292.0,108.0,332.0)
0         (-97.0,292.0,108.0,332.0)
0         (-97.0,292.0,109.0,332.0)
0         (-97.0,292.0,109.0,331.0)
0         (-97.0,293.0,109.0,331.0)
0         (-97.0,293.0,108.0,331.0)
0         (-97.0,292.0,108.0,331.0)
0         (-97.0,292.0,107.0,331.0)
0         (-97.0,292.0,107.0,330.0)
0         (-97.0,291.0,107.0,330.0)
0         (-97.0,291.0,107.0,329.0)
0         (-97.0,290.0,107.0,329.0)
0         (-97.0,290.0,107.0,328.0)
0         (-97.0,289.0,107.0,328.0)
0         (-97.0,289.0,107.0,327.0)
0         (-97.0,289.0,108.0,327.0)
0         (-97.0,289.0,108.0,326.0)
0         (-97.0,289.0,109.0,326.0)
0         (-97.0,288.0,109.0,326.0)
0         (-97.0,288.0,108.0,326.0)
0         (-97.0,288.0,108.0,325.0)
0         (-97.0,288.0,109.0,325.0)
0         (-97.0,289.0,109.0,325.0)
0         (-97.0,289.0,108.0,325.0)
0         (-98.0,289.0,108.0,325.0)
0         (-98.0,288.0,108.0,325.0)
0         (-98.0,288.0,108.0,326.0)
0         (-98.0,288.0,109.0,326.0)
0         (-98.0,288.0,109.0,325.0)
0         (-98.0,289.0,109.0,325.0)
0         (-98.0,289.0,109.0,326.0)
0         (-98.0,289.0,108.0,326.0)
0         (-98.0,289.0,108.0,327.0)
0         (-98.0,288.0,108.0,327.0)
0         (-97.0,288.0,108.0,327.0)
0         (-97.0,288.0,109.0,327.0)
0         (-97.0,289.0,109.0,327.0)
0         (-98.0,289.0,109.0,327.0)
0         (-98.0,288.0,109.0,327.0)
0         (-98.0,288.0,110.0,327.0)
0         (-98.0,288.0,110.0,326.0)
0         (-97.0,288.0,110.0,326.0)
0         (-97.0,288.0,110.0,325.0)
0         (-97.0,289.0,110.0,325.0)
0         (-97.0,289.0,110.0,326.0)
0         (-97.0,289.0,110.0,327.0)
0         (-97.0,288.0,110.0,327.0)
0         (-97.0,287.0,110.0,327.0)
0         (-97.0,287.0,110.0,326.0)
0         (-97.0,287.0,109.0,326.0)
0         (-97.0,287.0,109.0,325.0)
0         (-97.0,287.0,109.0,324.0)
0         (-97.0,287.0,108.0,324.0)
0         (-97.0,287.0,108.0,323.0)
0         (-97.0,286.0,108.0,323.0)
0         (-97.0,286.0,108.0,322.0)
0         (-97.0,285.0,108.0,322.0)
0         (-97.0,285.0,108.0,321.0)
0         (-97.0,284.0,108.0,321.0)
0         (-97.0,284.0,108.0,320.0)
0         (-97.0,284.0,109.0,320.0)
0         (-97.0,284.0,109.0,319.0)
0         (-97.0,284.0,108.0,319.0)
0         (-97.0,283.0,108.0,319.0)
0         (-97.0,283.0,109.0,319.0)
0         (-97.0,283.0,109.0,320.0)
0         (-97.0,283.0,108.0,320.0)
0         (-98.0,283.0,108.0,320.0)
0         (-98.0,284.0,108.0,320.0)
0         (-98.0,284.0,109.0,320.0)
0         (-98.0,284.0,109.0,319.0)
0         (-98.0,284.0,108.0,319.0)
0         (-98.0,283.0,108.0,319.0)
0         (-98.0,283.0,108.0,318.0)
0         (-97.0,283.0,108.0,318.0)
0         (-97.0,283.0,107.0,318.0)
0         (-97.0,282.0,107.0,318.0)
0         (-97.0,282.0,107.0,317.0)
0         (-97.0,281.0,107.0,317.0)
0         (-97.0,281.0,107.0,316.0)
0         (-97.0,281.0,107.0,315.0)
0         (-97.0,280.0,107.0,315.0)
0         (-97.0,280.0,108.0,315.0)
0         (-97.0,280.0,108.0,314.0)
0         (-97.0,280.0,109.0,314.0)
0         (-97.0,280.0,109.0,313.0)
0         (-97.0,279.0,109.0,313.0)
0         (-97.0,279.0,108.0,313.0)
0         (-97.0,280.0,108.0,313.0)
0         (-98.0,280.0,108.0,313.0)
0         (-98.0,279.0,108.0,313.0)
0         (-98.0,279.0,109.0,313.0)
0         (-98.0,280.0,109.0,313.0)
0         (-98.0,280.0,109.0,314.0)
0         (-98.0,279.0,109.0,314.0)
0         (-97.0,279.0,109.0,314.0)
0         (-97.0,279.0,108.0,314.0)
0         (-98.0,279.0,108.0,314.0)
0         (-98.0,280.0,108.0,314.0)
0         (-98.0,280.0,108.0,315.0)
0         (-98.0,280.0,109.0,315.0)
0         (-97.0,280.0,109.0,315.0)
0         (-97.0,279.0,109.0,315.0)
0         (-97.0,279.0,108.0,315.0)
0         (-98.0,279.0,108.0,315.0)
0         (-98.0,279.0,109.0,315.0)
0         (-98.0,279.0,110.0,315.0)
0         (-98.0,279.0,110.0,314.0)
0         (-97.0,279.0,110.0,314.0)
0         (-97.0,279.0,110.0,313.0)
0         (-97.0,280.0,110.0,313.0)
0         (-97.0,280.0,110.0,314.0)
0         (-98.0,280.0,110.0,314.0)
0         (-98.0,280.0,110.0,313.0)
0         (-98.0,279.0,110.0,313.0)
0         (-98.0,279.0,110.0,312.0)
0         (-98.0,279.0,109.0,312.0)
0         (-97.0,279.0,109.0,312.0)
0         (-97.0,279.0,108.0,312.0)
0         (-97.0,280.0,108.0,312.0)
0         (-97.0,280.0,109.0,312.0)
0         (-98.0,280.0,109.0,312.0)
0         (-98.0,280.0,108.0,312.0)
0         (-98.0,279.0,108.0,312.0)
0         (-98.0,278.0,108.0,312.0)
0         (-98.0,278.0,108.0,311.0)
0         (-98.0,277.0,108.0,311.0)
0         (-98.0,277.0,108.0,310.0)
0         (-98.0,276.0,108.0,310.0)
0         (-98.0,276.0,108.0,309.0)
0         (-98.0,276.0,108.0,308.0)
0         (-98.0,275.0,108.0,308.0)
0         (-97.0,275.0,108.0,308.0)
0         (-97.0,275.0,108.0,307.0)
0         (-97.0,275.0,109.0,307.0)
0         (-97.0,275.0,109.0,308.0)
0         (-98.0,275.0,109.0,308.0)
0         (-98.0,275.0,109.0,307.0)
0         (-98.0,275.0,108.0,307.0)
0         (-98.0,275.0,108.0,306.0)
0         (-97.0,275.0,108.0,306.0)
0         (-97.0,275.0,109.0,306.0)
0         (-97.0,274.0,109.0,306.0)
0         (-97.0,274.0,108.0,306.0)
0         (-97.0,274.0,108.0,307.0)
0         (-97.0,274.0,109.0,307.0)
0         (-98.0,274.0,109.0,307.0)
0         (-98.0,274.0,109.0,306.0)
0         (-98.0,275.0,109.0,306.0)
0         (-98.0,276.0,109.0,306.0)
0         (-97.0,276.0,109.0,306.0)
0         (-97.0,276.0,109.0,307.0)
0         (-97.0,276.0,108.0,307.0)
0         (-97.0,276.0,108.0,308.0)
0         (-97.0,276.0,109.0,308.0)
0         (-98.0,276.0,109.0,308.0)
0         (-98.0,276.0,109.0,307.0)
0         (-98.0,276.0,108.0,307.0)
0         (-98.0,276.0,108.0,306.0)
0         (-97.0,276.0,108.0,306.0)
0         (-97.0,276.0,107.0,306.0)
0         (-97.0,275.0,107.0,306.0)
0         (-97.0,274.0,107.0,306.0)
0         (-97.0,274.0,107.0,305.0)
0         (-97.0,273.0,107.0,305.0)
0         (-97.0,273.0,107.0,304.0)
0         (-97.0,272.0,107.0,304.0)
0         (-97.0,272.0,107.0,303.0)
0         (-97.0,272.0,107.0,302.0)
0         (-97.0,271.0,107.0,302.0)
0         (-97.0,271.0,108.0,302.0)
0         (-97.0,271.0,108.0,301.0)
0         (-97.0,271.0,109.0,301.0)
0         (-97.0,270.0,109.0,301.0)
0         (-97.0,270.0,108.0,301.0)
0         (-97.0,270.0,108.0,300.0)
0         (-97.0,271.0,108.0,300.0)
0         (-97.0,271.0,109.0,300.0)
0         (-97.0,270.0,109.0,300.0)
0         (-98.0,270.0,109.0,300.0)
0         (-98.0,270.0,108.0,300.0)
0         (-98.0,270.0,108.0,301.0)
0         (-98.0,271.0,108.0,301.0)
0         (-98.0,271.0,109.0,301.0)
0         (-98.0,270.0,109.0,301.0)
0         (-98.0,270.0,109.0,302.0)
0         (-97.0,270.0,109.0,302.0)
0         (-97.0,271.0,109.0,302.0)
0         (-98.0,271.0,109.0,302.0)
0         (-98.0,271.0,108.0,302.0)
0         (-98.0,270.0,108.0,302.0)
0         (-97.0,270.0,108.0,302.0)
0         (-97.0,270.0,107.0,302.0)
0         (-97.0,270.0,107.0,301.0)
0         (-97.0,270.0,107.0,300.0)
0         (-97.0,270.0,107.0,299.0)
0         (-97.0,269.0,107.0,299.0)
0         (-97.0,269.0,107.0,298.0)
0         (-97.0,268.0,107.0,298.0)
0         (-97.0,268.0,107.0,297.0)
0         (-97.0,267.0,107.0,297.0)
0         (-97.0,267.0,107.0,296.0)
0         (-97.0,267.0,108.0,296.0)
0         (-97.0,267.0,108.0,295.0)
0         (-97.0,266.0,108.0,295.0)
0         (-97.0,266.0,109.0,295.0)
0         (-97.0,266.0,109.0,294.0)
0         (-97.0,266.0,108.0,294.0)
0         (-97.0,267.0,108.0,294.0)
0         (-97.0,267.0,109.0,294.0)
0         (-97.0,267.0,109.0,295.0)
0         (-98.0,267.0,109.0,295.0)
0         (-98.0,266.0,109.0,295.0)
0         (-98.0,266.0,109.0,294.0)
0         (-98.0,266.0,108.0,294.0)
0         (-98.0,266.0,108.0,295.0)
0         (-98.0,267.0,108.0,295.0)
0         (-98.0,267.0,108.0,294.0)
0         (-98.0,267.0,109.0,294.0)
0         (-98.0,267.0,109.0,293.0)
0         (-98.0,266.0,109.0,293.0)
0         (-97.0,266.0,109.0,293.0)
0         (-97.0,266.0,108.0,293.0)
0         (-97.0,265.0,108.0,293.0)
0         (-97.0,265.0,108.0,294.0)
0         (-97.0,265.0,109.0,294.0)
0         (-97.0,265.0,109.0,293.0)
0         (-97.0,265.0,109.0,292.0)
0         (-97.0,264.0,109.0,292.0)
0         (-97.0,264.0,109.0,291.0)
0         (-97.0,263.0,109.0,291.0)
0         (-97.0,263.0,109.0,290.0)
0         (-97.0,262.0,109.0,290.0)
0         (-97.0,262.0,109.0,289.0)
0         (-97.0,262.0,109.0,288.0)
0         (-97.0,262.0,108.0,288.0)
0         (-97.0,262.0,108.0,289.0)
0         (-97.0,261.0,108.0,289.0)
0         (-97.0,261.0,108.0,288.0)
0         (-97.0,261.0,109.0,288.0)
0         (-97.0,261.0,109.0,289.0)
0         (-98.0,261.0,109.0,289.0)
0         (-98.0,262.0,109.0,289.0)
0         (-98.0,262.0,109.0,288.0)
0         (-98.0,262.0,108.0,288.0)
0         (-98.0,262.0,108.0,289.0)
0         (-98.0,261.0,108.0,289.0)
0         (-98.0,261.0,108.0,288.0)
0         (-98.0,261.0,109.0,288.0)
0         (-98.0,261.0,109.0,287.0)
0         (-97.0,261.0,109.0,287.0)
0         (-97.0,261.0,108.0,287.0)
0         (-97.0,262.0,108.0,287.0)
0         (-97.0,262.0,109.0,287.0)
0         (-98.0,262.0,109.0,287.0)
0         (-98.0,262.0,108.0,287.0)
0         (-98.0,261.0,108.0,287.0)
0         (-98.0,261.0,107.0,287.0)
0         (-97.0,261.0,107.0,287.0)
0         (-97.0,261.0,107.0,286.0)
0         (-97.0,260.0,107.0,286.0)
0         (-97.0,260.0,107.0,285.0)
0         (-97.0,259.0,107.0,285.0)
0         (-97.0,259.0,107.0,284.0)
0         (-97.0,258.0,107.0,284.0)
0         (-97.0,258.0,108.0,284.0)
0         (-97.0,258.0,108.0,283.0)
0         (-97.0,258.0,108.0,282.0)
0         (-97.0,257.0,108.0,282.0)
0         (-97.0,257.0,109.0,282.0)
0         (-97.0,258.0,109.0,282.0)
0         (-97.0,258.0,109.0,283.0)
0         (-97.0,257.0,109.0,283.0)
0         (-97.0,257.0,108.0,283.0)
0         (-98.0,257.0,108.0,283.0)
0         (-98.0,257.0,108.0,282.0)
0         (-98.0,257.0,109.0,282.0)
0         (-98.0,258.0,109.0,282.0)
0         (-98.0,258.0,108.0,282.0)
0         (-98.0,258.0,108.0,281.0)
0         (-97.0,258.0,108.0,281.0)
0         (-97.0,257.0,108.0,281.0)
0         (-97.0,257.0,109.0,281.0)
0         (-97.0,258.0,109.0,281.0)
0         (-98.0,258.0,109.0,281.0)
0         (-98.0,257.0,109.0,281.0)
0         (-98.0,257.0,108.0,281.0)
0         (-98.0,256.0,108.0,281.0)
0         (-97.0,256.0,108.0,281.0)
0         (-97.0,256.0,108.0,280.0)
0         (-97.0,256.0,107.0,280.0)
0         (-97.0,255.0,107.0,280.0)
0         (-97.0,255.0,107.0,279.0)
0         (-97.0,255.0,107.0,278.0)
0         (-97.0,254.0,107.0,278.0)
0         (-97.0,254.0,107.0,277.0)
0         (-97.0,254.0,108.0,277.0)
0         (-97.0,253.0,108.0,277.0)
0         (-97.0,253.0,108.0,276.0)
0         (-97.0,253.0,109.0,276.0)
0         (-97.0,253.0,109.0,275.0)
0         (-97.0,253.0,108.0,275.0)
0         (-97.0,252.0,108.0,275.0)
0         (-97.0,252.0,109.0,275.0)
0         (-97.0,252.0,109.0,276.0)
0         (-97.0,252.0,108.0,276.0)
0         (-98.0,252.0,108.0,276.0)
0         (-98.0,253.0,108.0,276.0)
0         (-98.0,253.0,109.0,276.0)
0         (-98.0,253.0,109.0,275.0)
0         (-98.0,253.0,108.0,275.0)
0         (-98.0,252.0,108.0,275.0)
0         (-98.0,252.0,109.0,275.0)
0         (-98.0,252.0,109.0,276.0)
0         (-98.0,252.0,109.0,277.0)
0         (-98.0,253.0,109.0,277.0)
0         (-97.0,253.0,109.0,277.0)
0         (-97.0,252.0,109.0,277.0)
0         (-97.0,252.0,108.0,277.0)
0         (-98.0,252.0,108.0,277.0)
0         (-98.0,253.0,108.0,277.0)
0         (-98.0,254.0,108.0,277.0)
0         (-98.0,254.0,108.0,276.0)
0         (-97.0,254.0,108.0,276.0)
0         (-97.0,254.0,109.0,276.0)
0         (-97.0,254.0,109.0,275.0)
0         (-97.0,254.0,108.0,275.0)
0         (-98.0,254.0,108.0,275.0)
0         (-98.0,254.0,109.0,275.0)
0         (-98.0,254.0,109.0,276.0)
0         (-98.0,254.0,109.0,277.0)
0         (-97.0,254.0,109.0,277.0)
0         (-97.0,254.0,110.0,277.0)
0         (-97.0,253.0,110.0,277.0)
0         (-97.0,253.0,110.0,276.0)
0         (-97.0,253.0,110.0,275.0)
0         (-97.0,252.0,110.0,275.0)
0         (-97.0,252.0,110.0,276.0)
0         (-98.0,252.0,110.0,276.0)
0         (-98.0,253.0,110.0,276.0)
0         (-98.0,253.0,110.0,275.0)
0         (-98.0,252.0,110.0,275.0)
0         (-98.0,252.0,110.0,274.0)
0         (-98.0,252.0,109.0,274.0)
0         (-97.0,252.0,109.0,274.0)
0         (-97.0,252.0,108.0,274.0)
0         (-97.0,252.0,107.0,274.0)
0         (-97.0,251.0,107.0,274.0)
0         (-97.0,251.0,107.0,273.0)
0         (-97.0,250.0,107.0,273.0)
0         (-97.0,250.0,107.0,272.0)
0         (-97.0,250.0,107.0,271.0)
0         (-97.0,249.0,107.0,271.0)
0         (-97.0,249.0,108.0,271.0)
0         (-97.0,249.0,108.0,270.0)
0         (-97.0,249.0,109.0,270.0)
0         (-97.0,248.0,109.0,270.0)
0         (-97.0,248.0,109.0,269.0)
0         (-97.0,249.0,109.0,269.0)
0         (-97.0,249.0,108.0,269.0)
0         (-97.0,248.0,108.0,269.0)
0         (-97.0,248.0,108.0,270.0)
0         (-98.0,248.0,108.0,270.0)
0         (-98.0,248.0,108.0,269.0)
0         (-98.0,248.0,109.0,269.0)
0         (-98.0,248.0,109.0,270.0)
0         (-98.0,249.0,109.0,270.0)
0         (-98.0,249.0,109.0,269.0)
0         (-98.0,249.0,108.0,269.0)
0         (-98.0,249.0,108.0,270.0)
0         (-98.0,249.0,108.0,271.0)
0         (-98.0,248.0,108.0,271.0)
0         (-97.0,248.0,108.0,271.0)
0         (-97.0,248.0,109.0,271.0)
0         (-97.0,249.0,109.0,271.0)
0         (-98.0,249.0,109.0,271.0)
0         (-98.0,248.0,109.0,271.0)
0         (-98.0,248.0,110.0,271.0)
0         (-98.0,248.0,110.0,270.0)
0         (-97.0,248.0,110.0,270.0)
0         (-97.0,248.0,110.0,269.0)
0         (-97.0,249.0,110.0,269.0)
0         (-97.0,249.0,110.0,270.0)
0         (-98.0,249.0,110.0,270.0)
0         (-98.0,249.0,110.0,269.0)
0         (-98.0,248.0,110.0,269.0)
0         (-98.0,248.0,110.0,268.0)
0         (-98.0,248.0,109.0,268.0)
0         (-97.0,248.0,109.0,268.0)
0         (-97.0,248.0,108.0,268.0)
0         (-97.0,249.0,108.0,268.0)
0         (-97.0,249.0,109.0,268.0)
0         (-98.0,249.0,109.0,268.0)
0         (-98.0,249.0,108.0,268.0)
0         (-98.0,248.0,108.0,268.0)
0         (-98.0,247.0,108.0,268.0)
0         (-97.0,247.0,108.0,268.0)
0         (-97.0,247.0,108.0,267.0)
0         (-97.0,246.0,108.0,267.0)
0         (-97.0,246.0,108.0,266.0)
0         (-97.0,245.0,108.0,266.0)
0         (-97.0,245.0,108.0,265.0)
0         (-97.0,245.0,108.0,264.0)
0         (-97.0,244.0,108.0,264.0)
0         (-97.0,244.0,108.0,263.0)
0         (-97.0,244.0,109.0,263.0)
0         (-97.0,244.0,109.0,264.0)
0         (-98.0,244.0,109.0,264.0)
0         (-98.0,244.0,109.0,263.0)
0         (-98.0,244.0,108.0,263.0)
0         (-98.0,244.0,108.0,264.0)
0         (-98.0,243.0,108.0,264.0)
0         (-97.0,243.0,108.0,264.0)
0         (-97.0,243.0,108.0,263.0)
0         (-97.0,243.0,109.0,263.0)
0         (-97.0,243.0,109.0,262.0)
0         (-97.0,244.0,109.0,262.0)
0         (-97.0,244.0,108.0,262.0)
0         (-97.0,243.0,108.0,262.0)
0         (-97.0,243.0,107.0,262.0)
0         (-97.0,243.0,107.0,261.0)
0         (-97.0,242.0,107.0,261.0)
0         (-97.0,242.0,107.0,260.0)
0         (-97.0,241.0,107.0,260.0)
0         (-97.0,241.0,107.0,259.0)
0         (-97.0,240.0,107.0,259.0)
0         (-97.0,240.0,108.0,259.0)
0         (-97.0,240.0,108.0,258.0)
0         (-97.0,240.0,108.0,257.0)
0         (-97.0,240.0,109.0,257.0)
0         (-97.0,239.0,109.0,257.0)
0         (-97.0,239.0,108.0,257.0)
0         (-97.0,239.0,108.0,256.0)
0         (-97.0,239.0,109.0,256.0)
0         (-97.0,240.0,109.0,256.0)
0         (-97.0,240.0,108.0,256.0)
0         (-98.0,240.0,108.0,256.0)
0         (-98.0,240.0,108.0,257.0)
0         (-98.0,240.0,109.0,257.0)
0         (-98.0,239.0,109.0,257.0)
0         (-98.0,239.0,108.0,257.0)
0         (-98.0,239.0,108.0,256.0)
0         (-98.0,239.0,109.0,256.0)
0         (-98.0,240.0,109.0,256.0)
0         (-98.0,240.0,110.0,256.0)
0         (-97.0,240.0,110.0,256.0)
0         (-97.0,240.0,110.0,257.0)
0         (-97.0,239.0,110.0,257.0)
0         (-97.0,239.0,110.0,256.0)
0         (-98.0,239.0,110.0,256.0)
0         (-98.0,239.0,110.0,257.0)
0         (-98.0,240.0,110.0,257.0)
0         (-98.0,240.0,110.0,258.0)
0         (-98.0,240.0,109.0,258.0)
0         (-97.0,240.0,109.0,258.0)
0         (-97.0,239.0,109.0,258.0)
0         (-97.0,239.0,108.0,258.0)
0         (-98.0,239.0,108.0,258.0)
0         (-98.0,240.0,108.0,258.0)
0         (-98.0,240.0,107.0,258.0)
0         (-98.0,240.0,107.0,257.0)
0         (-97.0,240.0,107.0,257.0)
0         (-97.0,239.0,107.0,257.0)
0         (-97.0,239.0,107.0,256.0)
0         (-97.0,239.0,107.0,255.0)
0         (-97.0,238.0,107.0,255.0)
0         (-97.0,238.0,107.0,254.0)
0         (-97.0,237.0,107.0,254.0)
0         (-97.0,237.0,107.0,253.0)
0         (-97.0,236.0,107.0,253.0)
0         (-97.0,236.0,107.0,252.0)
0         (-97.0,236.0,108.0,252.0)
0         (-97.0,236.0,108.0,251.0)
0         (-97.0,235.0,108.0,251.0)
0         (-97.0,235.0,109.0,251.0)
0         (-97.0,235.0,109.0,250.0)
0         (-97.0,235.0,108.0,250.0)
0         (-98.0,235.0,108.0,250.0)
0         (-98.0,235.0,108.0,251.0)
0         (-98.0,235.0,109.0,251.0)
0         (-98.0,235.0,109.0,250.0)
0         (-98.0,236.0,109.0,250.0)
0         (-97.0,236.0,109.0,250.0)
0         (-97.0,236.0,109.0,251.0)
0         (-98.0,236.0,109.0,251.0)
0         (-98.0,236.0,108.0,251.0)
0         (-98.0,236.0,108.0,250.0)
0         (-97.0,236.0,108.0,250.0)
0         (-97.0,236.0,108.0,249.0)
0         (-97.0,235.0,108.0,249.0)
0         (-97.0,235.0,109.0,249.0)
0         (-97.0,234.0,109.0,249.0)
0         (-97.0,234.0,109.0,250.0)
0         (-97.0,234.0,108.0,250.0)
0         (-97.0,234.0,108.0,249.0)
0         (-97.0,234.0,107.0,249.0)
0         (-97.0,234.0,107.0,248.0)
0         (-97.0,233.0,107.0,248.0)
0         (-97.0,233.0,107.0,247.0)
0         (-97.0,232.0,107.0,247.0)
0         (-97.0,232.0,107.0,246.0)
0         (-97.0,231.0,107.0,246.0)
0         (-97.0,231.0,108.0,246.0)
0         (-97.0,231.0,108.0,245.0)
0         (-97.0,231.0,109.0,245.0)
0         (-97.0,231.0,109.0,244.0)
0         (-97.0,231.0,108.0,244.0)
0         (-97.0,230.0,108.0,244.0)
0         (-97.0,230.0,109.0,244.0)
0         (-97.0,230.0,109.0,245.0)
0         (-97.0,230.0,108.0,245.0)
0         (-98.0,230.0,108.0,245.0)
0         (-98.0,231.0,108.0,245.0)
0         (-98.0,231.0,109.0,245.0)
0         (-98.0,231.0,109.0,244.0)
0         (-98.0,231.0,108.0,244.0)
0         (-98.0,230.0,108.0,244.0)
0         (-98.0,230.0,109.0,244.0)
0         (-98.0,230.0,109.0,245.0)
0         (-98.0,230.0,110.0,245.0)
0         (-97.0,230.0,110.0,245.0)
0         (-97.0,231.0,110.0,245.0)
0         (-97.0,231.0,110.0,244.0)
0         (-97.0,230.0,110.0,244.0)
0         (-97.0,230.0,110.0,243.0)
0         (-97.0,230.0,109.0,243.0)
0         (-97.0,230.0,108.0,243.0)
0         (-97.0,231.0,108.0,243.0)
0         (-97.0,231.0,109.0,243.0)
0         (-98.0,231.0,109.0,243.0)
0         (-98.0,231.0,108.0,243.0)
0         (-98.0,230.0,108.0,243.0)
0         (-98.0,230.0,109.0,243.0)
0         (-98.0,230.0,110.0,243.0)
0         (-98.0,230.0,110.0,244.0)
0         (-98.0,231.0,110.0,244.0)
0         (-98.0,231.0,110.0,245.0)
0         (-98.0,231.0,110.0,246.0)
0         (-98.0,231.0,109.0,246.0)
0         (-97.0,231.0,109.0,246.0)
0         (-97.0,230.0,109.0,246.0)
0         (-97.0,230.0,108.0,246.0)
0         (-98.0,230.0,108.0,246.0)
0         (-98.0,231.0,108.0,246.0)
0         (-98.0,231.0,107.0,246.0)
0         (-98.0,231.0,107.0,245.0)
0         (-97.0,231.0,107.0,245.0)
0         (-97.0,231.0,107.0,244.0)
0         (-97.0,230.0,107.0,244.0)
0         (-97.0,230.0,107.0,243.0)
0         (-97.0,229.0,107.0,243.0)
0         (-97.0,229.0,107.0,242.0)
0         (-97.0,228.0,107.0,242.0)
0         (-97.0,228.0,107.0,241.0)
0         (-97.0,228.0,107.0,240.0)
0         (-97.0,227.0,107.0,240.0)
0         (-97.0,227.0,108.0,240.0)
0         (-97.0,227.0,108.0,239.0)
0         (-97.0,226.0,108.0,239.0)
0         (-97.0,226.0,108.0,238.0)
0         (-97.0,226.0,109.0,238.0)
0         (-97.0,226.0,109.0,239.0)
0         (-97.0,227.0,109.0,239.0)
0         (-97.0,227.0,109.0,238.0)
0         (-97.0,227.0,108.0,238.0)
0         (-97.0,227.0,108.0,237.0)
0         (-97.0,226.0,108.0,237.0)
0         (-97.0,226.0,109.0,237.0)
0         (-97.0,227.0,109.0,237.0)
0         (-98.0,227.0,109.0,237.0)
0         (-98.0,227.0,109.0,238.0)
0         (-98.0,226.0,109.0,238.0)
0         (-98.0,226.0,108.0,238.0)
0         (-98.0,226.0,108.0,237.0)
0         (-98.0,226.0,109.0,237.0)
0         (-98.0,225.0,109.0,237.0)
0         (-97.0,225.0,109.0,237.0)
0         (-97.0,225.0,108.0,237.0)
0         (-97.0,225.0,108.0,238.0)
0         (-97.0,225.0,109.0,238.0)
0         (-98.0,225.0,109.0,238.0)
0         (-98.0,225.0,108.0,238.0)
0         (-98.0,225.0,108.0,237.0)
0         (-98.0,225.0,108.0,236.0)
0         (-97.0,225.0,108.0,236.0)
0         (-97.0,225.0,107.0,236.0)
0         (-97.0,224.0,107.0,236.0)
0         (-97.0,224.0,107.0,235.0)
0         (-97.0,223.0,107.0,235.0)
0         (-97.0,223.0,107.0,234.0)
0         (-97.0,223.0,107.0,233.0)
0         (-97.0,223.0,108.0,233.0)
0         (-97.0,222.0,108.0,233.0)
0         (-97.0,222.0,108.0,232.0)
0         (-97.0,222.0,109.0,232.0)
0         (-97.0,222.0,109.0,231.0)
0         (-97.0,222.0,108.0,231.0)
0         (-97.0,221.0,108.0,231.0)
0         (-97.0,221.0,108.0,232.0)
0         (-97.0,221.0,109.0,232.0)
0         (-97.0,221.0,109.0,231.0)
0         (-98.0,221.0,109.0,231.0)
0         (-98.0,222.0,109.0,231.0)
0         (-98.0,222.0,109.0,232.0)
0         (-98.0,222.0,108.0,232.0)
0         (-98.0,222.0,108.0,231.0)
0         (-98.0,221.0,108.0,231.0)
0         (-98.0,221.0,108.0,232.0)
0         (-98.0,221.0,109.0,232.0)
0         (-98.0,221.0,109.0,233.0)
0         (-98.0,222.0,109.0,233.0)
0         (-97.0,222.0,109.0,233.0)
0         (-97.0,221.0,109.0,233.0)
0         (-97.0,221.0,108.0,233.0)
0         (-98.0,221.0,108.0,233.0)
0         (-98.0,222.0,108.0,233.0)
0         (-98.0,223.0,108.0,233.0)
0         (-98.0,223.0,108.0,232.0)
0         (-97.0,223.0,108.0,232.0)
0         (-97.0,223.0,109.0,232.0)
0         (-97.0,223.0,109.0,231.0)
0         (-97.0,223.0,108.0,231.0)
0         (-98.0,223.0,108.0,231.0)
0         (-98.0,223.0,109.0,231.0)
0         (-98.0,223.0,109.0,232.0)
0         (-98.0,223.0,109.0,233.0)
0         (-97.0,223.0,109.0,233.0)
0         (-97.0,223.0,110.0,233.0)
0         (-97.0,222.0,110.0,233.0)
0         (-97.0,222.0,110.0,232.0)
0         (-97.0,222.0,110.0,231.0)
0         (-97.0,221.0,110.0,231.0)
0         (-97.0,221.0,110.0,232.0)
0         (-98.0,221.0,110.0,232.0)
0         (-98.0,222.0,110.0,232.0)
0         (-98.0,222.0,110.0,231.0)
0         (-98.0,221.0,110.0,231.0)
0         (-98.0,221.0,110.0,230.0)
0         (-98.0,221.0,109.0,230.0)
0         (-97.0,221.0,109.0,230.0)
0         (-97.0,221.0,108.0,230.0)
0         (-97.0,221.0,107.0,230.0)
0         (-97.0,220.0,107.0,230.0)
0         (-97.0,220.0,107.0,229.0)
0         (-97.0,219.0,107.0,229.0)
0         (-97.0,219.0,107.0,228.0)
0         (-97.0,218.0,107.0,228.0)
0         (-97.0,218.0,107.0,227.0)
0         (-97.0,218.0,108.0,227.0)
0         (-97.0,218.0,108.0,226.0)
0         (-97.0,218.0,109.0,226.0)
0         (-97.0,217.0,109.0,226.0)
0         (-97.0,217.0,109.0,225.0)
0         (-97.0,217.0,108.0,225.0)
0         (-97.0,217.0,108.0,226.0)
0         (-98.0,217.0,108.0,226.0)
0         (-98.0,217.0,109.0,226.0)
0         (-98.0,217.0,109.0,225.0)
0         (-98.0,217.0,108.0,225.0)
0         (-98.0,218.0,108.0,225.0)
0         (-97.0,218.0,108.0,225.0)
0         (-97.0,218.0,109.0,225.0)
0         (-98.0,218.0,109.0,225.0)
0         (-98.0,218.0,109.0,226.0)
0         (-98.0,218.0,108.0,226.0)
0         (-98.0,218.0,108.0,227.0)
0         (-98.0,217.0,108.0,227.0)
0         (-97.0,217.0,108.0,227.0)
0         (-97.0,217.0,109.0,227.0)
0         (-97.0,218.0,109.0,227.0)
0         (-98.0,218.0,109.0,227.0)
0         (-98.0,217.0,109.0,227.0)
0         (-98.0,217.0,110.0,227.0)
0         (-98.0,217.0,110.0,226.0)
0         (-97.0,217.0,110.0,226.0)
0         (-97.0,217.0,110.0,225.0)
0         (-97.0,218.0,110.0,225.0)
0         (-97.0,218.0,110.0,226.0)
0         (-98.0,218.0,110.0,226.0)
0         (-98.0,218.0,110.0,225.0)
0         (-98.0,217.0,110.0,225.0)
0         (-98.0,217.0,110.0,224.0)
0         (-98.0,217.0,109.0,224.0)
0         (-97.0,217.0,109.0,224.0)
0         (-97.0,217.0,108.0,224.0)
0         (-97.0,218.0,108.0,224.0)
0         (-97.0,218.0,109.0,224.0)
0         (-98.0,218.0,109.0,224.0)
0         (-98.0,218.0,108.0,224.0)
0         (-98.0,217.0,108.0,224.0)
0         (-98.0,216.0,108.0,224.0)
0         (-97.0,216.0,108.0,224.0)
0         (-97.0,216.0,108.0,225.0)
0         (-97.0,216.0,109.0,225.0)
0         (-97.0,216.0,109.0,224.0)
0         (-97.0,216.0,109.0,223.0)
0         (-97.0,215.0,109.0,223.0)
0         (-97.0,215.0,109.0,222.0)
0         (-97.0,214.0,109.0,222.0)
0         (-97.0,214.0,109.0,221.0)
0         (-97.0,214.0,109.0,220.0)
0         (-97.0,213.0,109.0,220.0)
0         (-97.0,213.0,109.0,219.0)
0         (-97.0,213.0,108.0,219.0)
0         (-97.0,213.0,108.0,220.0)
0         (-98.0,213.0,108.0,220.0)
0         (-98.0,213.0,108.0,219.0)
0         (-98.0,213.0,109.0,219.0)
0         (-98.0,213.0,109.0,220.0)
0         (-98.0,212.0,109.0,220.0)
0         (-97.0,212.0,109.0,220.0)
0         (-97.0,212.0,109.0,219.0)
0         (-97.0,212.0,108.0,219.0)
0         (-97.0,212.0,108.0,218.0)
0         (-97.0,213.0,108.0,218.0)
0         (-97.0,213.0,109.0,218.0)
0         (-97.0,212.0,109.0,218.0)
0         (-98.0,212.0,109.0,218.0)
0         (-98.0,213.0,109.0,218.0)
0         (-98.0,213.0,108.0,218.0)
0         (-98.0,212.0,108.0,218.0)
0         (-98.0,212.0,108.0,219.0)
0         (-98.0,212.0,109.0,219.0)
0         (-98.0,212.0,110.0,219.0)
0         (-98.0,213.0,110.0,219.0)
0         (-97.0,213.0,110.0,219.0)
0         (-97.0,213.0,110.0,220.0)
0         (-98.0,213.0,110.0,220.0)
0         (-98.0,212.0,110.0,220.0)
0         (-97.0,212.0,110.0,220.0)
0         (-97.0,212.0,110.0,219.0)
0         (-97.0,212.0,110.0,218.0)
0         (-97.0,213.0,110.0,218.0)
0         (-98.0,213.0,110.0,218.0)
0         (-98.0,212.0,110.0,218.0)
0         (-98.0,212.0,110.0,217.0)
0         (-98.0,212.0,109.0,217.0)
0         (-97.0,212.0,109.0,217.0)
0         (-97.0,212.0,108.0,217.0)
0         (-97.0,211.0,108.0,217.0)
0         (-97.0,211.0,108.0,216.0)
0         (-97.0,210.0,108.0,216.0)
0         (-97.0,210.0,108.0,215.0)
0         (-97.0,209.0,108.0,215.0)
0         (-97.0,209.0,108.0,214.0)
0         (-97.0,209.0,108.0,213.0)
0         (-97.0,209.0,109.0,213.0)
0         (-97.0,208.0,109.0,213.0)
0         (-97.0,208.0,108.0,213.0)
0         (-97.0,208.0,108.0,212.0)
0         (-97.0,208.0,109.0,212.0)
0         (-97.0,209.0,109.0,212.0)
0         (-97.0,209.0,108.0,212.0)
0         (-98.0,209.0,108.0,212.0)
0         (-98.0,209.0,108.0,213.0)
0         (-98.0,209.0,109.0,213.0)
0         (-98.0,208.0,109.0,213.0)
0         (-98.0,208.0,108.0,213.0)
0         (-98.0,208.0,108.0,212.0)
0         (-98.0,208.0,109.0,212.0)
0         (-98.0,209.0,109.0,212.0)
0         (-98.0,209.0,110.0,212.0)
0         (-97.0,209.0,110.0,212.0)
0         (-97.0,209.0,110.0,213.0)
0         (-97.0,208.0,110.0,213.0)
0         (-97.0,208.0,110.0,212.0)
0         (-98.0,208.0,110.0,212.0)
0         (-98.0,208.0,110.0,213.0)
0         (-98.0,209.0,110.0,213.0)
0         (-98.0,209.0,110.0,214.0)
0         (-98.0,209.0,109.0,214.0)
0         (-97.0,209.0,109.0,214.0)
0         (-97.0,208.0,109.0,214.0)
0         (-97.0,208.0,108.0,214.0)
0         (-98.0,208.0,108.0,214.0)
0         (-98.0,208.0,109.0,214.0)
0         (-98.0,208.0,110.0,214.0)
0         (-97.0,208.0,110.0,214.0)
0         (-97.0,209.0,110.0,214.0)
0         (-97.0,209.0,110.0,215.0)
0         (-97.0,209.0,109.0,215.0)
0         (-97.0,208.0,109.0,215.0)
0         (-97.0,208.0,108.0,215.0)
0         (-98.0,208.0,108.0,215.0)
0         (-98.0,208.0,109.0,215.0)
0         (-98.0,209.0,109.0,215.0)
0         (-98.0,209.0,108.0,215.0)
0         (-98.0,209.0,108.0,214.0)
0         (-98.0,209.0,107.0,214.0)
0         (-97.0,209.0,107.0,214.0)
0         (-97.0,209.0,107.0,213.0)
0         (-97.0,208.0,107.0,213.0)
0         (-97.0,208.0,107.0,212.0)
0         (-97.0,209.0,107.0,212.0)
0         (-98.0,209.0,107.0,212.0)
0         (-98.0,208.0,107.0,212.0)
0         (-98.0,208.0,107.0,213.0)
0         (-98.0,209.0,107.0,213.0)
0         (-98.0,210.0,107.0,213.0)
0         (-98.0,210.0,108.0,213.0)
0         (-97.0,210.0,108.0,213.0)
0         (-97.0,210.0,109.0,213.0)
0         (-97.0,210.0,109.0,212.0)
0         (-97.0,210.0,108.0,212.0)
0         (-98.0,210.0,108.0,212.0)
0         (-98.0,210.0,109.0,212.0)
0         (-98.0,210.0,109.0,213.0)
0         (-98.0,210.0,109.0,214.0)
0         (-97.0,210.0,109.0,214.0)
0         (-97.0,210.0,108.0,214.0)
0         (-98.0,210.0,108.0,214.0)
0         (-98.0,210.0,107.0,214.0)
0         (-97.0,210.0,107.0,214.0)
0         (-97.0,210.0,107.0,213.0)
0         (-97.0,210.0,107.0,212.0)
0         (-97.0,210.0,107.0,211.0)
0         (-97.0,209.0,107.0,211.0)
0         (-97.0,208.0,107.0,211.0)
0         (-97.0,207.0,107.0,211.0)
0         (-97.0,207.0,107.0,210.0)
0         (-97.0,206.0,107.0,210.0)
0         (-97.0,206.0,107.0,209.0)
0         (-97.0,205.0,107.0,209.0)
0         (-97.0,205.0,107.0,208.0)
0         (-97.0,205.0,108.0,208.0)
0         (-97.0,204.0,108.0,208.0)
0         (-97.0,204.0,108.0,207.0)
0         (-97.0,204.0,109.0,207.0)
0         (-97.0,204.0,109.0,206.0)
0         (-97.0,204.0,108.0,206.0)
0         (-98.0,204.0,108.0,206.0)
0         (-98.0,204.0,108.0,207.0)
0         (-98.0,204.0,109.0,207.0)
0         (-98.0,204.0,109.0,206.0)
0         (-98.0,205.0,109.0,206.0)
0         (-97.0,205.0,109.0,206.0)
0         (-97.0,205.0,109.0,207.0)
0         (-97.0,205.0,108.0,207.0)
0         (-97.0,205.0,108.0,206.0)
0         (-98.0,205.0,108.0,206.0)
0         (-98.0,205.0,108.0,207.0)
0         (-98.0,205.0,109.0,207.0)
0         (-98.0,205.0,109.0,208.0)
0         (-98.0,204.0,109.0,208.0)
0         (-97.0,204.0,109.0,208.0)
0         (-97.0,205.0,109.0,208.0)
0         (-97.0,205.0,110.0,208.0)
0         (-97.0,204.0,110.0,208.0)
0         (-97.0,204.0,110.0,207.0)
0         (-97.0,204.0,110.0,206.0)
0         (-98.0,204.0,110.0,206.0)
0         (-98.0,204.0,110.0,207.0)
0         (-98.0,204.0,110.0,208.0)
0         (-98.0,205.0,110.0,208.0)
0         (-98.0,205.0,110.0,207.0)
0         (-97.0,205.0,110.0,207.0)
0         (-97.0,205.0,110.0,206.0)
0         (-98.0,205.0,110.0,206.0)
0         (-98.0,205.0,110.0,205.0)
0         (-98.0,204.0,110.0,205.0)
0         (-98.0,204.0,109.0,205.0)
0         (-97.0,204.0,109.0,205.0)
0         (-97.0,204.0,108.0,205.0)
0         (-97.0,203.0,108.0,205.0)
0         (-97.0,203.0,108.0,206.0)
0         (-97.0,203.0,108.0,207.0)
0         (-97.0,203.0,109.0,207.0)
0         (-97.0,203.0,109.0,206.0)
0         (-98.0,203.0,109.0,206.0)
0         (-98.0,203.0,108.0,206.0)
0         (-98.0,203.0,108.0,207.0)
0         (-98.0,203.0,109.0,207.0)
0         (-98.0,203.0,109.0,208.0)
0         (-97.0,203.0,109.0,208.0)
0         (-97.0,203.0,108.0,208.0)
0         (-98.0,203.0,108.0,208.0)
0         (-98.0,204.0,108.0,208.0)
0         (-98.0,205.0,108.0,208.0)
0         (-98.0,205.0,107.0,208.0)
0         (-98.0,204.0,107.0,208.0)
0         (-98.0,204.0,107.0,207.0)
0         (-97.0,204.0,107.0,207.0)
0         (-97.0,204.0,107.0,206.0)
0         (-97.0,203.0,107.0,206.0)
0         (-97.0,203.0,107.0,205.0)
0         (-97.0,202.0,107.0,205.0)
0         (-97.0,202.0,107.0,204.0)
0         (-97.0,201.0,107.0,204.0)
0         (-97.0,201.0,107.0,203.0)
0         (-97.0,201.0,107.0,202.0)
0         (-97.0,200.0,107.0,202.0)
0         (-97.0,200.0,108.0,202.0)
0         (-97.0,200.0,108.0,201.0)
0         (-97.0,200.0,109.0,201.0)
0         (-97.0,200.0,109.0,200.0)
0         (-97.0,200.0,108.0,200.0)
0         (-97.0,199.0,108.0,200.0)
0         (-97.0,199.0,109.0,200.0)
0         (-97.0,199.0,109.0,201.0)
0         (-97.0,199.0,108.0,201.0)
0         (-98.0,199.0,108.0,201.0)
0         (-98.0,200.0,108.0,201.0)
0         (-98.0,200.0,109.0,201.0)
0         (-98.0,200.0,109.0,200.0)
0         (-98.0,200.0,108.0,200.0)
0         (-98.0,199.0,108.0,200.0)
0         (-98.0,199.0,109.0,200.0)
0         (-98.0,199.0,109.0,201.0)
0         (-98.0,199.0,109.0,202.0)
0         (-97.0,199.0,109.0,202.0)
0         (-97.0,200.0,109.0,202.0)
0         (-98.0,200.0,109.0,202.0)
0         (-98.0,200.0,108.0,202.0)
0         (-98.0,199.0,108.0,202.0)
0         (-97.0,199.0,108.0,202.0)
0         (-97.0,199.0,107.0,202.0)
0         (-97.0,199.0,107.0,201.0)
0         (-97.0,199.0,107.0,200.0)
0         (-97.0,200.0,107.0,200.0)
0         (-97.0,200.0,107.0,201.0)
0         (-98.0,200.0,107.0,201.0)
0         (-98.0,200.0,107.0,200.0)
0         (-98.0,199.0,107.0,200.0)
0         (-98.0,199.0,107.0,199.0)
0         (-98.0,199.0,108.0,199.0)
0         (-97.0,199.0,108.0,199.0)
0         (-97.0,200.0,108.0,199.0)
0         (-97.0,200.0,109.0,199.0)
0         (-97.0,199.0,109.0,199.0)
0         (-98.0,199.0,109.0,199.0)
0         (-98.0,200.0,109.0,199.0)
0         (-98.0,200.0,108.0,199.0)
0         (-98.0,200.0,107.0,199.0)
0         (-97.0,200.0,107.0,199.0)
0         (-97.0,199.0,107.0,199.0)
