# run = 11
ltot         F            S   
0         -8.0716e+01    (167.0,-93.0,-402.0,-352.0)
1         -8.0611e+01    (167.0,-93.0,-402.0,-351.0)
2         -8.0531e+01    (166.0,-93.0,-402.0,-351.0)
3         -8.0602e+01    (166.0,-93.0,-402.0,-350.0)
4         -8.0583e+01    (166.0,-93.0,-401.0,-350.0)
5         -8.0606e+01    (166.0,-93.0,-401.0,-351.0)
6         -8.0687e+01    (167.0,-93.0,-401.0,-351.0)
7         -8.0665e+01    (167.0,-93.0,-401.0,-350.0)
8         -8.0683e+01    (167.0,-93.0,-402.0,-350.0)
9         -8.0777e+01    (167.0,-94.0,-402.0,-350.0)
10        -8.0696e+01    (166.0,-94.0,-402.0,-350.0)
11        -8.0649e+01    (166.0,-94.0,-402.0,-351.0)
12        -8.0697e+01    (166.0,-94.0,-401.0,-351.0)
13        -8.0659e+01    (166.0,-94.0,-401.0,-350.0)
14        -8.0686e+01    (166.0,-94.0,-401.0,-349.0)
15        -8.0545e+01    (166.0,-94.0,-400.0,-349.0)
16        -8.0383e+01    (166.0,-94.0,-400.0,-348.0)
17        -8.0034e+01    (166.0,-94.0,-399.0,-348.0)
18        -7.9698e+01    (166.0,-94.0,-399.0,-347.0)
19        -7.9276e+01    (166.0,-94.0,-398.0,-347.0)
20        -7.8950e+01    (166.0,-94.0,-398.0,-346.0)
21        -7.8682e+01    (166.0,-94.0,-397.0,-346.0)
22        -7.8524e+01    (166.0,-94.0,-397.0,-345.0)
23        -7.8396e+01    (166.0,-93.0,-397.0,-345.0)
24        -7.8387e+01    (166.0,-93.0,-396.0,-345.0)
25        -7.8380e+01    (166.0,-93.0,-396.0,-344.0)
26        -7.8439e+01    (166.0,-93.0,-397.0,-344.0)
27        -7.8519e+01    (167.0,-93.0,-397.0,-344.0)
28        -7.8461e+01    (167.0,-93.0,-396.0,-344.0)
29        -7.8467e+01    (167.0,-93.0,-396.0,-345.0)
30        -7.8475e+01    (167.0,-93.0,-397.0,-345.0)
31        -7.8603e+01    (167.0,-94.0,-397.0,-345.0)
32        -7.8576e+01    (167.0,-94.0,-396.0,-345.0)
33        -7.8496e+01    (166.0,-94.0,-396.0,-345.0)
34        -7.8472e+01    (166.0,-94.0,-396.0,-344.0)
35        -7.8534e+01    (166.0,-94.0,-395.0,-344.0)
36        -7.8455e+01    (166.0,-94.0,-395.0,-343.0)
37        -7.8381e+01    (166.0,-94.0,-394.0,-343.0)
38        -7.8101e+01    (166.0,-94.0,-394.0,-342.0)
39        -7.7825e+01    (166.0,-94.0,-393.0,-342.0)
40        -7.7395e+01    (166.0,-94.0,-393.0,-341.0)
41        -7.7059e+01    (166.0,-94.0,-393.0,-340.0)
42        -7.6697e+01    (166.0,-94.0,-392.0,-340.0)
43        -7.6488e+01    (166.0,-94.0,-392.0,-339.0)
44        -7.6358e+01    (166.0,-93.0,-392.0,-339.0)
45        -7.6240e+01    (166.0,-93.0,-391.0,-339.0)
46        -7.6217e+01    (166.0,-93.0,-391.0,-338.0)
47        -7.6284e+01    (166.0,-93.0,-390.0,-338.0)
48        -7.6286e+01    (166.0,-93.0,-390.0,-337.0)
49        -7.6286e+01    (166.0,-93.0,-389.0,-337.0)
50        -7.6103e+01    (166.0,-93.0,-389.0,-336.0)
51        -7.5874e+01    (166.0,-93.0,-388.0,-336.0)
52        -7.5476e+01    (166.0,-93.0,-388.0,-335.0)
53        -7.5118e+01    (166.0,-93.0,-387.0,-335.0)
54        -7.4684e+01    (166.0,-93.0,-387.0,-334.0)
55        -7.4421e+01    (166.0,-93.0,-387.0,-333.0)
56        -7.4183e+01    (166.0,-93.0,-386.0,-333.0)
57        -7.4121e+01    (166.0,-93.0,-386.0,-332.0)
58        -7.4127e+01    (166.0,-93.0,-385.0,-332.0)
59        -7.4169e+01    (166.0,-93.0,-385.0,-331.0)
60        -7.4205e+01    (166.0,-93.0,-384.0,-331.0)
61        -7.4128e+01    (166.0,-93.0,-384.0,-330.0)
62        -7.3968e+01    (166.0,-93.0,-383.0,-330.0)
63        -7.3658e+01    (166.0,-93.0,-383.0,-329.0)
64        -7.3303e+01    (166.0,-93.0,-382.0,-329.0)
65        -7.2875e+01    (166.0,-93.0,-382.0,-328.0)
66        -7.2551e+01    (166.0,-93.0,-381.0,-328.0)
67        -7.2228e+01    (166.0,-93.0,-381.0,-327.0)
68        -7.2112e+01    (166.0,-93.0,-381.0,-326.0)
69        -7.2025e+01    (166.0,-93.0,-380.0,-326.0)
70        -7.2074e+01    (166.0,-93.0,-380.0,-325.0)
71        -7.2113e+01    (166.0,-93.0,-379.0,-325.0)
72        -7.2125e+01    (166.0,-93.0,-379.0,-324.0)
73        -7.2034e+01    (166.0,-93.0,-378.0,-324.0)
74        -7.1829e+01    (166.0,-93.0,-378.0,-323.0)
75        -7.1511e+01    (166.0,-93.0,-377.0,-323.0)
76        -7.1122e+01    (166.0,-93.0,-377.0,-322.0)
77        -7.0737e+01    (166.0,-93.0,-376.0,-322.0)
78        -7.0373e+01    (166.0,-93.0,-376.0,-321.0)
79        -7.0173e+01    (166.0,-93.0,-375.0,-321.0)
80        -7.0001e+01    (166.0,-93.0,-375.0,-320.0)
81        -7.0027e+01    (166.0,-93.0,-375.0,-319.0)
82        -7.0032e+01    (166.0,-93.0,-374.0,-319.0)
83        -7.0064e+01    (166.0,-93.0,-374.0,-320.0)
84        -7.0144e+01    (167.0,-93.0,-374.0,-320.0)
85        -7.0081e+01    (167.0,-93.0,-375.0,-320.0)
86        -7.0108e+01    (167.0,-93.0,-375.0,-319.0)
87        -7.0113e+01    (167.0,-93.0,-374.0,-319.0)
88        -7.0188e+01    (167.0,-93.0,-374.0,-318.0)
89        -7.0106e+01    (166.0,-93.0,-374.0,-318.0)
90        -7.0070e+01    (166.0,-93.0,-373.0,-318.0)
91        -6.9975e+01    (166.0,-93.0,-373.0,-317.0)
92        -6.9717e+01    (166.0,-93.0,-372.0,-317.0)
93        -6.9398e+01    (166.0,-93.0,-372.0,-316.0)
94        -6.8989e+01    (166.0,-93.0,-371.0,-316.0)
95        -6.8609e+01    (166.0,-93.0,-371.0,-315.0)
96        -6.8301e+01    (166.0,-93.0,-370.0,-315.0)
97        -6.8072e+01    (166.0,-93.0,-370.0,-314.0)
98        -6.8030e+01    (166.0,-93.0,-369.0,-314.0)
99        -6.7987e+01    (166.0,-93.0,-369.0,-313.0)
100       -6.8052e+01    (166.0,-93.0,-370.0,-313.0)
101       -6.8132e+01    (167.0,-93.0,-370.0,-313.0)
102       -6.8068e+01    (167.0,-93.0,-369.0,-313.0)
103       -6.8110e+01    (167.0,-93.0,-369.0,-314.0)
104       -6.8151e+01    (167.0,-93.0,-370.0,-314.0)
105       -6.8284e+01    (167.0,-94.0,-370.0,-314.0)
106       -6.8204e+01    (166.0,-94.0,-370.0,-314.0)
107       -6.8147e+01    (166.0,-94.0,-369.0,-314.0)
108       -6.8093e+01    (166.0,-94.0,-369.0,-313.0)
109       -6.8171e+01    (166.0,-94.0,-370.0,-313.0)
110       -6.8251e+01    (167.0,-94.0,-370.0,-313.0)
111       -6.8174e+01    (167.0,-94.0,-369.0,-313.0)
112       -6.8228e+01    (167.0,-94.0,-369.0,-314.0)
113       -6.8380e+01    (167.0,-94.0,-368.0,-314.0)
114       -6.8273e+01    (167.0,-94.0,-368.0,-313.0)
115       -6.8191e+01    (166.0,-94.0,-368.0,-313.0)
116       -6.8116e+01    (166.0,-93.0,-368.0,-313.0)
117       -6.8083e+01    (166.0,-93.0,-368.0,-312.0)
118       -6.8091e+01    (166.0,-93.0,-368.0,-311.0)
119       -6.7903e+01    (166.0,-93.0,-367.0,-311.0)
120       -6.7678e+01    (166.0,-93.0,-367.0,-310.0)
121       -6.7282e+01    (166.0,-93.0,-366.0,-310.0)
122       -6.6918e+01    (166.0,-93.0,-366.0,-309.0)
123       -6.6525e+01    (166.0,-93.0,-365.0,-309.0)
124       -6.6245e+01    (166.0,-93.0,-365.0,-308.0)
125       -6.6084e+01    (166.0,-93.0,-364.0,-308.0)
126       -6.6005e+01    (166.0,-93.0,-364.0,-307.0)
127       -6.6079e+01    (166.0,-93.0,-363.0,-307.0)
128       -6.6091e+01    (166.0,-93.0,-363.0,-306.0)
129       -6.6106e+01    (166.0,-93.0,-364.0,-306.0)
130       -6.6187e+01    (167.0,-93.0,-364.0,-306.0)
131       -6.6084e+01    (167.0,-93.0,-364.0,-307.0)
132       -6.6160e+01    (167.0,-93.0,-363.0,-307.0)
133       -6.6173e+01    (167.0,-93.0,-363.0,-306.0)
134       -6.6246e+01    (167.0,-92.0,-363.0,-306.0)
135       -6.6163e+01    (166.0,-92.0,-363.0,-306.0)
136       -6.6148e+01    (166.0,-92.0,-362.0,-306.0)
137       -6.6016e+01    (166.0,-92.0,-362.0,-305.0)
138       -6.5875e+01    (166.0,-92.0,-361.0,-305.0)
139       -6.5599e+01    (166.0,-92.0,-361.0,-304.0)
140       -6.5342e+01    (166.0,-92.0,-360.0,-304.0)
141       -6.5002e+01    (166.0,-92.0,-360.0,-303.0)
142       -6.4750e+01    (166.0,-92.0,-360.0,-302.0)
143       -6.4508e+01    (166.0,-92.0,-359.0,-302.0)
144       -6.4237e+01    (166.0,-93.0,-359.0,-302.0)
145       -6.4106e+01    (166.0,-93.0,-359.0,-301.0)
146       -6.4093e+01    (166.0,-93.0,-358.0,-301.0)
147       -6.4117e+01    (166.0,-93.0,-358.0,-300.0)
148       -6.4175e+01    (166.0,-93.0,-359.0,-300.0)
149       -6.4255e+01    (167.0,-93.0,-359.0,-300.0)
150       -6.4185e+01    (167.0,-93.0,-359.0,-301.0)
151       -6.4173e+01    (167.0,-93.0,-358.0,-301.0)
152       -6.4198e+01    (167.0,-93.0,-358.0,-300.0)
153       -6.4293e+01    (167.0,-94.0,-358.0,-300.0)
154       -6.4211e+01    (166.0,-94.0,-358.0,-300.0)
155       -6.4204e+01    (166.0,-94.0,-358.0,-301.0)
156       -6.4234e+01    (166.0,-94.0,-359.0,-301.0)
157       -6.4281e+01    (166.0,-94.0,-359.0,-300.0)
158       -6.4362e+01    (167.0,-94.0,-359.0,-300.0)
159       -6.4313e+01    (167.0,-94.0,-359.0,-301.0)
160       -6.4285e+01    (167.0,-94.0,-358.0,-301.0)
161       -6.4421e+01    (167.0,-94.0,-358.0,-302.0)
162       -6.4308e+01    (167.0,-93.0,-358.0,-302.0)
163       -6.4228e+01    (166.0,-93.0,-358.0,-302.0)
164       -6.4341e+01    (166.0,-94.0,-358.0,-302.0)
165       -6.4367e+01    (166.0,-94.0,-359.0,-302.0)
166       -6.4446e+01    (167.0,-94.0,-359.0,-302.0)
167       -6.4316e+01    (167.0,-93.0,-359.0,-302.0)
168       -6.4589e+01    (167.0,-92.0,-359.0,-302.0)
169       -6.4450e+01    (167.0,-92.0,-359.0,-301.0)
170       -6.4370e+01    (166.0,-92.0,-359.0,-301.0)
171       -6.4293e+01    (166.0,-92.0,-358.0,-301.0)
172       -6.4251e+01    (166.0,-92.0,-358.0,-300.0)
173       -6.4244e+01    (166.0,-92.0,-357.0,-300.0)
174       -6.4170e+01    (166.0,-92.0,-357.0,-299.0)
175       -6.4073e+01    (166.0,-92.0,-356.0,-299.0)
176       -6.3862e+01    (166.0,-92.0,-356.0,-298.0)
177       -6.3626e+01    (166.0,-92.0,-355.0,-298.0)
178       -6.3307e+01    (166.0,-92.0,-355.0,-297.0)
179       -6.3040e+01    (166.0,-92.0,-354.0,-297.0)
180       -6.2747e+01    (166.0,-92.0,-354.0,-296.0)
181       -6.2492e+01    (166.0,-93.0,-354.0,-296.0)
182       -6.2304e+01    (166.0,-93.0,-354.0,-295.0)
183       -6.2181e+01    (166.0,-93.0,-353.0,-295.0)
184       -6.2187e+01    (166.0,-93.0,-353.0,-294.0)
185       -6.2256e+01    (166.0,-93.0,-352.0,-294.0)
186       -6.2296e+01    (166.0,-93.0,-352.0,-293.0)
187       -6.2308e+01    (166.0,-93.0,-351.0,-293.0)
188       -6.2169e+01    (166.0,-93.0,-351.0,-292.0)
189       -6.1954e+01    (166.0,-93.0,-350.0,-292.0)
190       -6.1596e+01    (166.0,-93.0,-350.0,-291.0)
191       -6.1243e+01    (166.0,-93.0,-349.0,-291.0)
192       -6.0840e+01    (166.0,-93.0,-349.0,-290.0)
193       -6.0604e+01    (166.0,-93.0,-348.0,-290.0)
194       -6.0361e+01    (166.0,-93.0,-348.0,-289.0)
195       -6.0325e+01    (166.0,-93.0,-348.0,-288.0)
196       -6.0330e+01    (166.0,-93.0,-347.0,-288.0)
197       -6.0391e+01    (166.0,-93.0,-347.0,-289.0)
198       -6.0471e+01    (167.0,-93.0,-347.0,-289.0)
199       -6.0410e+01    (167.0,-93.0,-347.0,-288.0)
200       -6.0405e+01    (167.0,-93.0,-348.0,-288.0)
201       -6.0440e+01    (167.0,-93.0,-348.0,-289.0)
202       -6.0571e+01    (167.0,-94.0,-348.0,-289.0)
203       -6.0492e+01    (166.0,-94.0,-348.0,-289.0)
204       -6.0446e+01    (166.0,-94.0,-348.0,-288.0)
205       -6.0432e+01    (166.0,-94.0,-347.0,-288.0)
206       -6.0486e+01    (166.0,-94.0,-347.0,-287.0)
207       -6.0406e+01    (166.0,-93.0,-347.0,-287.0)
208       -6.0451e+01    (166.0,-93.0,-346.0,-287.0)
209       -6.0416e+01    (166.0,-93.0,-346.0,-286.0)
210       -6.0271e+01    (166.0,-93.0,-345.0,-286.0)
211       -6.0004e+01    (166.0,-93.0,-345.0,-285.0)
212       -5.9658e+01    (166.0,-93.0,-344.0,-285.0)
213       -5.9264e+01    (166.0,-93.0,-344.0,-284.0)
214       -5.8939e+01    (166.0,-93.0,-343.0,-284.0)
215       -5.8642e+01    (166.0,-93.0,-343.0,-283.0)
216       -5.8552e+01    (166.0,-93.0,-343.0,-282.0)
217       -5.8461e+01    (166.0,-93.0,-342.0,-282.0)
218       -5.8541e+01    (166.0,-93.0,-342.0,-281.0)
219       -5.8585e+01    (166.0,-93.0,-341.0,-281.0)
220       -5.8602e+01    (166.0,-93.0,-341.0,-282.0)
221       -5.8683e+01    (167.0,-93.0,-341.0,-282.0)
222       -5.8541e+01    (167.0,-93.0,-342.0,-282.0)
223       -5.8621e+01    (167.0,-93.0,-342.0,-281.0)
224       -5.8667e+01    (167.0,-93.0,-341.0,-281.0)
225       -5.8719e+01    (167.0,-93.0,-341.0,-280.0)
226       -5.8636e+01    (166.0,-93.0,-341.0,-280.0)
227       -5.8560e+01    (166.0,-93.0,-340.0,-280.0)
228       -5.8399e+01    (166.0,-93.0,-340.0,-279.0)
229       -5.8093e+01    (166.0,-93.0,-339.0,-279.0)
230       -5.7742e+01    (166.0,-93.0,-339.0,-278.0)
231       -5.7359e+01    (166.0,-93.0,-338.0,-278.0)
232       -5.7024e+01    (166.0,-93.0,-338.0,-277.0)
233       -5.6819e+01    (166.0,-93.0,-337.0,-277.0)
234       -5.6673e+01    (166.0,-93.0,-337.0,-276.0)
235       -5.6726e+01    (166.0,-93.0,-337.0,-275.0)
236       -5.6732e+01    (166.0,-93.0,-336.0,-275.0)
237       -5.6732e+01    (166.0,-93.0,-336.0,-276.0)
238       -5.6813e+01    (167.0,-93.0,-336.0,-276.0)
239       -5.6752e+01    (167.0,-93.0,-337.0,-276.0)
240       -5.6807e+01    (167.0,-93.0,-337.0,-275.0)
241       -5.6813e+01    (167.0,-93.0,-336.0,-275.0)
242       -5.6905e+01    (167.0,-94.0,-336.0,-275.0)
243       -5.6824e+01    (166.0,-94.0,-336.0,-275.0)
244       -5.6835e+01    (166.0,-94.0,-337.0,-275.0)
245       -5.6801e+01    (166.0,-94.0,-337.0,-276.0)
246       -5.6837e+01    (166.0,-94.0,-336.0,-276.0)
247       -5.6918e+01    (167.0,-94.0,-336.0,-276.0)
248       -5.6880e+01    (167.0,-94.0,-337.0,-276.0)
249       -5.6916e+01    (167.0,-94.0,-337.0,-275.0)
250       -5.7090e+01    (167.0,-94.0,-337.0,-274.0)
251       -5.6992e+01    (167.0,-94.0,-336.0,-274.0)
252       -5.6910e+01    (166.0,-94.0,-336.0,-274.0)
253       -5.6843e+01    (166.0,-93.0,-336.0,-274.0)
254       -5.6819e+01    (166.0,-93.0,-335.0,-274.0)
255       -5.6767e+01    (166.0,-93.0,-335.0,-273.0)
256       -5.6523e+01    (166.0,-93.0,-334.0,-273.0)
257       -5.6245e+01    (166.0,-93.0,-334.0,-272.0)
258       -5.5843e+01    (166.0,-93.0,-333.0,-272.0)
259       -5.5496e+01    (166.0,-93.0,-333.0,-271.0)
260       -5.5184e+01    (166.0,-93.0,-332.0,-271.0)
261       -5.4981e+01    (166.0,-93.0,-332.0,-270.0)
262       -5.4933e+01    (166.0,-93.0,-331.0,-270.0)
263       -5.4919e+01    (166.0,-93.0,-331.0,-269.0)
264       -5.4986e+01    (166.0,-93.0,-332.0,-269.0)
265       -5.5066e+01    (167.0,-93.0,-332.0,-269.0)
266       -5.4999e+01    (167.0,-93.0,-331.0,-269.0)
267       -5.5013e+01    (167.0,-93.0,-331.0,-270.0)
268       -5.5060e+01    (167.0,-93.0,-332.0,-270.0)
269       -5.5192e+01    (167.0,-94.0,-332.0,-270.0)
270       -5.5112e+01    (166.0,-94.0,-332.0,-270.0)
271       -5.5053e+01    (166.0,-94.0,-331.0,-270.0)
272       -5.5027e+01    (166.0,-94.0,-331.0,-269.0)
273       -5.5104e+01    (166.0,-94.0,-332.0,-269.0)
274       -5.5184e+01    (167.0,-94.0,-332.0,-269.0)
275       -5.5108e+01    (167.0,-94.0,-331.0,-269.0)
276       -5.5133e+01    (167.0,-94.0,-331.0,-270.0)
277       -5.5289e+01    (167.0,-94.0,-330.0,-270.0)
278       -5.5205e+01    (167.0,-93.0,-330.0,-270.0)
279       -5.5123e+01    (166.0,-93.0,-330.0,-270.0)
280       -5.5051e+01    (166.0,-93.0,-330.0,-269.0)
281       -5.5056e+01    (166.0,-93.0,-330.0,-268.0)
282       -5.5056e+01    (166.0,-93.0,-331.0,-268.0)
283       -5.5137e+01    (166.0,-94.0,-331.0,-268.0)
284       -5.5121e+01    (166.0,-94.0,-330.0,-268.0)
285       -5.5129e+01    (166.0,-94.0,-330.0,-269.0)
286       -5.5208e+01    (166.0,-94.0,-330.0,-270.0)
287       -5.5370e+01    (166.0,-94.0,-330.0,-271.0)
288       -5.5241e+01    (166.0,-94.0,-331.0,-271.0)
289       -5.5127e+01    (166.0,-93.0,-331.0,-271.0)
290       -5.5207e+01    (167.0,-93.0,-331.0,-271.0)
291       -5.5263e+01    (167.0,-93.0,-332.0,-271.0)
292       -5.5389e+01    (167.0,-94.0,-332.0,-271.0)
293       -5.5309e+01    (166.0,-94.0,-332.0,-271.0)
294       -5.5606e+01    (166.0,-94.0,-333.0,-271.0)
295       -5.5421e+01    (166.0,-94.0,-333.0,-270.0)
296       -5.5305e+01    (166.0,-93.0,-333.0,-270.0)
297       -5.5285e+01    (166.0,-93.0,-333.0,-269.0)
298       -5.5365e+01    (167.0,-93.0,-333.0,-269.0)
299       -5.5385e+01    (167.0,-93.0,-333.0,-270.0)
300       -5.5501e+01    (167.0,-94.0,-333.0,-270.0)
301       -5.5470e+01    (167.0,-94.0,-333.0,-269.0)
302       -5.5389e+01    (166.0,-94.0,-333.0,-269.0)
303       -5.5486e+01    (166.0,-94.0,-333.0,-268.0)
304       -5.5253e+01    (166.0,-94.0,-332.0,-268.0)
305       -5.5167e+01    (166.0,-93.0,-332.0,-268.0)
306       -5.5248e+01    (167.0,-93.0,-332.0,-268.0)
307       -5.5138e+01    (167.0,-93.0,-331.0,-268.0)
308       -5.5139e+01    (167.0,-93.0,-330.0,-268.0)
309       -5.5133e+01    (167.0,-93.0,-330.0,-269.0)
310       -5.5207e+01    (167.0,-92.0,-330.0,-269.0)
311       -5.5125e+01    (166.0,-92.0,-330.0,-269.0)
312       -5.5077e+01    (166.0,-92.0,-330.0,-268.0)
313       -5.5050e+01    (166.0,-92.0,-329.0,-268.0)
314       -5.4886e+01    (166.0,-92.0,-329.0,-267.0)
315       -5.4717e+01    (166.0,-92.0,-328.0,-267.0)
316       -5.4422e+01    (166.0,-92.0,-328.0,-266.0)
317       -5.4168e+01    (166.0,-92.0,-328.0,-265.0)
318       -5.3862e+01    (166.0,-92.0,-327.0,-265.0)
319       -5.3644e+01    (166.0,-93.0,-327.0,-265.0)
320       -5.3391e+01    (166.0,-93.0,-327.0,-264.0)
321       -5.3223e+01    (166.0,-93.0,-326.0,-264.0)
322       -5.3171e+01    (166.0,-93.0,-326.0,-263.0)
323       -5.3244e+01    (166.0,-93.0,-325.0,-263.0)
324       -5.3291e+01    (166.0,-93.0,-325.0,-262.0)
325       -5.3301e+01    (166.0,-93.0,-326.0,-262.0)
326       -5.3382e+01    (167.0,-93.0,-326.0,-262.0)
327       -5.3250e+01    (167.0,-93.0,-326.0,-263.0)
328       -5.3302e+01    (167.0,-93.0,-326.0,-264.0)
329       -5.3402e+01    (167.0,-93.0,-325.0,-264.0)
330       -5.3322e+01    (166.0,-93.0,-325.0,-264.0)
331       -5.3424e+01    (166.0,-94.0,-325.0,-264.0)
332       -5.3341e+01    (166.0,-94.0,-325.0,-263.0)
333       -5.3291e+01    (166.0,-94.0,-326.0,-263.0)
334       -5.3351e+01    (166.0,-94.0,-326.0,-264.0)
335       -5.3431e+01    (167.0,-94.0,-326.0,-264.0)
336       -5.3371e+01    (167.0,-94.0,-326.0,-263.0)
337       -5.3422e+01    (167.0,-94.0,-325.0,-263.0)
338       -5.3325e+01    (167.0,-93.0,-325.0,-263.0)
339       -5.3373e+01    (167.0,-93.0,-325.0,-262.0)
340       -5.3452e+01    (167.0,-92.0,-325.0,-262.0)
341       -5.3369e+01    (166.0,-92.0,-325.0,-262.0)
342       -5.3368e+01    (166.0,-92.0,-324.0,-262.0)
343       -5.3270e+01    (166.0,-92.0,-324.0,-261.0)
344       -5.3145e+01    (166.0,-92.0,-323.0,-261.0)
345       -5.2904e+01    (166.0,-92.0,-323.0,-260.0)
346       -5.2660e+01    (166.0,-92.0,-322.0,-260.0)
347       -5.2349e+01    (166.0,-92.0,-322.0,-259.0)
348       -5.2124e+01    (166.0,-92.0,-322.0,-258.0)
349       -5.1886e+01    (166.0,-92.0,-321.0,-258.0)
350       -5.1613e+01    (166.0,-93.0,-321.0,-258.0)
351       -5.1508e+01    (166.0,-93.0,-321.0,-257.0)
352       -5.1491e+01    (166.0,-93.0,-320.0,-257.0)
353       -5.1547e+01    (166.0,-93.0,-320.0,-256.0)
354       -5.1603e+01    (166.0,-93.0,-321.0,-256.0)
355       -5.1683e+01    (167.0,-93.0,-321.0,-256.0)
356       -5.1587e+01    (167.0,-93.0,-321.0,-257.0)
357       -5.1571e+01    (167.0,-93.0,-320.0,-257.0)
358       -5.1627e+01    (167.0,-93.0,-320.0,-256.0)
359       -5.1723e+01    (167.0,-94.0,-320.0,-256.0)
360       -5.1642e+01    (166.0,-94.0,-320.0,-256.0)
361       -5.1605e+01    (166.0,-94.0,-320.0,-257.0)
362       -5.1636e+01    (166.0,-94.0,-321.0,-257.0)
363       -5.1709e+01    (166.0,-94.0,-321.0,-256.0)
364       -5.1789e+01    (167.0,-94.0,-321.0,-256.0)
365       -5.1715e+01    (167.0,-94.0,-321.0,-257.0)
366       -5.1685e+01    (167.0,-94.0,-320.0,-257.0)
367       -5.1796e+01    (167.0,-94.0,-320.0,-258.0)
368       -5.1680e+01    (167.0,-93.0,-320.0,-258.0)
369       -5.1600e+01    (166.0,-93.0,-320.0,-258.0)
370       -5.1716e+01    (166.0,-94.0,-320.0,-258.0)
371       -5.1743e+01    (166.0,-94.0,-321.0,-258.0)
372       -5.1823e+01    (167.0,-94.0,-321.0,-258.0)
373       -5.1692e+01    (167.0,-93.0,-321.0,-258.0)
374       -5.1967e+01    (167.0,-92.0,-321.0,-258.0)
375       -5.1852e+01    (167.0,-92.0,-321.0,-257.0)
376       -5.1772e+01    (166.0,-92.0,-321.0,-257.0)
377       -5.1700e+01    (166.0,-92.0,-320.0,-257.0)
378       -5.1686e+01    (166.0,-92.0,-320.0,-256.0)
379       -5.1689e+01    (166.0,-92.0,-319.0,-256.0)
380       -5.1648e+01    (166.0,-92.0,-319.0,-255.0)
381       -5.1568e+01    (166.0,-92.0,-318.0,-255.0)
382       -5.1392e+01    (166.0,-92.0,-318.0,-254.0)
383       -5.1171e+01    (166.0,-92.0,-317.0,-254.0)
384       -5.0884e+01    (166.0,-92.0,-317.0,-253.0)
385       -5.0625e+01    (166.0,-92.0,-316.0,-253.0)
386       -5.0357e+01    (166.0,-92.0,-316.0,-252.0)
387       -5.0105e+01    (166.0,-93.0,-316.0,-252.0)
388       -4.9944e+01    (166.0,-93.0,-316.0,-251.0)
389       -4.9814e+01    (166.0,-93.0,-315.0,-251.0)
390       -4.9849e+01    (166.0,-93.0,-315.0,-250.0)
391       -4.9919e+01    (166.0,-93.0,-314.0,-250.0)
392       -4.9942e+01    (166.0,-93.0,-314.0,-251.0)
393       -5.0023e+01    (167.0,-93.0,-314.0,-251.0)
394       -4.9893e+01    (167.0,-93.0,-315.0,-251.0)
395       -4.9929e+01    (167.0,-93.0,-315.0,-250.0)
396       -5.0001e+01    (167.0,-93.0,-314.0,-250.0)
397       -5.0079e+01    (167.0,-93.0,-314.0,-249.0)
398       -4.9996e+01    (166.0,-93.0,-314.0,-249.0)
399       -5.0020e+01    (166.0,-93.0,-313.0,-249.0)
400       -4.9925e+01    (166.0,-93.0,-313.0,-248.0)
401       -4.9725e+01    (166.0,-93.0,-312.0,-248.0)
402       -4.9407e+01    (166.0,-93.0,-312.0,-247.0)
403       -4.9061e+01    (166.0,-93.0,-311.0,-247.0)
404       -4.8688e+01    (166.0,-93.0,-311.0,-246.0)
405       -4.8449e+01    (166.0,-93.0,-310.0,-246.0)
406       -4.8231e+01    (166.0,-93.0,-310.0,-245.0)
407       -4.8222e+01    (166.0,-93.0,-310.0,-244.0)
408       -4.8224e+01    (166.0,-93.0,-309.0,-244.0)
409       -4.8257e+01    (166.0,-93.0,-309.0,-245.0)
410       -4.8337e+01    (167.0,-93.0,-309.0,-245.0)
411       -4.8304e+01    (167.0,-93.0,-309.0,-244.0)
412       -4.8301e+01    (167.0,-93.0,-310.0,-244.0)
413       -4.8310e+01    (167.0,-93.0,-310.0,-245.0)
414       -4.8442e+01    (167.0,-94.0,-310.0,-245.0)
415       -4.8362e+01    (166.0,-94.0,-310.0,-245.0)
416       -4.8342e+01    (166.0,-94.0,-310.0,-244.0)
417       -4.8329e+01    (166.0,-94.0,-309.0,-244.0)
418       -4.8370e+01    (166.0,-94.0,-309.0,-245.0)
419       -4.8451e+01    (167.0,-94.0,-309.0,-245.0)
420       -4.8409e+01    (167.0,-94.0,-309.0,-244.0)
421       -4.8422e+01    (167.0,-94.0,-310.0,-244.0)
422       -4.8566e+01    (167.0,-94.0,-310.0,-243.0)
423       -4.8475e+01    (167.0,-93.0,-310.0,-243.0)
424       -4.8394e+01    (166.0,-93.0,-310.0,-243.0)
425       -4.8334e+01    (166.0,-93.0,-309.0,-243.0)
426       -4.8387e+01    (166.0,-93.0,-308.0,-243.0)
427       -4.8395e+01    (166.0,-93.0,-308.0,-242.0)
428       -4.8265e+01    (166.0,-93.0,-307.0,-242.0)
429       -4.8040e+01    (166.0,-93.0,-307.0,-241.0)
430       -4.7705e+01    (166.0,-93.0,-306.0,-241.0)
431       -4.7346e+01    (166.0,-93.0,-306.0,-240.0)
432       -4.7020e+01    (166.0,-93.0,-305.0,-240.0)
433       -4.6749e+01    (166.0,-93.0,-305.0,-239.0)
434       -4.6658e+01    (166.0,-93.0,-304.0,-239.0)
435       -4.6589e+01    (166.0,-93.0,-304.0,-238.0)
436       -4.6669e+01    (167.0,-93.0,-304.0,-238.0)
437       -4.6737e+01    (167.0,-93.0,-304.0,-239.0)
438       -4.6828e+01    (167.0,-93.0,-305.0,-239.0)
439       -4.6764e+01    (167.0,-93.0,-305.0,-238.0)
440       -4.6684e+01    (166.0,-93.0,-305.0,-238.0)
441       -4.6809e+01    (166.0,-94.0,-305.0,-238.0)
442       -4.6708e+01    (166.0,-94.0,-304.0,-238.0)
443       -4.6782e+01    (166.0,-94.0,-304.0,-239.0)
444       -4.6862e+01    (167.0,-94.0,-304.0,-239.0)
445       -4.6788e+01    (167.0,-94.0,-304.0,-238.0)
446       -4.6876e+01    (167.0,-94.0,-304.0,-237.0)
447       -4.6780e+01    (167.0,-93.0,-304.0,-237.0)
448       -4.6699e+01    (166.0,-93.0,-304.0,-237.0)
449       -4.6748e+01    (166.0,-93.0,-303.0,-237.0)
450       -4.6730e+01    (166.0,-93.0,-303.0,-238.0)
451       -4.6811e+01    (167.0,-93.0,-303.0,-238.0)
452       -4.6830e+01    (167.0,-93.0,-303.0,-237.0)
453       -4.6897e+01    (167.0,-92.0,-303.0,-237.0)
454       -4.6815e+01    (166.0,-92.0,-303.0,-237.0)
455       -4.6826e+01    (166.0,-92.0,-303.0,-236.0)
456       -4.6730e+01    (166.0,-92.0,-302.0,-236.0)
457       -4.6612e+01    (166.0,-92.0,-302.0,-235.0)
458       -4.6373e+01    (166.0,-92.0,-301.0,-235.0)
459       -4.6135e+01    (166.0,-92.0,-301.0,-234.0)
460       -4.5843e+01    (166.0,-92.0,-300.0,-234.0)
461       -4.5609e+01    (166.0,-92.0,-300.0,-233.0)
462       -4.5368e+01    (166.0,-93.0,-300.0,-233.0)
463       -4.5157e+01    (166.0,-93.0,-299.0,-233.0)
464       -4.5037e+01    (166.0,-93.0,-299.0,-232.0)
465       -4.5093e+01    (166.0,-93.0,-298.0,-232.0)
466       -4.5124e+01    (166.0,-93.0,-298.0,-231.0)
467       -4.5117e+01    (166.0,-93.0,-299.0,-231.0)
468       -4.5197e+01    (167.0,-93.0,-299.0,-231.0)
469       -4.5116e+01    (167.0,-93.0,-299.0,-232.0)
470       -4.5173e+01    (167.0,-93.0,-298.0,-232.0)
471       -4.5205e+01    (167.0,-93.0,-298.0,-231.0)
472       -4.5299e+01    (167.0,-94.0,-298.0,-231.0)
473       -4.5218e+01    (166.0,-94.0,-298.0,-231.0)
474       -4.5201e+01    (166.0,-94.0,-298.0,-232.0)
475       -4.5165e+01    (166.0,-94.0,-299.0,-232.0)
476       -4.5226e+01    (166.0,-94.0,-299.0,-231.0)
477       -4.5307e+01    (167.0,-94.0,-299.0,-231.0)
478       -4.5245e+01    (167.0,-94.0,-299.0,-232.0)
479       -4.5281e+01    (167.0,-94.0,-298.0,-232.0)
480       -4.5401e+01    (167.0,-94.0,-298.0,-233.0)
481       -4.5293e+01    (167.0,-93.0,-298.0,-233.0)
482       -4.5212e+01    (166.0,-93.0,-298.0,-233.0)
483       -4.5320e+01    (166.0,-94.0,-298.0,-233.0)
484       -4.5286e+01    (166.0,-94.0,-299.0,-233.0)
485       -4.5365e+01    (167.0,-94.0,-299.0,-233.0)
486       -4.5237e+01    (167.0,-93.0,-299.0,-233.0)
487       -4.5447e+01    (167.0,-93.0,-300.0,-233.0)
488       -4.5327e+01    (167.0,-93.0,-300.0,-232.0)
489       -4.5247e+01    (166.0,-93.0,-300.0,-232.0)
490       -4.5313e+01    (166.0,-93.0,-300.0,-231.0)
491       -4.5394e+01    (167.0,-93.0,-300.0,-231.0)
492       -4.5498e+01    (167.0,-94.0,-300.0,-231.0)
493       -4.5418e+01    (166.0,-94.0,-300.0,-231.0)
494       -4.5370e+01    (166.0,-94.0,-300.0,-232.0)
495       -4.5450e+01    (167.0,-94.0,-300.0,-232.0)
496       -4.5570e+01    (167.0,-94.0,-300.0,-233.0)
497       -4.5490e+01    (166.0,-94.0,-300.0,-233.0)
498       -4.5777e+01    (166.0,-94.0,-300.0,-234.0)
499       -4.5586e+01    (166.0,-94.0,-299.0,-234.0)
500       -4.5479e+01    (166.0,-93.0,-299.0,-234.0)
501       -4.5483e+01    (166.0,-93.0,-298.0,-234.0)
502       -4.5563e+01    (167.0,-93.0,-298.0,-234.0)
503       -4.5559e+01    (167.0,-93.0,-299.0,-234.0)
504       -4.5667e+01    (167.0,-94.0,-299.0,-234.0)
505       -4.5656e+01    (167.0,-94.0,-298.0,-234.0)
506       -4.5575e+01    (166.0,-94.0,-298.0,-234.0)
507       -4.5698e+01    (166.0,-94.0,-297.0,-234.0)
508       -4.5534e+01    (166.0,-94.0,-297.0,-233.0)
509       -4.5416e+01    (166.0,-94.0,-297.0,-232.0)
510       -4.5346e+01    (166.0,-94.0,-297.0,-231.0)
511       -4.5283e+01    (166.0,-93.0,-297.0,-231.0)
512       -4.5258e+01    (166.0,-93.0,-297.0,-230.0)
513       -4.5238e+01    (166.0,-92.0,-297.0,-230.0)
514       -4.5189e+01    (166.0,-92.0,-296.0,-230.0)
515       -4.4991e+01    (166.0,-92.0,-296.0,-229.0)
516       -4.4801e+01    (166.0,-92.0,-296.0,-228.0)
517       -4.4500e+01    (166.0,-92.0,-295.0,-228.0)
518       -4.4261e+01    (166.0,-92.0,-295.0,-227.0)
519       -4.4010e+01    (166.0,-92.0,-294.0,-227.0)
520       -4.3759e+01    (166.0,-93.0,-294.0,-227.0)
521       -4.3581e+01    (166.0,-93.0,-294.0,-226.0)
522       -4.3528e+01    (166.0,-93.0,-293.0,-226.0)
523       -4.3543e+01    (166.0,-93.0,-293.0,-225.0)
524       -4.3612e+01    (166.0,-93.0,-294.0,-225.0)
525       -4.3692e+01    (167.0,-93.0,-294.0,-225.0)
526       -4.3623e+01    (167.0,-93.0,-293.0,-225.0)
527       -4.3608e+01    (167.0,-93.0,-293.0,-226.0)
528       -4.3660e+01    (167.0,-93.0,-294.0,-226.0)
529       -4.3792e+01    (167.0,-94.0,-294.0,-226.0)
530       -4.3713e+01    (166.0,-94.0,-294.0,-226.0)
531       -4.3650e+01    (166.0,-94.0,-293.0,-226.0)
532       -4.3652e+01    (166.0,-94.0,-293.0,-225.0)
533       -4.3729e+01    (166.0,-94.0,-294.0,-225.0)
534       -4.3809e+01    (167.0,-94.0,-294.0,-225.0)
535       -4.3733e+01    (167.0,-94.0,-293.0,-225.0)
536       -4.3730e+01    (167.0,-94.0,-293.0,-226.0)
537       -4.3889e+01    (167.0,-94.0,-292.0,-226.0)
538       -4.3801e+01    (167.0,-93.0,-292.0,-226.0)
539       -4.3720e+01    (166.0,-93.0,-292.0,-226.0)
540       -4.3677e+01    (166.0,-93.0,-292.0,-225.0)
541       -4.3720e+01    (166.0,-93.0,-292.0,-224.0)
542       -4.3712e+01    (166.0,-93.0,-293.0,-224.0)
543       -4.3793e+01    (166.0,-94.0,-293.0,-224.0)
544       -4.3786e+01    (166.0,-94.0,-292.0,-224.0)
545       -4.3759e+01    (166.0,-94.0,-292.0,-225.0)
546       -4.3808e+01    (166.0,-94.0,-292.0,-226.0)
547       -4.3950e+01    (166.0,-94.0,-292.0,-227.0)
548       -4.3815e+01    (166.0,-94.0,-293.0,-227.0)
549       -4.3698e+01    (166.0,-93.0,-293.0,-227.0)
550       -4.3778e+01    (167.0,-93.0,-293.0,-227.0)
551       -4.3838e+01    (167.0,-93.0,-294.0,-227.0)
552       -4.3963e+01    (167.0,-94.0,-294.0,-227.0)
553       -4.3883e+01    (166.0,-94.0,-294.0,-227.0)
554       -4.4182e+01    (166.0,-94.0,-295.0,-227.0)
555       -4.4023e+01    (166.0,-94.0,-295.0,-226.0)
556       -4.3910e+01    (166.0,-93.0,-295.0,-226.0)
557       -4.3910e+01    (166.0,-93.0,-295.0,-225.0)
558       -4.3991e+01    (167.0,-93.0,-295.0,-225.0)
559       -4.3990e+01    (167.0,-93.0,-295.0,-226.0)
560       -4.4104e+01    (167.0,-94.0,-295.0,-226.0)
561       -4.4093e+01    (167.0,-94.0,-295.0,-225.0)
562       -4.4012e+01    (166.0,-94.0,-295.0,-225.0)
563       -4.4123e+01    (166.0,-94.0,-295.0,-224.0)
564       -4.3901e+01    (166.0,-94.0,-294.0,-224.0)
565       -4.3816e+01    (166.0,-93.0,-294.0,-224.0)
566       -4.3897e+01    (167.0,-93.0,-294.0,-224.0)
567       -4.3793e+01    (167.0,-93.0,-293.0,-224.0)
568       -4.3803e+01    (167.0,-93.0,-292.0,-224.0)
569       -4.3759e+01    (167.0,-93.0,-292.0,-225.0)
570       -4.3840e+01    (167.0,-94.0,-292.0,-225.0)
571       -4.3869e+01    (167.0,-94.0,-292.0,-224.0)
572       -4.3875e+01    (167.0,-94.0,-293.0,-224.0)
573       -4.3983e+01    (167.0,-94.0,-294.0,-224.0)
574       -4.4205e+01    (167.0,-94.0,-295.0,-224.0)
575       -4.4128e+01    (167.0,-93.0,-295.0,-224.0)
576       -4.4046e+01    (166.0,-93.0,-295.0,-224.0)
577       -4.4116e+01    (166.0,-92.0,-295.0,-224.0)
578       -4.3917e+01    (166.0,-92.0,-294.0,-224.0)
579       -4.3797e+01    (166.0,-92.0,-293.0,-224.0)
580       -4.3735e+01    (166.0,-92.0,-293.0,-225.0)
581       -4.3763e+01    (166.0,-92.0,-292.0,-225.0)
582       -4.3747e+01    (166.0,-92.0,-292.0,-224.0)
583       -4.3735e+01    (166.0,-92.0,-291.0,-224.0)
584       -4.3607e+01    (166.0,-92.0,-291.0,-223.0)
585       -4.3454e+01    (166.0,-92.0,-290.0,-223.0)
586       -4.3191e+01    (166.0,-92.0,-290.0,-222.0)
587       -4.2956e+01    (166.0,-92.0,-289.0,-222.0)
588       -4.2669e+01    (166.0,-92.0,-289.0,-221.0)
589       -4.2454e+01    (166.0,-93.0,-289.0,-221.0)
590       -4.2228e+01    (166.0,-93.0,-289.0,-220.0)
591       -4.2054e+01    (166.0,-93.0,-288.0,-220.0)
592       -4.2029e+01    (166.0,-93.0,-288.0,-219.0)
593       -4.2101e+01    (166.0,-93.0,-287.0,-219.0)
594       -4.2151e+01    (166.0,-93.0,-287.0,-220.0)
595       -4.2231e+01    (167.0,-93.0,-287.0,-220.0)
596       -4.2134e+01    (167.0,-93.0,-288.0,-220.0)
597       -4.2108e+01    (167.0,-93.0,-288.0,-219.0)
598       -4.2182e+01    (167.0,-93.0,-287.0,-219.0)
599       -4.2264e+01    (167.0,-93.0,-287.0,-218.0)
600       -4.2182e+01    (166.0,-93.0,-287.0,-218.0)
601       -4.2187e+01    (166.0,-93.0,-288.0,-218.0)
602       -4.2268e+01    (167.0,-93.0,-288.0,-218.0)
603       -4.2363e+01    (167.0,-94.0,-288.0,-218.0)
604       -4.2230e+01    (167.0,-94.0,-288.0,-219.0)
605       -4.2150e+01    (166.0,-94.0,-288.0,-219.0)
606       -4.2184e+01    (166.0,-94.0,-288.0,-220.0)
607       -4.2257e+01    (166.0,-94.0,-287.0,-220.0)
608       -4.2201e+01    (166.0,-94.0,-287.0,-219.0)
609       -4.2263e+01    (166.0,-94.0,-287.0,-218.0)
610       -4.2282e+01    (166.0,-94.0,-288.0,-218.0)
611       -4.2442e+01    (166.0,-94.0,-289.0,-218.0)
612       -4.2319e+01    (166.0,-94.0,-289.0,-219.0)
613       -4.2200e+01    (166.0,-93.0,-289.0,-219.0)
614       -4.2280e+01    (167.0,-93.0,-289.0,-219.0)
615       -4.2308e+01    (167.0,-93.0,-289.0,-220.0)
616       -4.2435e+01    (167.0,-94.0,-289.0,-220.0)
617       -4.2264e+01    (167.0,-94.0,-288.0,-220.0)
618       -4.2337e+01    (167.0,-94.0,-287.0,-220.0)
619       -4.2282e+01    (167.0,-94.0,-287.0,-219.0)
620       -4.2345e+01    (167.0,-94.0,-287.0,-218.0)
621       -4.2428e+01    (167.0,-94.0,-286.0,-218.0)
622       -4.2345e+01    (166.0,-94.0,-286.0,-218.0)
623       -4.2289e+01    (166.0,-93.0,-286.0,-218.0)
624       -4.2254e+01    (166.0,-93.0,-286.0,-217.0)
625       -4.2167e+01    (166.0,-93.0,-285.0,-217.0)
626       -4.1900e+01    (166.0,-93.0,-285.0,-216.0)
627       -4.1615e+01    (166.0,-93.0,-284.0,-216.0)
628       -4.1227e+01    (166.0,-93.0,-284.0,-215.0)
629       -4.0968e+01    (166.0,-93.0,-283.0,-215.0)
630       -4.0682e+01    (166.0,-93.0,-283.0,-214.0)
631       -4.0602e+01    (166.0,-93.0,-283.0,-213.0)
632       -4.0581e+01    (166.0,-93.0,-282.0,-213.0)
633       -4.0661e+01    (167.0,-93.0,-282.0,-213.0)
634       -4.0681e+01    (167.0,-93.0,-283.0,-213.0)
635       -4.0761e+01    (167.0,-93.0,-283.0,-214.0)
636       -4.0744e+01    (167.0,-93.0,-282.0,-214.0)
637       -4.0664e+01    (166.0,-93.0,-282.0,-214.0)
638       -4.0782e+01    (166.0,-94.0,-282.0,-214.0)
639       -4.0697e+01    (166.0,-94.0,-282.0,-213.0)
640       -4.0730e+01    (166.0,-94.0,-283.0,-213.0)
641       -4.0810e+01    (167.0,-94.0,-283.0,-213.0)
642       -4.0777e+01    (167.0,-94.0,-282.0,-213.0)
643       -4.0845e+01    (167.0,-94.0,-282.0,-212.0)
644       -4.0748e+01    (167.0,-93.0,-282.0,-212.0)
645       -4.0667e+01    (166.0,-93.0,-282.0,-212.0)
646       -4.0722e+01    (166.0,-93.0,-283.0,-212.0)
647       -4.0803e+01    (167.0,-93.0,-283.0,-212.0)
648       -4.0908e+01    (167.0,-94.0,-283.0,-212.0)
649       -4.0828e+01    (166.0,-94.0,-283.0,-212.0)
650       -4.0764e+01    (166.0,-94.0,-282.0,-212.0)
651       -4.0847e+01    (166.0,-94.0,-281.0,-212.0)
652       -4.0776e+01    (166.0,-93.0,-281.0,-212.0)
653       -4.0785e+01    (166.0,-93.0,-281.0,-213.0)
654       -4.0866e+01    (166.0,-94.0,-281.0,-213.0)
655       -4.0948e+01    (167.0,-94.0,-281.0,-213.0)
656       -4.0866e+01    (167.0,-93.0,-281.0,-213.0)
657       -4.0858e+01    (167.0,-93.0,-281.0,-212.0)
658       -4.0907e+01    (167.0,-92.0,-281.0,-212.0)
659       -4.0825e+01    (166.0,-92.0,-281.0,-212.0)
660       -4.0812e+01    (166.0,-92.0,-282.0,-212.0)
661       -4.0798e+01    (166.0,-92.0,-282.0,-213.0)
662       -4.0865e+01    (166.0,-92.0,-283.0,-213.0)
663       -4.0899e+01    (166.0,-92.0,-283.0,-212.0)
664       -4.0981e+01    (167.0,-92.0,-283.0,-212.0)
665       -4.0893e+01    (167.0,-92.0,-282.0,-212.0)
666       -4.0879e+01    (167.0,-92.0,-282.0,-213.0)
667       -4.0946e+01    (167.0,-92.0,-283.0,-213.0)
668       -4.1036e+01    (167.0,-92.0,-283.0,-214.0)
669       -4.0955e+01    (166.0,-92.0,-283.0,-214.0)
670       -4.0890e+01    (166.0,-92.0,-282.0,-214.0)
671       -4.0971e+01    (166.0,-92.0,-281.0,-214.0)
672       -4.0871e+01    (166.0,-92.0,-281.0,-213.0)
673       -4.0953e+01    (167.0,-92.0,-281.0,-213.0)
674       -4.1053e+01    (167.0,-92.0,-281.0,-214.0)
675       -4.0961e+01    (167.0,-93.0,-281.0,-214.0)
676       -4.0880e+01    (166.0,-93.0,-281.0,-214.0)
677       -4.0962e+01    (166.0,-94.0,-281.0,-214.0)
678       -4.1044e+01    (167.0,-94.0,-281.0,-214.0)
679       -4.0863e+01    (167.0,-94.0,-282.0,-214.0)
680       -4.0892e+01    (167.0,-94.0,-283.0,-214.0)
681       -4.0812e+01    (166.0,-94.0,-283.0,-214.0)
682       -4.1080e+01    (166.0,-94.0,-283.0,-215.0)
683       -4.1027e+01    (166.0,-94.0,-282.0,-215.0)
684       -4.0924e+01    (166.0,-93.0,-282.0,-215.0)
685       -4.1004e+01    (167.0,-93.0,-282.0,-215.0)
686       -4.1048e+01    (167.0,-93.0,-283.0,-215.0)
687       -4.1161e+01    (167.0,-94.0,-283.0,-215.0)
688       -4.1108e+01    (167.0,-94.0,-282.0,-215.0)
689       -4.1221e+01    (167.0,-94.0,-281.0,-215.0)
690       -4.1139e+01    (166.0,-94.0,-281.0,-215.0)
691       -4.1064e+01    (166.0,-93.0,-281.0,-215.0)
692       -4.1125e+01    (166.0,-92.0,-281.0,-215.0)
693       -4.1092e+01    (166.0,-92.0,-282.0,-215.0)
694       -4.1173e+01    (166.0,-92.0,-283.0,-215.0)
695       -4.1254e+01    (167.0,-92.0,-283.0,-215.0)
696       -4.1174e+01    (167.0,-92.0,-282.0,-215.0)
697       -4.0971e+01    (167.0,-92.0,-282.0,-214.0)
698       -4.1414e+01    (167.0,-91.0,-282.0,-214.0)
699       -4.1252e+01    (167.0,-91.0,-281.0,-214.0)
700       -4.1085e+01    (167.0,-91.0,-280.0,-214.0)
701       -4.0920e+01    (167.0,-91.0,-279.0,-214.0)
702       -4.0516e+01    (167.0,-90.0,-279.0,-214.0)
703       -4.0193e+01    (167.0,-90.0,-278.0,-214.0)
704       -3.9896e+01    (167.0,-89.0,-278.0,-214.0)
705       -3.9761e+01    (167.0,-89.0,-277.0,-214.0)
706       -3.9681e+01    (167.0,-89.0,-277.0,-213.0)
707       -3.9601e+01    (166.0,-89.0,-277.0,-213.0)
708       -3.9681e+01    (166.0,-89.0,-277.0,-214.0)
709       -3.9780e+01    (166.0,-88.0,-277.0,-214.0)
710       -3.9695e+01    (166.0,-88.0,-277.0,-213.0)
711       -3.9771e+01    (166.0,-88.0,-277.0,-212.0)
712       -3.9715e+01    (166.0,-89.0,-277.0,-212.0)
713       -3.9765e+01    (166.0,-89.0,-276.0,-212.0)
714       -3.9723e+01    (166.0,-89.0,-276.0,-213.0)
715       -3.9771e+01    (166.0,-88.0,-276.0,-213.0)
716       -3.9788e+01    (166.0,-88.0,-276.0,-212.0)
717       -3.9869e+01    (167.0,-88.0,-276.0,-212.0)
718       -3.9846e+01    (167.0,-89.0,-276.0,-212.0)
719       -3.9796e+01    (167.0,-89.0,-277.0,-212.0)
720       -3.9852e+01    (167.0,-88.0,-277.0,-212.0)
721       -3.9775e+01    (167.0,-88.0,-277.0,-213.0)
722       -3.9853e+01    (167.0,-88.0,-276.0,-213.0)
723       -3.9804e+01    (167.0,-89.0,-276.0,-213.0)
724       -3.9892e+01    (167.0,-89.0,-276.0,-214.0)
725       -3.9812e+01    (166.0,-89.0,-276.0,-214.0)
726       -3.9864e+01    (166.0,-88.0,-276.0,-214.0)
727       -3.9945e+01    (167.0,-88.0,-276.0,-214.0)
728       -3.9860e+01    (167.0,-88.0,-277.0,-214.0)
729       -3.9996e+01    (167.0,-88.0,-278.0,-214.0)
730       -3.9911e+01    (167.0,-88.0,-278.0,-213.0)
731       -3.9816e+01    (167.0,-89.0,-278.0,-213.0)
732       -3.9737e+01    (166.0,-89.0,-278.0,-213.0)
733       -3.9817e+01    (166.0,-89.0,-278.0,-214.0)
734       -3.9916e+01    (166.0,-88.0,-278.0,-214.0)
735       -3.9831e+01    (166.0,-88.0,-278.0,-213.0)
736       -3.9908e+01    (166.0,-88.0,-278.0,-212.0)
737       -3.9852e+01    (166.0,-89.0,-278.0,-212.0)
738       -3.9932e+01    (167.0,-89.0,-278.0,-212.0)
739       -3.9989e+01    (167.0,-88.0,-278.0,-212.0)
740       -4.0183e+01    (167.0,-88.0,-278.0,-211.0)
741       -4.0045e+01    (167.0,-88.0,-277.0,-211.0)
742       -3.9963e+01    (166.0,-88.0,-277.0,-211.0)
743       -3.9882e+01    (166.0,-88.0,-276.0,-211.0)
744       -3.9840e+01    (166.0,-88.0,-275.0,-211.0)
745       -3.9777e+01    (165.0,-88.0,-275.0,-211.0)
746       -3.9648e+01    (165.0,-88.0,-274.0,-211.0)
747       -3.9485e+01    (164.0,-88.0,-274.0,-211.0)
748       -3.9279e+01    (164.0,-88.0,-273.0,-211.0)
749       -3.9119e+01    (164.0,-88.0,-272.0,-211.0)
750       -3.8939e+01    (164.0,-88.0,-272.0,-212.0)
751       -3.8783e+01    (163.0,-88.0,-272.0,-212.0)
752       -3.8687e+01    (163.0,-88.0,-272.0,-213.0)
753       -3.8577e+01    (163.0,-89.0,-272.0,-213.0)
754       -3.8604e+01    (163.0,-89.0,-271.0,-213.0)
755       -3.8685e+01    (163.0,-88.0,-271.0,-213.0)
756       -3.8745e+01    (163.0,-88.0,-271.0,-212.0)
757       -3.8698e+01    (163.0,-89.0,-271.0,-212.0)
758       -3.8717e+01    (163.0,-89.0,-272.0,-212.0)
759       -3.8888e+01    (164.0,-89.0,-272.0,-212.0)
760       -3.8783e+01    (164.0,-89.0,-272.0,-213.0)
761       -3.8787e+01    (164.0,-89.0,-271.0,-213.0)
762       -3.8850e+01    (164.0,-88.0,-271.0,-213.0)
763       -3.8871e+01    (164.0,-88.0,-272.0,-213.0)
764       -3.8956e+01    (164.0,-88.0,-272.0,-214.0)
765       -3.8769e+01    (163.0,-88.0,-272.0,-214.0)
766       -3.8654e+01    (163.0,-89.0,-272.0,-214.0)
767       -3.8687e+01    (163.0,-89.0,-271.0,-214.0)
768       -3.8772e+01    (163.0,-88.0,-271.0,-214.0)
769       -3.8940e+01    (164.0,-88.0,-271.0,-214.0)
770       -3.8873e+01    (164.0,-89.0,-271.0,-214.0)
771       -3.8864e+01    (164.0,-89.0,-272.0,-214.0)
772       -3.9110e+01    (164.0,-89.0,-273.0,-214.0)
773       -3.8918e+01    (163.0,-89.0,-273.0,-214.0)
774       -3.8837e+01    (163.0,-89.0,-273.0,-213.0)
775       -3.8925e+01    (163.0,-88.0,-273.0,-213.0)
776       -3.8993e+01    (163.0,-88.0,-273.0,-212.0)
777       -3.8942e+01    (163.0,-89.0,-273.0,-212.0)
778       -3.9101e+01    (164.0,-89.0,-273.0,-212.0)
779       -3.9025e+01    (164.0,-89.0,-273.0,-213.0)
780       -3.9095e+01    (164.0,-88.0,-273.0,-213.0)
781       -3.9139e+01    (164.0,-88.0,-273.0,-212.0)
782       -3.9364e+01    (164.0,-87.0,-273.0,-212.0)
783       -3.9208e+01    (164.0,-87.0,-272.0,-212.0)
784       -3.9098e+01    (164.0,-87.0,-271.0,-212.0)
785       -3.8887e+01    (164.0,-88.0,-271.0,-212.0)
786       -3.8853e+01    (164.0,-89.0,-271.0,-212.0)
787       -3.8964e+01    (164.0,-89.0,-270.0,-212.0)
788       -3.8849e+01    (163.0,-89.0,-270.0,-212.0)
789       -3.8846e+01    (163.0,-88.0,-270.0,-212.0)
790       -3.8862e+01    (163.0,-88.0,-270.0,-211.0)
791       -3.8836e+01    (162.0,-88.0,-270.0,-211.0)
792       -3.8726e+01    (162.0,-88.0,-269.0,-211.0)
793       -3.8604e+01    (162.0,-88.0,-269.0,-210.0)
794       -3.8449e+01    (162.0,-88.0,-268.0,-210.0)
795       -3.8293e+01    (162.0,-88.0,-268.0,-209.0)
796       -3.8089e+01    (163.0,-88.0,-268.0,-209.0)
797       -3.7813e+01    (163.0,-88.0,-267.0,-209.0)
798       -3.7506e+01    (163.0,-88.0,-267.0,-208.0)
799       -3.7373e+01    (163.0,-88.0,-267.0,-207.0)
800       -3.7262e+01    (163.0,-89.0,-267.0,-207.0)
801       -3.7167e+01    (163.0,-89.0,-266.0,-207.0)
802       -3.7240e+01    (163.0,-89.0,-266.0,-206.0)
803       -3.7315e+01    (163.0,-88.0,-266.0,-206.0)
804       -3.7272e+01    (163.0,-88.0,-266.0,-207.0)
805       -3.7401e+01    (163.0,-88.0,-265.0,-207.0)
806       -3.7351e+01    (163.0,-89.0,-265.0,-207.0)
807       -3.7359e+01    (163.0,-89.0,-265.0,-206.0)
808       -3.7389e+01    (163.0,-88.0,-265.0,-206.0)
809       -3.7465e+01    (163.0,-88.0,-265.0,-205.0)
810       -3.7472e+01    (163.0,-89.0,-265.0,-205.0)
811       -3.7480e+01    (163.0,-89.0,-266.0,-205.0)
812       -3.7495e+01    (163.0,-88.0,-266.0,-205.0)
813       -3.7616e+01    (163.0,-88.0,-267.0,-205.0)
814       -3.7422e+01    (163.0,-88.0,-267.0,-206.0)
815       -3.7343e+01    (163.0,-89.0,-267.0,-206.0)
816       -3.7524e+01    (164.0,-89.0,-267.0,-206.0)
817       -3.7417e+01    (164.0,-89.0,-266.0,-206.0)
818       -3.7369e+01    (164.0,-89.0,-266.0,-207.0)
819       -3.7453e+01    (164.0,-88.0,-266.0,-207.0)
820       -3.7475e+01    (164.0,-88.0,-266.0,-206.0)
821       -3.7521e+01    (164.0,-88.0,-265.0,-206.0)
822       -3.7501e+01    (164.0,-89.0,-265.0,-206.0)
823       -3.7508e+01    (164.0,-89.0,-265.0,-207.0)
824       -3.7545e+01    (164.0,-88.0,-265.0,-207.0)
825       -3.7663e+01    (164.0,-88.0,-265.0,-208.0)
826       -3.7522e+01    (163.0,-88.0,-265.0,-208.0)
827       -3.7403e+01    (163.0,-88.0,-266.0,-208.0)
828       -3.7304e+01    (163.0,-89.0,-266.0,-208.0)
829       -3.7400e+01    (163.0,-89.0,-267.0,-208.0)
830       -3.7603e+01    (164.0,-89.0,-267.0,-208.0)
831       -3.7469e+01    (164.0,-89.0,-267.0,-207.0)
832       -3.7559e+01    (164.0,-88.0,-267.0,-207.0)
833       -3.7587e+01    (164.0,-88.0,-267.0,-206.0)
834       -3.7738e+01    (164.0,-88.0,-267.0,-205.0)
835       -3.7616e+01    (164.0,-88.0,-266.0,-205.0)
836       -3.7572e+01    (164.0,-88.0,-265.0,-205.0)
837       -3.7577e+01    (164.0,-88.0,-264.0,-205.0)
838       -3.7492e+01    (164.0,-88.0,-264.0,-204.0)
839       -3.7323e+01    (164.0,-88.0,-263.0,-204.0)
840       -3.7067e+01    (164.0,-88.0,-263.0,-203.0)
841       -3.6790e+01    (164.0,-88.0,-262.0,-203.0)
842       -3.6497e+01    (164.0,-88.0,-262.0,-202.0)
843       -3.6306e+01    (164.0,-88.0,-261.0,-202.0)
844       -3.6128e+01    (163.0,-88.0,-261.0,-202.0)
845       -3.5945e+01    (163.0,-88.0,-261.0,-201.0)
846       -3.5829e+01    (163.0,-89.0,-261.0,-201.0)
847       -3.5855e+01    (163.0,-89.0,-261.0,-200.0)
848       -3.5901e+01    (163.0,-89.0,-260.0,-200.0)
849       -3.5903e+01    (163.0,-89.0,-260.0,-201.0)
850       -3.5984e+01    (163.0,-88.0,-260.0,-201.0)
851       -3.5965e+01    (163.0,-88.0,-260.0,-200.0)
852       -3.5950e+01    (163.0,-88.0,-261.0,-200.0)
853       -3.6116e+01    (163.0,-88.0,-261.0,-199.0)
854       -3.6073e+01    (163.0,-88.0,-260.0,-199.0)
855       -3.6053e+01    (163.0,-89.0,-260.0,-199.0)
856       -3.6078e+01    (163.0,-89.0,-261.0,-199.0)
857       -3.6226e+01    (164.0,-89.0,-261.0,-199.0)
858       -3.6049e+01    (164.0,-89.0,-261.0,-200.0)
859       -3.6040e+01    (164.0,-89.0,-261.0,-201.0)
860       -3.6086e+01    (164.0,-89.0,-260.0,-201.0)
861       -3.6070e+01    (164.0,-89.0,-260.0,-200.0)
862       -3.6119e+01    (164.0,-88.0,-260.0,-200.0)
863       -3.6124e+01    (164.0,-88.0,-261.0,-200.0)
864       -3.6134e+01    (164.0,-88.0,-261.0,-201.0)
865       -3.6149e+01    (164.0,-88.0,-260.0,-201.0)
866       -3.6305e+01    (164.0,-88.0,-260.0,-202.0)
867       -3.6149e+01    (163.0,-88.0,-260.0,-202.0)
868       -3.6081e+01    (163.0,-89.0,-260.0,-202.0)
869       -3.6029e+01    (163.0,-89.0,-261.0,-202.0)
870       -3.6226e+01    (164.0,-89.0,-261.0,-202.0)
871       -3.6253e+01    (164.0,-89.0,-260.0,-202.0)
872       -3.6459e+01    (164.0,-89.0,-259.0,-202.0)
873       -3.6332e+01    (164.0,-89.0,-259.0,-201.0)
874       -3.6211e+01    (163.0,-89.0,-259.0,-201.0)
875       -3.6150e+01    (163.0,-89.0,-259.0,-200.0)
876       -3.6148e+01    (163.0,-88.0,-259.0,-200.0)
877       -3.6129e+01    (163.0,-88.0,-259.0,-199.0)
878       -3.6140e+01    (163.0,-88.0,-259.0,-198.0)
879       -3.6028e+01    (163.0,-88.0,-258.0,-198.0)
880       -3.5831e+01    (163.0,-88.0,-258.0,-197.0)
881       -3.5537e+01    (163.0,-88.0,-257.0,-197.0)
882       -3.5223e+01    (163.0,-88.0,-257.0,-196.0)
883       -3.4944e+01    (163.0,-88.0,-256.0,-196.0)
884       -3.4713e+01    (163.0,-88.0,-256.0,-195.0)
885       -3.4598e+01    (163.0,-89.0,-256.0,-195.0)
886       -3.4545e+01    (163.0,-89.0,-255.0,-195.0)
887       -3.4506e+01    (163.0,-89.0,-255.0,-194.0)
888       -3.4564e+01    (163.0,-89.0,-256.0,-194.0)
889       -3.4668e+01    (163.0,-88.0,-256.0,-194.0)
890       -3.4598e+01    (163.0,-88.0,-255.0,-194.0)
891       -3.4647e+01    (163.0,-88.0,-255.0,-195.0)
892       -3.4806e+01    (163.0,-88.0,-254.0,-195.0)
893       -3.4737e+01    (163.0,-88.0,-254.0,-194.0)
894       -3.4701e+01    (163.0,-89.0,-254.0,-194.0)
895       -3.4751e+01    (163.0,-89.0,-254.0,-193.0)
896       -3.4659e+01    (163.0,-89.0,-255.0,-193.0)
897       -3.4707e+01    (163.0,-88.0,-255.0,-193.0)
898       -3.4761e+01    (163.0,-88.0,-254.0,-193.0)
899       -3.4849e+01    (163.0,-88.0,-254.0,-192.0)
900       -3.4798e+01    (163.0,-88.0,-253.0,-192.0)
901       -3.4697e+01    (163.0,-88.0,-253.0,-191.0)
902       -3.4440e+01    (163.0,-88.0,-252.0,-191.0)
903       -3.4166e+01    (163.0,-88.0,-252.0,-190.0)
904       -3.3837e+01    (163.0,-88.0,-251.0,-190.0)
905       -3.3574e+01    (163.0,-88.0,-251.0,-189.0)
906       -3.3401e+01    (163.0,-88.0,-250.0,-189.0)
907       -3.3291e+01    (163.0,-89.0,-250.0,-189.0)
908       -3.3196e+01    (163.0,-89.0,-250.0,-188.0)
909       -3.3301e+01    (163.0,-89.0,-249.0,-188.0)
910       -3.3367e+01    (163.0,-89.0,-249.0,-187.0)
911       -3.3318e+01    (163.0,-89.0,-250.0,-187.0)
912       -3.3391e+01    (163.0,-88.0,-250.0,-187.0)
913       -3.3306e+01    (163.0,-88.0,-250.0,-188.0)
914       -3.3371e+01    (163.0,-88.0,-249.0,-188.0)
915       -3.3410e+01    (163.0,-88.0,-249.0,-187.0)
916       -3.3549e+01    (164.0,-88.0,-249.0,-187.0)
917       -3.3519e+01    (164.0,-89.0,-249.0,-187.0)
918       -3.3475e+01    (164.0,-89.0,-249.0,-188.0)
919       -3.3402e+01    (164.0,-89.0,-250.0,-188.0)
920       -3.3491e+01    (164.0,-88.0,-250.0,-188.0)
921       -3.3529e+01    (164.0,-88.0,-249.0,-188.0)
922       -3.3624e+01    (164.0,-88.0,-249.0,-189.0)
923       -3.3466e+01    (163.0,-88.0,-249.0,-189.0)
924       -3.3396e+01    (163.0,-89.0,-249.0,-189.0)
925       -3.3570e+01    (164.0,-89.0,-249.0,-189.0)
926       -3.3497e+01    (164.0,-89.0,-250.0,-189.0)
927       -3.3586e+01    (164.0,-88.0,-250.0,-189.0)
928       -3.3752e+01    (164.0,-88.0,-251.0,-189.0)
929       -3.3657e+01    (164.0,-88.0,-251.0,-188.0)
930       -3.3479e+01    (163.0,-88.0,-251.0,-188.0)
931       -3.3379e+01    (163.0,-89.0,-251.0,-188.0)
932       -3.3474e+01    (163.0,-89.0,-251.0,-189.0)
933       -3.3672e+01    (164.0,-89.0,-251.0,-189.0)
934       -3.3577e+01    (164.0,-89.0,-251.0,-188.0)
935       -3.3657e+01    (164.0,-89.0,-251.0,-187.0)
936       -3.3487e+01    (163.0,-89.0,-251.0,-187.0)
937       -3.3552e+01    (163.0,-88.0,-251.0,-187.0)
938       -3.3707e+01    (164.0,-88.0,-251.0,-187.0)
939       -3.3550e+01    (164.0,-88.0,-250.0,-187.0)
940       -3.3494e+01    (164.0,-89.0,-250.0,-187.0)
941       -3.3715e+01    (164.0,-90.0,-250.0,-187.0)
942       -3.3568e+01    (163.0,-90.0,-250.0,-187.0)
943       -3.3511e+01    (163.0,-90.0,-250.0,-188.0)
944       -3.3547e+01    (163.0,-90.0,-249.0,-188.0)
945       -3.3564e+01    (163.0,-90.0,-249.0,-187.0)
946       -3.3667e+01    (163.0,-90.0,-249.0,-186.0)
947       -3.3556e+01    (163.0,-89.0,-249.0,-186.0)
948       -3.3550e+01    (163.0,-88.0,-249.0,-186.0)
949       -3.3545e+01    (163.0,-88.0,-248.0,-186.0)
950       -3.3509e+01    (162.0,-88.0,-248.0,-186.0)
951       -3.3416e+01    (162.0,-88.0,-247.0,-186.0)
952       -3.3256e+01    (161.0,-88.0,-247.0,-186.0)
953       -3.3047e+01    (161.0,-88.0,-246.0,-186.0)
954       -3.2886e+01    (161.0,-88.0,-245.0,-186.0)
955       -3.2737e+01    (161.0,-88.0,-245.0,-187.0)
956       -3.2499e+01    (160.0,-88.0,-245.0,-187.0)
957       -3.2404e+01    (160.0,-88.0,-245.0,-188.0)
958       -3.2284e+01    (160.0,-89.0,-245.0,-188.0)
959       -3.2274e+01    (160.0,-89.0,-244.0,-188.0)
960       -3.2369e+01    (160.0,-89.0,-244.0,-189.0)
961       -3.2380e+01    (160.0,-89.0,-245.0,-189.0)
962       -3.2499e+01    (160.0,-88.0,-245.0,-189.0)
963       -3.2468e+01    (160.0,-88.0,-244.0,-189.0)
964       -3.2373e+01    (160.0,-88.0,-244.0,-188.0)
965       -3.2446e+01    (160.0,-88.0,-244.0,-187.0)
966       -3.2381e+01    (160.0,-89.0,-244.0,-187.0)
967       -3.2419e+01    (160.0,-89.0,-245.0,-187.0)
968       -3.2681e+01    (160.0,-90.0,-245.0,-187.0)
969       -3.2616e+01    (160.0,-90.0,-245.0,-188.0)
970       -3.2571e+01    (160.0,-90.0,-244.0,-188.0)
971       -3.2617e+01    (160.0,-90.0,-244.0,-187.0)
972       -3.2694e+01    (160.0,-90.0,-243.0,-187.0)
973       -3.2547e+01    (160.0,-89.0,-243.0,-187.0)
974       -3.2531e+01    (160.0,-89.0,-243.0,-188.0)
975       -3.2565e+01    (160.0,-88.0,-243.0,-188.0)
976       -3.2561e+01    (160.0,-88.0,-243.0,-187.0)
977       -3.2626e+01    (160.0,-88.0,-243.0,-186.0)
978       -3.2625e+01    (159.0,-88.0,-243.0,-186.0)
979       -3.2554e+01    (159.0,-88.0,-242.0,-186.0)
980       -3.2449e+01    (159.0,-88.0,-242.0,-185.0)
981       -3.2302e+01    (159.0,-88.0,-241.0,-185.0)
982       -3.2133e+01    (159.0,-88.0,-241.0,-184.0)
983       -3.1954e+01    (159.0,-88.0,-240.0,-184.0)
984       -3.1726e+01    (160.0,-88.0,-240.0,-184.0)
985       -3.1409e+01    (160.0,-88.0,-240.0,-183.0)
986       -3.1264e+01    (160.0,-88.0,-240.0,-182.0)
987       -3.1124e+01    (160.0,-88.0,-239.0,-182.0)
988       -3.1005e+01    (160.0,-89.0,-239.0,-182.0)
989       -3.1076e+01    (160.0,-89.0,-239.0,-181.0)
990       -3.1167e+01    (160.0,-88.0,-239.0,-181.0)
991       -3.1238e+01    (160.0,-88.0,-238.0,-181.0)
992       -3.1188e+01    (160.0,-89.0,-238.0,-181.0)
993       -3.1164e+01    (160.0,-89.0,-238.0,-182.0)
994       -3.1235e+01    (160.0,-88.0,-238.0,-182.0)
995       -3.1365e+01    (160.0,-88.0,-238.0,-183.0)
996       -3.1270e+01    (160.0,-88.0,-239.0,-183.0)
997       -3.1163e+01    (160.0,-89.0,-239.0,-183.0)
998       -3.1302e+01    (160.0,-89.0,-238.0,-183.0)
999       -3.1534e+01    (160.0,-90.0,-238.0,-183.0)
