# run = 15
occ          S   
0         (343.0,24.0,-457.0,195.0)
0         (343.0,25.0,-457.0,195.0)
0         (343.0,26.0,-457.0,195.0)
0         (342.0,26.0,-457.0,195.0)
0         (342.0,26.0,-456.0,195.0)
0         (342.0,26.0,-456.0,194.0)
0         (342.0,27.0,-456.0,194.0)
0         (342.0,27.0,-456.0,195.0)
0         (342.0,27.0,-457.0,195.0)
0         (342.0,27.0,-457.0,194.0)
0         (342.0,26.0,-457.0,194.0)
0         (342.0,26.0,-457.0,193.0)
0         (342.0,26.0,-456.0,193.0)
0         (342.0,27.0,-456.0,193.0)
0         (342.0,27.0,-455.0,193.0)
0         (341.0,27.0,-455.0,193.0)
0         (341.0,27.0,-454.0,193.0)
0         (340.0,27.0,-454.0,193.0)
0         (340.0,27.0,-453.0,193.0)
0         (340.0,27.0,-452.0,193.0)
0         (339.0,27.0,-452.0,193.0)
0         (339.0,27.0,-451.0,193.0)
0         (339.0,27.0,-451.0,194.0)
0         (339.0,27.0,-451.0,195.0)
0         (339.0,26.0,-451.0,195.0)
0         (339.0,26.0,-451.0,194.0)
0         (339.0,26.0,-450.0,194.0)
0         (339.0,27.0,-450.0,194.0)
0         (339.0,27.0,-450.0,195.0)
0         (339.0,26.0,-450.0,195.0)
0         (339.0,26.0,-450.0,196.0)
0         (339.0,27.0,-450.0,196.0)
0         (339.0,27.0,-451.0,196.0)
0         (339.0,26.0,-451.0,196.0)
0         (339.0,26.0,-452.0,196.0)
0         (339.0,26.0,-452.0,195.0)
0         (339.0,27.0,-452.0,195.0)
0         (339.0,27.0,-452.0,194.0)
0         (339.0,26.0,-452.0,194.0)
0         (339.0,26.0,-452.0,193.0)
0         (339.0,26.0,-451.0,193.0)
0         (339.0,26.0,-450.0,193.0)
0         (339.0,27.0,-450.0,193.0)
0         (338.0,27.0,-450.0,193.0)
0         (338.0,27.0,-449.0,193.0)
0         (337.0,27.0,-449.0,193.0)
0         (337.0,27.0,-448.0,193.0)
0         (337.0,27.0,-447.0,193.0)
0         (336.0,27.0,-447.0,193.0)
0         (336.0,27.0,-446.0,193.0)
0         (336.0,27.0,-446.0,194.0)
0         (336.0,27.0,-445.0,194.0)
0         (336.0,26.0,-445.0,194.0)
0         (336.0,26.0,-446.0,194.0)
0         (336.0,26.0,-446.0,195.0)
0         (336.0,27.0,-446.0,195.0)
0         (336.0,27.0,-445.0,195.0)
0         (336.0,26.0,-445.0,195.0)
0         (336.0,26.0,-444.0,195.0)
0         (336.0,26.0,-444.0,194.0)
0         (335.0,26.0,-444.0,194.0)
0         (335.0,26.0,-444.0,193.0)
0         (335.0,26.0,-443.0,193.0)
0         (334.0,26.0,-443.0,193.0)
0         (334.0,26.0,-442.0,193.0)
0         (333.0,26.0,-442.0,193.0)
0         (333.0,26.0,-441.0,193.0)
0         (333.0,26.0,-440.0,193.0)
0         (333.0,26.0,-440.0,194.0)
0         (333.0,27.0,-440.0,194.0)
0         (333.0,27.0,-440.0,195.0)
0         (333.0,26.0,-440.0,195.0)
0         (333.0,26.0,-439.0,195.0)
0         (333.0,26.0,-439.0,194.0)
0         (333.0,27.0,-439.0,194.0)
0         (333.0,27.0,-439.0,193.0)
0         (332.0,27.0,-439.0,193.0)
0         (332.0,27.0,-438.0,193.0)
0         (331.0,27.0,-438.0,193.0)
0         (331.0,27.0,-437.0,193.0)
0         (330.0,27.0,-437.0,193.0)
0         (330.0,27.0,-436.0,193.0)
0         (330.0,27.0,-435.0,193.0)
0         (330.0,27.0,-435.0,194.0)
0         (330.0,27.0,-434.0,194.0)
0         (330.0,26.0,-434.0,194.0)
0         (330.0,26.0,-435.0,194.0)
0         (330.0,26.0,-435.0,195.0)
0         (330.0,27.0,-435.0,195.0)
0         (330.0,27.0,-434.0,195.0)
0         (330.0,26.0,-434.0,195.0)
0         (329.0,26.0,-434.0,195.0)
0         (329.0,26.0,-434.0,194.0)
0         (329.0,27.0,-434.0,194.0)
0         (329.0,27.0,-434.0,193.0)
0         (329.0,27.0,-433.0,193.0)
0         (329.0,27.0,-433.0,192.0)
0         (329.0,27.0,-432.0,192.0)
0         (328.0,27.0,-432.0,192.0)
0         (328.0,27.0,-431.0,192.0)
0         (327.0,27.0,-431.0,192.0)
0         (327.0,27.0,-430.0,192.0)
0         (327.0,27.0,-430.0,193.0)
0         (327.0,27.0,-430.0,194.0)
0         (327.0,27.0,-429.0,194.0)
0         (326.0,27.0,-429.0,194.0)
0         (326.0,26.0,-429.0,194.0)
0         (327.0,26.0,-429.0,194.0)
0         (327.0,26.0,-429.0,195.0)
0         (327.0,27.0,-429.0,195.0)
0         (326.0,27.0,-429.0,195.0)
0         (326.0,26.0,-429.0,195.0)
0         (326.0,26.0,-428.0,195.0)
0         (326.0,26.0,-428.0,194.0)
0         (326.0,27.0,-428.0,194.0)
0         (326.0,27.0,-428.0,193.0)
0         (326.0,26.0,-428.0,193.0)
0         (326.0,26.0,-427.0,193.0)
0         (325.0,26.0,-427.0,193.0)
0         (325.0,26.0,-426.0,193.0)
0         (324.0,26.0,-426.0,193.0)
0         (324.0,26.0,-425.0,193.0)
0         (324.0,26.0,-424.0,193.0)
0         (324.0,26.0,-424.0,194.0)
0         (323.0,26.0,-424.0,194.0)
0         (323.0,27.0,-424.0,194.0)
0         (323.0,27.0,-423.0,194.0)
0         (323.0,26.0,-423.0,194.0)
0         (323.0,26.0,-423.0,193.0)
0         (323.0,27.0,-423.0,193.0)
0         (323.0,27.0,-422.0,193.0)
0         (322.0,27.0,-422.0,193.0)
0         (322.0,27.0,-421.0,193.0)
0         (321.0,27.0,-421.0,193.0)
0         (321.0,27.0,-420.0,193.0)
0         (321.0,27.0,-419.0,193.0)
0         (320.0,27.0,-419.0,193.0)
0         (320.0,27.0,-419.0,194.0)
0         (320.0,27.0,-418.0,194.0)
0         (320.0,26.0,-418.0,194.0)
0         (320.0,26.0,-418.0,195.0)
0         (320.0,27.0,-418.0,195.0)
0         (320.0,27.0,-419.0,195.0)
0         (320.0,26.0,-419.0,195.0)
0         (320.0,26.0,-419.0,194.0)
0         (320.0,26.0,-419.0,193.0)
0         (320.0,26.0,-418.0,193.0)
0         (320.0,27.0,-418.0,193.0)
0         (320.0,27.0,-417.0,193.0)
0         (320.0,27.0,-417.0,194.0)
0         (320.0,26.0,-417.0,194.0)
0         (320.0,26.0,-417.0,193.0)
0         (319.0,26.0,-417.0,193.0)
0         (319.0,26.0,-416.0,193.0)
0         (318.0,26.0,-416.0,193.0)
0         (318.0,26.0,-415.0,193.0)
0         (318.0,26.0,-414.0,193.0)
0         (317.0,26.0,-414.0,193.0)
0         (317.0,26.0,-413.0,193.0)
0         (317.0,26.0,-413.0,194.0)
0         (317.0,27.0,-413.0,194.0)
0         (317.0,27.0,-413.0,195.0)
0         (317.0,26.0,-413.0,195.0)
0         (317.0,26.0,-412.0,195.0)
0         (317.0,26.0,-412.0,194.0)
0         (317.0,27.0,-412.0,194.0)
0         (317.0,27.0,-412.0,195.0)
0         (317.0,27.0,-412.0,196.0)
0         (317.0,27.0,-413.0,196.0)
0         (317.0,26.0,-413.0,196.0)
0         (317.0,26.0,-412.0,196.0)
0         (316.0,26.0,-412.0,196.0)
0         (316.0,26.0,-412.0,195.0)
0         (316.0,26.0,-412.0,194.0)
0         (316.0,26.0,-411.0,194.0)
0         (316.0,26.0,-411.0,193.0)
0         (316.0,26.0,-410.0,193.0)
0         (315.0,26.0,-410.0,193.0)
0         (315.0,26.0,-409.0,193.0)
0         (314.0,26.0,-409.0,193.0)
0         (314.0,26.0,-408.0,193.0)
0         (314.0,26.0,-408.0,194.0)
0         (314.0,27.0,-408.0,194.0)
0         (314.0,27.0,-407.0,194.0)
0         (314.0,26.0,-407.0,194.0)
0         (314.0,26.0,-407.0,195.0)
0         (314.0,27.0,-407.0,195.0)
0         (314.0,27.0,-408.0,195.0)
0         (314.0,26.0,-408.0,195.0)
0         (314.0,26.0,-408.0,196.0)
0         (314.0,26.0,-407.0,196.0)
0         (314.0,27.0,-407.0,196.0)
0         (314.0,27.0,-408.0,196.0)
0         (314.0,27.0,-409.0,196.0)
0         (314.0,27.0,-409.0,195.0)
0         (314.0,27.0,-409.0,194.0)
0         (314.0,26.0,-409.0,194.0)
0         (314.0,26.0,-409.0,195.0)
0         (314.0,26.0,-409.0,196.0)
0         (313.0,26.0,-409.0,196.0)
0         (313.0,26.0,-408.0,196.0)
0         (313.0,26.0,-408.0,195.0)
0         (313.0,26.0,-407.0,195.0)
0         (313.0,26.0,-407.0,194.0)
0         (313.0,26.0,-406.0,194.0)
0         (313.0,26.0,-406.0,193.0)
0         (313.0,26.0,-405.0,193.0)
0         (312.0,26.0,-405.0,193.0)
0         (312.0,26.0,-404.0,193.0)
0         (311.0,26.0,-404.0,193.0)
0         (311.0,26.0,-403.0,193.0)
0         (311.0,26.0,-402.0,193.0)
0         (311.0,26.0,-402.0,194.0)
0         (311.0,27.0,-402.0,194.0)
0         (311.0,27.0,-402.0,195.0)
0         (311.0,26.0,-402.0,195.0)
0         (311.0,26.0,-401.0,195.0)
0         (311.0,26.0,-401.0,194.0)
0         (311.0,27.0,-401.0,194.0)
0         (311.0,27.0,-401.0,195.0)
0         (310.0,27.0,-401.0,195.0)
0         (310.0,27.0,-401.0,194.0)
0         (310.0,27.0,-401.0,193.0)
0         (310.0,27.0,-400.0,193.0)
0         (309.0,27.0,-400.0,193.0)
0         (309.0,27.0,-399.0,193.0)
0         (308.0,27.0,-399.0,193.0)
0         (308.0,27.0,-398.0,193.0)
0         (308.0,27.0,-397.0,193.0)
0         (308.0,27.0,-397.0,194.0)
0         (308.0,27.0,-396.0,194.0)
0         (308.0,26.0,-396.0,194.0)
0         (308.0,26.0,-397.0,194.0)
0         (308.0,26.0,-397.0,195.0)
0         (308.0,27.0,-397.0,195.0)
0         (308.0,27.0,-396.0,195.0)
0         (308.0,26.0,-396.0,195.0)
0         (307.0,26.0,-396.0,195.0)
0         (307.0,26.0,-396.0,194.0)
0         (307.0,27.0,-396.0,194.0)
0         (307.0,27.0,-396.0,193.0)
0         (307.0,27.0,-395.0,193.0)
0         (307.0,27.0,-395.0,192.0)
0         (307.0,27.0,-394.0,192.0)
0         (306.0,27.0,-394.0,192.0)
0         (306.0,27.0,-393.0,192.0)
0         (305.0,27.0,-393.0,192.0)
0         (305.0,27.0,-392.0,192.0)
0         (305.0,27.0,-392.0,193.0)
0         (305.0,27.0,-392.0,194.0)
0         (305.0,27.0,-391.0,194.0)
0         (304.0,27.0,-391.0,194.0)
0         (304.0,26.0,-391.0,194.0)
0         (305.0,26.0,-391.0,194.0)
0         (305.0,26.0,-391.0,195.0)
0         (305.0,27.0,-391.0,195.0)
0         (304.0,27.0,-391.0,195.0)
0         (304.0,26.0,-391.0,195.0)
0         (304.0,26.0,-390.0,195.0)
0         (304.0,26.0,-390.0,194.0)
0         (304.0,27.0,-390.0,194.0)
0         (304.0,27.0,-390.0,193.0)
0         (304.0,26.0,-390.0,193.0)
0         (304.0,26.0,-391.0,193.0)
0         (304.0,27.0,-391.0,193.0)
0         (305.0,27.0,-391.0,193.0)
0         (305.0,26.0,-391.0,193.0)
0         (305.0,26.0,-390.0,193.0)
0         (305.0,26.0,-390.0,194.0)
0         (305.0,27.0,-390.0,194.0)
0         (305.0,27.0,-390.0,193.0)
0         (305.0,27.0,-390.0,192.0)
0         (304.0,27.0,-390.0,192.0)
0         (304.0,27.0,-389.0,192.0)
0         (303.0,27.0,-389.0,192.0)
0         (303.0,27.0,-388.0,192.0)
0         (302.0,27.0,-388.0,192.0)
0         (302.0,27.0,-387.0,192.0)
0         (302.0,27.0,-387.0,193.0)
0         (302.0,27.0,-386.0,193.0)
0         (302.0,27.0,-386.0,194.0)
0         (301.0,27.0,-386.0,194.0)
0         (301.0,27.0,-385.0,194.0)
0         (301.0,26.0,-385.0,194.0)
0         (301.0,26.0,-386.0,194.0)
0         (301.0,26.0,-386.0,195.0)
0         (301.0,27.0,-386.0,195.0)
0         (301.0,27.0,-385.0,195.0)
0         (301.0,26.0,-385.0,195.0)
0         (302.0,26.0,-385.0,195.0)
0         (302.0,26.0,-385.0,194.0)
0         (302.0,27.0,-385.0,194.0)
0         (302.0,27.0,-385.0,195.0)
0         (302.0,27.0,-386.0,195.0)
0         (302.0,26.0,-386.0,195.0)
0         (302.0,26.0,-386.0,194.0)
0         (302.0,26.0,-386.0,193.0)
0         (301.0,26.0,-386.0,193.0)
0         (301.0,26.0,-385.0,193.0)
0         (301.0,27.0,-385.0,193.0)
0         (301.0,27.0,-386.0,193.0)
0         (301.0,28.0,-386.0,193.0)
0         (301.0,28.0,-385.0,193.0)
0         (301.0,28.0,-384.0,193.0)
0         (300.0,28.0,-384.0,193.0)
0         (300.0,28.0,-383.0,193.0)
0         (299.0,28.0,-383.0,193.0)
0         (299.0,28.0,-382.0,193.0)
0         (299.0,28.0,-381.0,193.0)
0         (299.0,27.0,-381.0,193.0)
0         (298.0,27.0,-381.0,193.0)
0         (298.0,27.0,-381.0,194.0)
0         (298.0,27.0,-380.0,194.0)
0         (298.0,26.0,-380.0,194.0)
0         (298.0,26.0,-380.0,195.0)
0         (298.0,27.0,-380.0,195.0)
0         (298.0,27.0,-381.0,195.0)
0         (298.0,26.0,-381.0,195.0)
0         (298.0,26.0,-381.0,194.0)
0         (298.0,26.0,-381.0,193.0)
0         (298.0,26.0,-380.0,193.0)
0         (298.0,27.0,-380.0,193.0)
0         (298.0,27.0,-379.0,193.0)
0         (298.0,27.0,-379.0,194.0)
0         (298.0,26.0,-379.0,194.0)
0         (298.0,26.0,-379.0,193.0)
0         (297.0,26.0,-379.0,193.0)
0         (297.0,26.0,-378.0,193.0)
0         (296.0,26.0,-378.0,193.0)
0         (296.0,26.0,-377.0,193.0)
0         (296.0,26.0,-376.0,193.0)
0         (295.0,26.0,-376.0,193.0)
0         (295.0,26.0,-375.0,193.0)
0         (295.0,26.0,-375.0,194.0)
0         (295.0,27.0,-375.0,194.0)
0         (295.0,27.0,-375.0,195.0)
0         (295.0,26.0,-375.0,195.0)
0         (295.0,26.0,-374.0,195.0)
0         (295.0,26.0,-374.0,194.0)
0         (295.0,27.0,-374.0,194.0)
0         (295.0,27.0,-374.0,195.0)
0         (295.0,27.0,-374.0,196.0)
0         (295.0,27.0,-375.0,196.0)
0         (295.0,26.0,-375.0,196.0)
0         (295.0,26.0,-374.0,196.0)
0         (295.0,26.0,-373.0,196.0)
0         (295.0,26.0,-373.0,195.0)
0         (295.0,26.0,-373.0,194.0)
0         (294.0,26.0,-373.0,194.0)
0         (294.0,26.0,-373.0,193.0)
0         (294.0,26.0,-372.0,193.0)
0         (293.0,26.0,-372.0,193.0)
0         (293.0,26.0,-371.0,193.0)
0         (292.0,26.0,-371.0,193.0)
0         (292.0,26.0,-370.0,193.0)
0         (292.0,26.0,-370.0,194.0)
0         (292.0,27.0,-370.0,194.0)
0         (292.0,27.0,-369.0,194.0)
0         (292.0,27.0,-369.0,195.0)
0         (292.0,27.0,-370.0,195.0)
0         (292.0,26.0,-370.0,195.0)
0         (292.0,26.0,-369.0,195.0)
0         (292.0,26.0,-369.0,194.0)
0         (292.0,26.0,-369.0,193.0)
0         (292.0,27.0,-369.0,193.0)
0         (292.0,27.0,-368.0,193.0)
0         (292.0,27.0,-368.0,194.0)
0         (292.0,26.0,-368.0,194.0)
0         (292.0,26.0,-368.0,193.0)
0         (291.0,26.0,-368.0,193.0)
0         (291.0,26.0,-367.0,193.0)
0         (290.0,26.0,-367.0,193.0)
0         (290.0,26.0,-366.0,193.0)
0         (289.0,26.0,-366.0,193.0)
0         (289.0,26.0,-365.0,193.0)
0         (289.0,26.0,-364.0,193.0)
0         (289.0,26.0,-364.0,194.0)
0         (289.0,27.0,-364.0,194.0)
0         (289.0,27.0,-364.0,195.0)
0         (289.0,26.0,-364.0,195.0)
0         (289.0,26.0,-363.0,195.0)
0         (289.0,26.0,-363.0,194.0)
0         (289.0,27.0,-363.0,194.0)
0         (289.0,27.0,-363.0,195.0)
0         (288.0,27.0,-363.0,195.0)
0         (288.0,27.0,-363.0,194.0)
0         (288.0,27.0,-363.0,193.0)
0         (289.0,27.0,-363.0,193.0)
0         (289.0,27.0,-364.0,193.0)
0         (288.0,27.0,-364.0,193.0)
0         (288.0,27.0,-364.0,194.0)
0         (288.0,26.0,-364.0,194.0)
0         (288.0,26.0,-363.0,194.0)
0         (288.0,26.0,-363.0,193.0)
0         (288.0,26.0,-362.0,193.0)
0         (287.0,26.0,-362.0,193.0)
0         (287.0,26.0,-361.0,193.0)
0         (286.0,26.0,-361.0,193.0)
0         (286.0,26.0,-360.0,193.0)
0         (286.0,26.0,-359.0,193.0)
0         (286.0,26.0,-359.0,194.0)
0         (286.0,27.0,-359.0,194.0)
0         (286.0,27.0,-358.0,194.0)
0         (286.0,26.0,-358.0,194.0)
0         (286.0,26.0,-358.0,195.0)
0         (286.0,27.0,-358.0,195.0)
0         (286.0,27.0,-359.0,195.0)
0         (286.0,26.0,-359.0,195.0)
0         (285.0,26.0,-359.0,195.0)
0         (285.0,26.0,-358.0,195.0)
0         (285.0,26.0,-358.0,194.0)
0         (285.0,27.0,-358.0,194.0)
0         (285.0,27.0,-358.0,193.0)
0         (286.0,27.0,-358.0,193.0)
0         (286.0,26.0,-358.0,193.0)
0         (285.0,26.0,-358.0,193.0)
0         (285.0,26.0,-357.0,193.0)
0         (285.0,26.0,-357.0,192.0)
0         (285.0,26.0,-356.0,192.0)
0         (284.0,26.0,-356.0,192.0)
0         (284.0,26.0,-355.0,192.0)
0         (283.0,26.0,-355.0,192.0)
0         (283.0,26.0,-354.0,192.0)
0         (283.0,26.0,-354.0,193.0)
0         (283.0,26.0,-354.0,194.0)
0         (283.0,26.0,-353.0,194.0)
0         (283.0,27.0,-353.0,194.0)
0         (283.0,27.0,-353.0,195.0)
0         (283.0,26.0,-353.0,195.0)
0         (282.0,26.0,-353.0,195.0)
0         (282.0,26.0,-353.0,194.0)
0         (282.0,27.0,-353.0,194.0)
0         (282.0,27.0,-353.0,195.0)
0         (282.0,27.0,-352.0,195.0)
0         (282.0,27.0,-352.0,194.0)
0         (282.0,26.0,-352.0,194.0)
0         (282.0,26.0,-352.0,193.0)
0         (282.0,27.0,-352.0,193.0)
0         (282.0,27.0,-353.0,193.0)
0         (283.0,27.0,-353.0,193.0)
0         (283.0,26.0,-353.0,193.0)
0         (282.0,26.0,-353.0,193.0)
0         (282.0,26.0,-354.0,193.0)
0         (282.0,26.0,-354.0,194.0)
0         (282.0,27.0,-354.0,194.0)
0         (283.0,27.0,-354.0,194.0)
0         (283.0,27.0,-354.0,195.0)
0         (283.0,26.0,-354.0,195.0)
0         (282.0,26.0,-354.0,195.0)
0         (282.0,27.0,-354.0,195.0)
0         (282.0,27.0,-354.0,196.0)
0         (282.0,27.0,-353.0,196.0)
0         (283.0,27.0,-353.0,196.0)
0         (283.0,26.0,-353.0,196.0)
0         (282.0,26.0,-353.0,196.0)
0         (282.0,26.0,-352.0,196.0)
0         (282.0,26.0,-352.0,195.0)
0         (283.0,26.0,-352.0,195.0)
0         (283.0,26.0,-352.0,194.0)
0         (283.0,27.0,-352.0,194.0)
0         (283.0,27.0,-352.0,193.0)
0         (283.0,26.0,-352.0,193.0)
0         (283.0,26.0,-351.0,193.0)
0         (282.0,26.0,-351.0,193.0)
0         (281.0,26.0,-351.0,193.0)
0         (281.0,26.0,-350.0,193.0)
0         (280.0,26.0,-350.0,193.0)
0         (280.0,26.0,-349.0,193.0)
0         (280.0,26.0,-348.0,193.0)
0         (280.0,26.0,-348.0,194.0)
0         (279.0,26.0,-348.0,194.0)
0         (279.0,27.0,-348.0,194.0)
0         (279.0,27.0,-347.0,194.0)
0         (279.0,26.0,-347.0,194.0)
0         (279.0,26.0,-347.0,195.0)
0         (279.0,27.0,-347.0,195.0)
0         (279.0,27.0,-348.0,195.0)
0         (280.0,27.0,-348.0,195.0)
0         (280.0,27.0,-348.0,194.0)
0         (280.0,27.0,-347.0,194.0)
0         (280.0,26.0,-347.0,194.0)
0         (280.0,26.0,-347.0,195.0)
0         (280.0,27.0,-347.0,195.0)
0         (280.0,27.0,-347.0,196.0)
0         (279.0,27.0,-347.0,196.0)
0         (279.0,27.0,-348.0,196.0)
0         (279.0,26.0,-348.0,196.0)
0         (279.0,26.0,-348.0,195.0)
0         (280.0,26.0,-348.0,195.0)
0         (280.0,26.0,-348.0,196.0)
0         (280.0,27.0,-348.0,196.0)
0         (280.0,27.0,-349.0,196.0)
0         (280.0,27.0,-349.0,195.0)
0         (279.0,27.0,-349.0,195.0)
0         (279.0,27.0,-349.0,194.0)
0         (279.0,26.0,-349.0,194.0)
0         (279.0,26.0,-349.0,195.0)
0         (280.0,26.0,-349.0,195.0)
0         (280.0,26.0,-349.0,194.0)
0         (280.0,27.0,-349.0,194.0)
0         (280.0,27.0,-349.0,193.0)
0         (280.0,27.0,-348.0,193.0)
0         (279.0,27.0,-348.0,193.0)
0         (279.0,27.0,-347.0,193.0)
0         (279.0,26.0,-347.0,193.0)
0         (279.0,26.0,-346.0,193.0)
0         (278.0,26.0,-346.0,193.0)
0         (278.0,26.0,-345.0,193.0)
0         (277.0,26.0,-345.0,193.0)
0         (277.0,26.0,-344.0,193.0)
0         (277.0,26.0,-343.0,193.0)
0         (276.0,26.0,-343.0,193.0)
0         (276.0,26.0,-343.0,194.0)
0         (276.0,26.0,-342.0,194.0)
0         (276.0,27.0,-342.0,194.0)
0         (276.0,27.0,-342.0,195.0)
0         (276.0,26.0,-342.0,195.0)
0         (276.0,26.0,-343.0,195.0)
0         (276.0,27.0,-343.0,195.0)
0         (276.0,27.0,-343.0,194.0)
0         (276.0,27.0,-343.0,193.0)
0         (276.0,27.0,-342.0,193.0)
0         (276.0,26.0,-342.0,193.0)
0         (276.0,26.0,-341.0,193.0)
0         (276.0,26.0,-341.0,194.0)
0         (276.0,27.0,-341.0,194.0)
0         (276.0,27.0,-341.0,193.0)
0         (276.0,27.0,-341.0,192.0)
0         (276.0,27.0,-340.0,192.0)
0         (275.0,27.0,-340.0,192.0)
0         (275.0,27.0,-339.0,192.0)
0         (274.0,27.0,-339.0,192.0)
0         (274.0,27.0,-338.0,192.0)
0         (274.0,27.0,-338.0,193.0)
0         (273.0,27.0,-338.0,193.0)
0         (273.0,27.0,-337.0,193.0)
0         (273.0,27.0,-337.0,194.0)
0         (273.0,27.0,-337.0,195.0)
0         (273.0,26.0,-337.0,195.0)
0         (273.0,26.0,-337.0,194.0)
0         (273.0,26.0,-336.0,194.0)
0         (273.0,27.0,-336.0,194.0)
0         (273.0,27.0,-336.0,195.0)
0         (273.0,26.0,-336.0,195.0)
0         (273.0,26.0,-336.0,196.0)
0         (273.0,27.0,-336.0,196.0)
0         (273.0,27.0,-337.0,196.0)
0         (273.0,26.0,-337.0,196.0)
0         (273.0,26.0,-338.0,196.0)
0         (273.0,26.0,-338.0,195.0)
0         (273.0,27.0,-338.0,195.0)
0         (273.0,27.0,-338.0,194.0)
0         (273.0,26.0,-338.0,194.0)
0         (273.0,26.0,-338.0,193.0)
0         (273.0,26.0,-337.0,193.0)
0         (273.0,26.0,-336.0,193.0)
0         (273.0,27.0,-336.0,193.0)
0         (273.0,27.0,-335.0,193.0)
0         (272.0,27.0,-335.0,193.0)
0         (272.0,27.0,-334.0,193.0)
0         (271.0,27.0,-334.0,193.0)
0         (271.0,27.0,-333.0,193.0)
0         (270.0,27.0,-333.0,193.0)
0         (270.0,27.0,-332.0,193.0)
0         (270.0,27.0,-332.0,194.0)
0         (270.0,27.0,-331.0,194.0)
0         (270.0,27.0,-331.0,195.0)
0         (270.0,27.0,-332.0,195.0)
0         (270.0,26.0,-332.0,195.0)
0         (270.0,26.0,-331.0,195.0)
0         (270.0,26.0,-331.0,194.0)
0         (270.0,26.0,-332.0,194.0)
0         (270.0,26.0,-332.0,193.0)
0         (270.0,26.0,-331.0,193.0)
0         (270.0,27.0,-331.0,193.0)
0         (270.0,27.0,-330.0,193.0)
0         (270.0,27.0,-330.0,194.0)
0         (270.0,26.0,-330.0,194.0)
0         (270.0,26.0,-330.0,193.0)
0         (269.0,26.0,-330.0,193.0)
0         (269.0,26.0,-329.0,193.0)
0         (268.0,26.0,-329.0,193.0)
0         (268.0,26.0,-328.0,193.0)
0         (267.0,26.0,-328.0,193.0)
0         (267.0,26.0,-327.0,193.0)
0         (267.0,26.0,-326.0,193.0)
0         (267.0,26.0,-326.0,194.0)
0         (267.0,27.0,-326.0,194.0)
0         (267.0,27.0,-326.0,195.0)
0         (267.0,26.0,-326.0,195.0)
0         (267.0,26.0,-325.0,195.0)
0         (267.0,26.0,-325.0,194.0)
0         (267.0,27.0,-325.0,194.0)
0         (267.0,27.0,-325.0,195.0)
0         (266.0,27.0,-325.0,195.0)
0         (266.0,27.0,-325.0,194.0)
0         (266.0,27.0,-325.0,193.0)
0         (267.0,27.0,-325.0,193.0)
0         (267.0,27.0,-326.0,193.0)
0         (266.0,27.0,-326.0,193.0)
0         (266.0,27.0,-326.0,194.0)
0         (266.0,26.0,-326.0,194.0)
0         (266.0,26.0,-325.0,194.0)
0         (266.0,26.0,-325.0,193.0)
0         (267.0,26.0,-325.0,193.0)
0         (267.0,26.0,-324.0,193.0)
0         (266.0,26.0,-324.0,193.0)
0         (266.0,26.0,-324.0,192.0)
0         (266.0,26.0,-323.0,192.0)
0         (265.0,26.0,-323.0,192.0)
0         (265.0,26.0,-322.0,192.0)
0         (264.0,26.0,-322.0,192.0)
0         (264.0,26.0,-322.0,193.0)
0         (264.0,26.0,-321.0,193.0)
0         (264.0,26.0,-321.0,194.0)
0         (264.0,27.0,-321.0,194.0)
0         (264.0,27.0,-320.0,194.0)
0         (264.0,27.0,-320.0,195.0)
0         (264.0,27.0,-321.0,195.0)
0         (264.0,26.0,-321.0,195.0)
0         (264.0,26.0,-320.0,195.0)
0         (264.0,26.0,-320.0,194.0)
0         (263.0,26.0,-320.0,194.0)
0         (263.0,27.0,-320.0,194.0)
0         (263.0,27.0,-320.0,193.0)
0         (264.0,27.0,-320.0,193.0)
0         (264.0,26.0,-320.0,193.0)
0         (263.0,26.0,-320.0,193.0)
0         (263.0,26.0,-319.0,193.0)
0         (263.0,26.0,-319.0,192.0)
0         (263.0,26.0,-318.0,192.0)
0         (262.0,26.0,-318.0,192.0)
0         (262.0,26.0,-317.0,192.0)
0         (261.0,26.0,-317.0,192.0)
0         (261.0,26.0,-316.0,192.0)
0         (261.0,26.0,-316.0,193.0)
0         (261.0,26.0,-316.0,194.0)
0         (261.0,26.0,-315.0,194.0)
0         (261.0,27.0,-315.0,194.0)
0         (261.0,27.0,-315.0,195.0)
0         (261.0,26.0,-315.0,195.0)
0         (260.0,26.0,-315.0,195.0)
0         (260.0,26.0,-315.0,194.0)
0         (260.0,27.0,-315.0,194.0)
0         (260.0,27.0,-315.0,195.0)
0         (260.0,27.0,-314.0,195.0)
0         (260.0,27.0,-314.0,194.0)
0         (261.0,27.0,-314.0,194.0)
0         (261.0,26.0,-314.0,194.0)
0         (260.0,26.0,-314.0,194.0)
0         (260.0,26.0,-314.0,193.0)
0         (260.0,27.0,-314.0,193.0)
0         (260.0,27.0,-315.0,193.0)
0         (261.0,27.0,-315.0,193.0)
0         (261.0,26.0,-315.0,193.0)
0         (260.0,26.0,-315.0,193.0)
0         (260.0,26.0,-316.0,193.0)
0         (260.0,26.0,-316.0,194.0)
0         (260.0,27.0,-316.0,194.0)
0         (261.0,27.0,-316.0,194.0)
0         (261.0,27.0,-316.0,195.0)
0         (261.0,26.0,-316.0,195.0)
0         (260.0,26.0,-316.0,195.0)
0         (260.0,27.0,-316.0,195.0)
0         (260.0,27.0,-316.0,196.0)
0         (260.0,27.0,-315.0,196.0)
0         (261.0,27.0,-315.0,196.0)
0         (261.0,26.0,-315.0,196.0)
0         (260.0,26.0,-315.0,196.0)
0         (260.0,26.0,-314.0,196.0)
0         (260.0,26.0,-314.0,195.0)
0         (261.0,26.0,-314.0,195.0)
0         (261.0,27.0,-314.0,195.0)
0         (261.0,27.0,-314.0,196.0)
0         (260.0,27.0,-314.0,196.0)
0         (260.0,27.0,-313.0,196.0)
0         (260.0,27.0,-313.0,195.0)
0         (260.0,27.0,-313.0,194.0)
0         (260.0,27.0,-313.0,193.0)
0         (259.0,27.0,-313.0,193.0)
0         (259.0,27.0,-312.0,193.0)
0         (258.0,27.0,-312.0,193.0)
0         (258.0,27.0,-311.0,193.0)
0         (258.0,27.0,-310.0,193.0)
0         (258.0,27.0,-310.0,194.0)
0         (257.0,27.0,-310.0,194.0)
0         (257.0,27.0,-309.0,194.0)
0         (257.0,26.0,-309.0,194.0)
0         (257.0,26.0,-310.0,194.0)
0         (258.0,26.0,-310.0,194.0)
0         (258.0,26.0,-309.0,194.0)
0         (258.0,27.0,-309.0,194.0)
0         (258.0,27.0,-309.0,195.0)
0         (257.0,27.0,-309.0,195.0)
0         (257.0,27.0,-310.0,195.0)
0         (258.0,27.0,-310.0,195.0)
0         (258.0,26.0,-310.0,195.0)
0         (257.0,26.0,-310.0,195.0)
0         (257.0,26.0,-309.0,195.0)
0         (258.0,26.0,-309.0,195.0)
0         (258.0,26.0,-309.0,196.0)
0         (257.0,26.0,-309.0,196.0)
0         (257.0,27.0,-309.0,196.0)
0         (257.0,27.0,-310.0,196.0)
0         (257.0,26.0,-310.0,196.0)
0         (258.0,26.0,-310.0,196.0)
0         (258.0,27.0,-310.0,196.0)
0         (258.0,27.0,-309.0,196.0)
0         (258.0,27.0,-308.0,196.0)
0         (258.0,27.0,-308.0,195.0)
0         (257.0,27.0,-308.0,195.0)
0         (257.0,27.0,-308.0,194.0)
0         (257.0,27.0,-308.0,193.0)
0         (257.0,27.0,-309.0,193.0)
0         (257.0,26.0,-309.0,193.0)
0         (257.0,26.0,-310.0,193.0)
0         (257.0,27.0,-310.0,193.0)
0         (257.0,27.0,-311.0,193.0)
0         (257.0,27.0,-311.0,194.0)
0         (257.0,26.0,-311.0,194.0)
0         (258.0,26.0,-311.0,194.0)
0         (258.0,27.0,-311.0,194.0)
0         (258.0,27.0,-311.0,195.0)
0         (257.0,27.0,-311.0,195.0)
0         (257.0,26.0,-311.0,195.0)
0         (258.0,26.0,-311.0,195.0)
0         (258.0,26.0,-311.0,196.0)
0         (257.0,26.0,-311.0,196.0)
0         (257.0,27.0,-311.0,196.0)
0         (258.0,27.0,-311.0,196.0)
0         (258.0,28.0,-311.0,196.0)
0         (258.0,28.0,-310.0,196.0)
0         (258.0,28.0,-310.0,195.0)
0         (257.0,28.0,-310.0,195.0)
0         (257.0,28.0,-310.0,194.0)
0         (257.0,28.0,-309.0,194.0)
0         (257.0,28.0,-309.0,193.0)
0         (257.0,28.0,-308.0,193.0)
0         (256.0,28.0,-308.0,193.0)
0         (256.0,28.0,-307.0,193.0)
0         (255.0,28.0,-307.0,193.0)
0         (255.0,28.0,-306.0,193.0)
0         (255.0,28.0,-305.0,193.0)
0         (255.0,27.0,-305.0,193.0)
0         (255.0,27.0,-305.0,194.0)
0         (254.0,27.0,-305.0,194.0)
0         (254.0,27.0,-304.0,194.0)
0         (254.0,27.0,-304.0,195.0)
0         (254.0,26.0,-304.0,195.0)
0         (254.0,26.0,-304.0,194.0)
0         (254.0,26.0,-305.0,194.0)
0         (254.0,26.0,-305.0,195.0)
0         (254.0,27.0,-305.0,195.0)
0         (255.0,27.0,-305.0,195.0)
0         (255.0,27.0,-304.0,195.0)
0         (255.0,27.0,-304.0,194.0)
0         (255.0,26.0,-304.0,194.0)
0         (255.0,26.0,-304.0,195.0)
0         (255.0,26.0,-305.0,195.0)
0         (255.0,26.0,-305.0,194.0)
0         (255.0,26.0,-305.0,193.0)
0         (254.0,26.0,-305.0,193.0)
0         (254.0,26.0,-304.0,193.0)
0         (254.0,27.0,-304.0,193.0)
0         (254.0,27.0,-303.0,193.0)
0         (254.0,27.0,-303.0,194.0)
0         (254.0,26.0,-303.0,194.0)
0         (254.0,26.0,-303.0,193.0)
0         (254.0,26.0,-303.0,192.0)
0         (254.0,26.0,-302.0,192.0)
0         (253.0,26.0,-302.0,192.0)
0         (253.0,26.0,-301.0,192.0)
0         (252.0,26.0,-301.0,192.0)
0         (252.0,26.0,-300.0,192.0)
0         (252.0,26.0,-300.0,193.0)
0         (251.0,26.0,-300.0,193.0)
0         (251.0,26.0,-299.0,193.0)
0         (251.0,26.0,-299.0,194.0)
0         (251.0,27.0,-299.0,194.0)
0         (251.0,27.0,-299.0,195.0)
0         (251.0,26.0,-299.0,195.0)
0         (251.0,26.0,-298.0,195.0)
0         (251.0,26.0,-298.0,194.0)
0         (251.0,27.0,-298.0,194.0)
0         (251.0,27.0,-298.0,195.0)
0         (251.0,27.0,-298.0,196.0)
0         (251.0,27.0,-299.0,196.0)
0         (251.0,26.0,-299.0,196.0)
0         (251.0,26.0,-298.0,196.0)
0         (251.0,26.0,-297.0,196.0)
0         (251.0,26.0,-297.0,195.0)
0         (251.0,26.0,-297.0,194.0)
0         (251.0,26.0,-297.0,193.0)
0         (251.0,26.0,-298.0,193.0)
0         (251.0,27.0,-298.0,193.0)
0         (251.0,27.0,-299.0,193.0)
0         (251.0,27.0,-300.0,193.0)
0         (251.0,27.0,-300.0,194.0)
0         (251.0,27.0,-300.0,195.0)
0         (251.0,26.0,-300.0,195.0)
0         (251.0,26.0,-300.0,194.0)
0         (252.0,26.0,-300.0,194.0)
0         (252.0,26.0,-299.0,194.0)
0         (252.0,27.0,-299.0,194.0)
0         (252.0,27.0,-298.0,194.0)
0         (252.0,26.0,-298.0,194.0)
0         (252.0,26.0,-298.0,193.0)
0         (252.0,27.0,-298.0,193.0)
0         (252.0,27.0,-299.0,193.0)
0         (252.0,26.0,-299.0,193.0)
0         (252.0,26.0,-299.0,192.0)
0         (251.0,26.0,-299.0,192.0)
0         (251.0,26.0,-298.0,192.0)
0         (251.0,26.0,-297.0,192.0)
0         (250.0,26.0,-297.0,192.0)
0         (250.0,26.0,-296.0,192.0)
0         (249.0,26.0,-296.0,192.0)
0         (249.0,26.0,-295.0,192.0)
0         (249.0,26.0,-294.0,192.0)
0         (249.0,26.0,-294.0,193.0)
0         (248.0,26.0,-294.0,193.0)
0         (248.0,26.0,-294.0,194.0)
0         (248.0,26.0,-293.0,194.0)
0         (248.0,27.0,-293.0,194.0)
0         (248.0,27.0,-293.0,195.0)
0         (248.0,27.0,-294.0,195.0)
0         (248.0,27.0,-294.0,194.0)
0         (248.0,27.0,-294.0,193.0)
0         (248.0,27.0,-293.0,193.0)
0         (248.0,26.0,-293.0,193.0)
0         (248.0,26.0,-292.0,193.0)
0         (248.0,26.0,-292.0,194.0)
0         (248.0,27.0,-292.0,194.0)
0         (248.0,27.0,-292.0,193.0)
0         (247.0,27.0,-292.0,193.0)
0         (247.0,27.0,-291.0,193.0)
0         (246.0,27.0,-291.0,193.0)
0         (246.0,27.0,-290.0,193.0)
0         (245.0,27.0,-290.0,193.0)
0         (245.0,27.0,-289.0,193.0)
0         (245.0,27.0,-289.0,194.0)
0         (245.0,27.0,-288.0,194.0)
0         (245.0,27.0,-288.0,195.0)
0         (245.0,26.0,-288.0,195.0)
0         (245.0,26.0,-288.0,194.0)
0         (245.0,26.0,-287.0,194.0)
0         (245.0,27.0,-287.0,194.0)
0         (245.0,27.0,-287.0,195.0)
0         (245.0,26.0,-287.0,195.0)
0         (244.0,26.0,-287.0,195.0)
0         (244.0,26.0,-287.0,194.0)
0         (244.0,27.0,-287.0,194.0)
0         (244.0,27.0,-287.0,193.0)
0         (245.0,27.0,-287.0,193.0)
0         (245.0,27.0,-288.0,193.0)
0         (245.0,26.0,-288.0,193.0)
0         (245.0,26.0,-287.0,193.0)
0         (244.0,26.0,-287.0,193.0)
0         (244.0,26.0,-286.0,193.0)
0         (244.0,26.0,-286.0,192.0)
0         (244.0,26.0,-285.0,192.0)
0         (243.0,26.0,-285.0,192.0)
0         (243.0,26.0,-284.0,192.0)
0         (242.0,26.0,-284.0,192.0)
0         (242.0,26.0,-284.0,193.0)
0         (242.0,26.0,-283.0,193.0)
0         (242.0,26.0,-283.0,194.0)
0         (242.0,27.0,-283.0,194.0)
0         (242.0,27.0,-282.0,194.0)
0         (242.0,27.0,-282.0,195.0)
0         (242.0,27.0,-283.0,195.0)
0         (242.0,26.0,-283.0,195.0)
0         (242.0,26.0,-282.0,195.0)
0         (242.0,26.0,-282.0,194.0)
0         (242.0,26.0,-282.0,193.0)
0         (242.0,27.0,-282.0,193.0)
0         (242.0,27.0,-283.0,193.0)
0         (241.0,27.0,-283.0,193.0)
0         (241.0,27.0,-282.0,193.0)
0         (241.0,27.0,-282.0,194.0)
0         (241.0,26.0,-282.0,194.0)
0         (241.0,26.0,-282.0,193.0)
0         (241.0,26.0,-281.0,193.0)
0         (241.0,27.0,-281.0,193.0)
0         (241.0,27.0,-281.0,192.0)
0         (241.0,27.0,-280.0,192.0)
0         (240.0,27.0,-280.0,192.0)
0         (240.0,27.0,-279.0,192.0)
0         (239.0,27.0,-279.0,192.0)
0         (239.0,27.0,-278.0,192.0)
0         (239.0,27.0,-278.0,193.0)
0         (239.0,27.0,-278.0,194.0)
0         (239.0,27.0,-277.0,194.0)
0         (239.0,27.0,-277.0,195.0)
0         (239.0,26.0,-277.0,195.0)
0         (239.0,26.0,-277.0,194.0)
0         (238.0,26.0,-277.0,194.0)
0         (238.0,27.0,-277.0,194.0)
0         (238.0,27.0,-277.0,195.0)
0         (238.0,26.0,-277.0,195.0)
0         (238.0,26.0,-276.0,195.0)
0         (238.0,26.0,-276.0,194.0)
0         (238.0,27.0,-276.0,194.0)
0         (239.0,27.0,-276.0,194.0)
0         (239.0,26.0,-276.0,194.0)
0         (239.0,26.0,-276.0,195.0)
0         (239.0,27.0,-276.0,195.0)
0         (238.0,27.0,-276.0,195.0)
0         (238.0,27.0,-276.0,196.0)
0         (238.0,27.0,-277.0,196.0)
0         (239.0,27.0,-277.0,196.0)
0         (239.0,26.0,-277.0,196.0)
0         (238.0,26.0,-277.0,196.0)
0         (238.0,26.0,-276.0,196.0)
0         (239.0,26.0,-276.0,196.0)
0         (239.0,27.0,-276.0,196.0)
0         (239.0,28.0,-276.0,196.0)
0         (239.0,28.0,-276.0,195.0)
0         (239.0,28.0,-276.0,194.0)
0         (238.0,28.0,-276.0,194.0)
0         (238.0,28.0,-276.0,193.0)
0         (238.0,27.0,-276.0,193.0)
0         (238.0,27.0,-277.0,193.0)
0         (239.0,27.0,-277.0,193.0)
0         (239.0,26.0,-277.0,193.0)
0         (238.0,26.0,-277.0,193.0)
0         (238.0,26.0,-276.0,193.0)
0         (239.0,26.0,-276.0,193.0)
0         (239.0,27.0,-276.0,193.0)
0         (239.0,28.0,-276.0,193.0)
0         (239.0,28.0,-277.0,193.0)
0         (239.0,28.0,-277.0,194.0)
0         (238.0,28.0,-277.0,194.0)
0         (238.0,28.0,-277.0,193.0)
0         (238.0,28.0,-277.0,192.0)
0         (238.0,28.0,-276.0,192.0)
0         (238.0,28.0,-275.0,192.0)
0         (237.0,28.0,-275.0,192.0)
0         (237.0,28.0,-274.0,192.0)
0         (236.0,28.0,-274.0,192.0)
0         (236.0,28.0,-273.0,192.0)
0         (236.0,28.0,-272.0,192.0)
0         (236.0,28.0,-272.0,193.0)
0         (236.0,27.0,-272.0,193.0)
0         (236.0,27.0,-272.0,194.0)
0         (235.0,27.0,-272.0,194.0)
0         (235.0,27.0,-271.0,194.0)
0         (235.0,26.0,-271.0,194.0)
0         (235.0,26.0,-272.0,194.0)
0         (236.0,26.0,-272.0,194.0)
0         (236.0,26.0,-271.0,194.0)
0         (236.0,27.0,-271.0,194.0)
0         (236.0,27.0,-271.0,195.0)
0         (236.0,27.0,-272.0,195.0)
0         (235.0,27.0,-272.0,195.0)
0         (235.0,27.0,-271.0,195.0)
0         (235.0,26.0,-271.0,195.0)
0         (235.0,26.0,-272.0,195.0)
0         (236.0,26.0,-272.0,195.0)
0         (236.0,26.0,-271.0,195.0)
0         (236.0,26.0,-271.0,196.0)
0         (235.0,26.0,-271.0,196.0)
0         (235.0,27.0,-271.0,196.0)
0         (235.0,27.0,-272.0,196.0)
0         (236.0,27.0,-272.0,196.0)
0         (236.0,27.0,-271.0,196.0)
0         (236.0,27.0,-270.0,196.0)
0         (236.0,27.0,-270.0,195.0)
0         (235.0,27.0,-270.0,195.0)
0         (235.0,27.0,-270.0,194.0)
0         (235.0,27.0,-270.0,193.0)
0         (235.0,27.0,-271.0,193.0)
0         (235.0,26.0,-271.0,193.0)
0         (235.0,26.0,-272.0,193.0)
0         (235.0,27.0,-272.0,193.0)
0         (235.0,27.0,-273.0,193.0)
0         (235.0,27.0,-273.0,194.0)
0         (236.0,27.0,-273.0,194.0)
0         (236.0,26.0,-273.0,194.0)
0         (235.0,26.0,-273.0,194.0)
0         (235.0,26.0,-273.0,195.0)
0         (235.0,27.0,-273.0,195.0)
0         (236.0,27.0,-273.0,195.0)
0         (236.0,26.0,-273.0,195.0)
0         (236.0,26.0,-273.0,196.0)
0         (236.0,26.0,-272.0,196.0)
0         (235.0,26.0,-272.0,196.0)
0         (235.0,26.0,-273.0,196.0)
0         (235.0,27.0,-273.0,196.0)
0         (236.0,27.0,-273.0,196.0)
0         (236.0,28.0,-273.0,196.0)
0         (236.0,28.0,-272.0,196.0)
0         (236.0,28.0,-272.0,195.0)
0         (236.0,28.0,-272.0,194.0)
0         (235.0,28.0,-272.0,194.0)
0         (235.0,28.0,-271.0,194.0)
0         (235.0,28.0,-271.0,193.0)
0         (235.0,28.0,-270.0,193.0)
0         (235.0,28.0,-270.0,192.0)
0         (235.0,28.0,-269.0,192.0)
