# run = 15
ltot         F            S   
0         -9.2529e+01    (343.0,24.0,-457.0,195.0)
1         -9.1962e+01    (343.0,25.0,-457.0,195.0)
2         -9.1551e+01    (343.0,26.0,-457.0,195.0)
3         -9.1323e+01    (342.0,26.0,-457.0,195.0)
4         -9.1245e+01    (342.0,26.0,-456.0,195.0)
5         -9.1193e+01    (342.0,26.0,-456.0,194.0)
6         -9.1154e+01    (342.0,27.0,-456.0,194.0)
7         -9.1202e+01    (342.0,27.0,-456.0,195.0)
8         -9.1267e+01    (342.0,27.0,-457.0,195.0)
9         -9.1230e+01    (342.0,27.0,-457.0,194.0)
10        -9.1281e+01    (342.0,26.0,-457.0,194.0)
11        -9.1424e+01    (342.0,26.0,-457.0,193.0)
12        -9.1291e+01    (342.0,26.0,-456.0,193.0)
13        -9.1269e+01    (342.0,27.0,-456.0,193.0)
14        -9.1290e+01    (342.0,27.0,-455.0,193.0)
15        -9.1291e+01    (341.0,27.0,-455.0,193.0)
16        -9.1111e+01    (341.0,27.0,-454.0,193.0)
17        -9.0829e+01    (340.0,27.0,-454.0,193.0)
18        -9.0369e+01    (340.0,27.0,-453.0,193.0)
19        -9.0016e+01    (340.0,27.0,-452.0,193.0)
20        -8.9728e+01    (339.0,27.0,-452.0,193.0)
21        -8.9528e+01    (339.0,27.0,-451.0,193.0)
22        -8.9369e+01    (339.0,27.0,-451.0,194.0)
23        -8.9407e+01    (339.0,27.0,-451.0,195.0)
24        -8.9462e+01    (339.0,26.0,-451.0,195.0)
25        -8.9419e+01    (339.0,26.0,-451.0,194.0)
26        -8.9469e+01    (339.0,26.0,-450.0,194.0)
27        -8.9442e+01    (339.0,27.0,-450.0,194.0)
28        -8.9502e+01    (339.0,27.0,-450.0,195.0)
29        -8.9532e+01    (339.0,26.0,-450.0,195.0)
30        -8.9717e+01    (339.0,26.0,-450.0,196.0)
31        -8.9695e+01    (339.0,27.0,-450.0,196.0)
32        -8.9656e+01    (339.0,27.0,-451.0,196.0)
33        -8.9699e+01    (339.0,26.0,-451.0,196.0)
34        -8.9893e+01    (339.0,26.0,-452.0,196.0)
35        -8.9649e+01    (339.0,26.0,-452.0,195.0)
36        -8.9591e+01    (339.0,27.0,-452.0,195.0)
37        -8.9556e+01    (339.0,27.0,-452.0,194.0)
38        -8.9610e+01    (339.0,26.0,-452.0,194.0)
39        -8.9760e+01    (339.0,26.0,-452.0,193.0)
40        -8.9558e+01    (339.0,26.0,-451.0,193.0)
41        -8.9520e+01    (339.0,26.0,-450.0,193.0)
42        -8.9507e+01    (339.0,27.0,-450.0,193.0)
43        -8.9582e+01    (338.0,27.0,-450.0,193.0)
44        -8.9448e+01    (338.0,27.0,-449.0,193.0)
45        -8.9307e+01    (337.0,27.0,-449.0,193.0)
46        -8.8859e+01    (337.0,27.0,-448.0,193.0)
47        -8.8478e+01    (337.0,27.0,-447.0,193.0)
48        -8.8130e+01    (336.0,27.0,-447.0,193.0)
49        -8.7847e+01    (336.0,27.0,-446.0,193.0)
50        -8.7662e+01    (336.0,27.0,-446.0,194.0)
51        -8.7636e+01    (336.0,27.0,-445.0,194.0)
52        -8.7677e+01    (336.0,26.0,-445.0,194.0)
53        -8.7719e+01    (336.0,26.0,-446.0,194.0)
54        -8.7755e+01    (336.0,26.0,-446.0,195.0)
55        -8.7694e+01    (336.0,27.0,-446.0,195.0)
56        -8.7683e+01    (336.0,27.0,-445.0,195.0)
57        -8.7728e+01    (336.0,26.0,-445.0,195.0)
58        -8.7921e+01    (336.0,26.0,-444.0,195.0)
59        -8.7841e+01    (336.0,26.0,-444.0,194.0)
60        -8.7817e+01    (335.0,26.0,-444.0,194.0)
61        -8.7753e+01    (335.0,26.0,-444.0,193.0)
62        -8.7662e+01    (335.0,26.0,-443.0,193.0)
63        -8.7349e+01    (334.0,26.0,-443.0,193.0)
64        -8.6979e+01    (334.0,26.0,-442.0,193.0)
65        -8.6621e+01    (333.0,26.0,-442.0,193.0)
66        -8.6266e+01    (333.0,26.0,-441.0,193.0)
67        -8.6093e+01    (333.0,26.0,-440.0,193.0)
68        -8.5950e+01    (333.0,26.0,-440.0,194.0)
69        -8.5899e+01    (333.0,27.0,-440.0,194.0)
70        -8.5936e+01    (333.0,27.0,-440.0,195.0)
71        -8.5992e+01    (333.0,26.0,-440.0,195.0)
72        -8.6107e+01    (333.0,26.0,-439.0,195.0)
73        -8.6042e+01    (333.0,26.0,-439.0,194.0)
74        -8.6018e+01    (333.0,27.0,-439.0,194.0)
75        -8.6073e+01    (333.0,27.0,-439.0,193.0)
76        -8.6058e+01    (332.0,27.0,-439.0,193.0)
77        -8.6018e+01    (332.0,27.0,-438.0,193.0)
78        -8.5841e+01    (331.0,27.0,-438.0,193.0)
79        -8.5481e+01    (331.0,27.0,-437.0,193.0)
80        -8.5121e+01    (330.0,27.0,-437.0,193.0)
81        -8.4685e+01    (330.0,27.0,-436.0,193.0)
82        -8.4429e+01    (330.0,27.0,-435.0,193.0)
83        -8.4247e+01    (330.0,27.0,-435.0,194.0)
84        -8.4258e+01    (330.0,27.0,-434.0,194.0)
85        -8.4296e+01    (330.0,26.0,-434.0,194.0)
86        -8.4303e+01    (330.0,26.0,-435.0,194.0)
87        -8.4340e+01    (330.0,26.0,-435.0,195.0)
88        -8.4279e+01    (330.0,27.0,-435.0,195.0)
89        -8.4308e+01    (330.0,27.0,-434.0,195.0)
90        -8.4349e+01    (330.0,26.0,-434.0,195.0)
91        -8.4407e+01    (329.0,26.0,-434.0,195.0)
92        -8.4338e+01    (329.0,26.0,-434.0,194.0)
93        -8.4318e+01    (329.0,27.0,-434.0,194.0)
94        -8.4356e+01    (329.0,27.0,-434.0,193.0)
95        -8.4335e+01    (329.0,27.0,-433.0,193.0)
96        -8.4304e+01    (329.0,27.0,-433.0,192.0)
97        -8.4152e+01    (329.0,27.0,-432.0,192.0)
98        -8.3933e+01    (328.0,27.0,-432.0,192.0)
99        -8.3694e+01    (328.0,27.0,-431.0,192.0)
100       -8.3437e+01    (327.0,27.0,-431.0,192.0)
101       -8.3187e+01    (327.0,27.0,-430.0,192.0)
102       -8.2865e+01    (327.0,27.0,-430.0,193.0)
103       -8.2686e+01    (327.0,27.0,-430.0,194.0)
104       -8.2576e+01    (327.0,27.0,-429.0,194.0)
105       -8.2582e+01    (326.0,27.0,-429.0,194.0)
106       -8.2615e+01    (326.0,26.0,-429.0,194.0)
107       -8.2623e+01    (327.0,26.0,-429.0,194.0)
108       -8.2668e+01    (327.0,26.0,-429.0,195.0)
109       -8.2617e+01    (327.0,27.0,-429.0,195.0)
110       -8.2635e+01    (326.0,27.0,-429.0,195.0)
111       -8.2672e+01    (326.0,26.0,-429.0,195.0)
112       -8.2727e+01    (326.0,26.0,-428.0,195.0)
113       -8.2651e+01    (326.0,26.0,-428.0,194.0)
114       -8.2639e+01    (326.0,27.0,-428.0,194.0)
115       -8.2644e+01    (326.0,27.0,-428.0,193.0)
116       -8.2648e+01    (326.0,26.0,-428.0,193.0)
117       -8.2669e+01    (326.0,26.0,-427.0,193.0)
118       -8.2462e+01    (325.0,26.0,-427.0,193.0)
119       -8.2203e+01    (325.0,26.0,-426.0,193.0)
120       -8.1777e+01    (324.0,26.0,-426.0,193.0)
121       -8.1394e+01    (324.0,26.0,-425.0,193.0)
122       -8.1170e+01    (324.0,26.0,-424.0,193.0)
123       -8.1033e+01    (324.0,26.0,-424.0,194.0)
124       -8.0935e+01    (323.0,26.0,-424.0,194.0)
125       -8.0891e+01    (323.0,27.0,-424.0,194.0)
126       -8.0897e+01    (323.0,27.0,-423.0,194.0)
127       -8.0924e+01    (323.0,26.0,-423.0,194.0)
128       -8.0977e+01    (323.0,26.0,-423.0,193.0)
129       -8.0963e+01    (323.0,27.0,-423.0,193.0)
130       -8.1012e+01    (323.0,27.0,-422.0,193.0)
131       -8.0938e+01    (322.0,27.0,-422.0,193.0)
132       -8.0722e+01    (322.0,27.0,-421.0,193.0)
133       -8.0359e+01    (321.0,27.0,-421.0,193.0)
134       -7.9922e+01    (321.0,27.0,-420.0,193.0)
135       -7.9626e+01    (321.0,27.0,-419.0,193.0)
136       -7.9432e+01    (320.0,27.0,-419.0,193.0)
137       -7.9270e+01    (320.0,27.0,-419.0,194.0)
138       -7.9189e+01    (320.0,27.0,-418.0,194.0)
139       -7.9230e+01    (320.0,26.0,-418.0,194.0)
140       -7.9280e+01    (320.0,26.0,-418.0,195.0)
141       -7.9236e+01    (320.0,27.0,-418.0,195.0)
142       -7.9307e+01    (320.0,27.0,-419.0,195.0)
143       -7.9363e+01    (320.0,26.0,-419.0,195.0)
144       -7.9321e+01    (320.0,26.0,-419.0,194.0)
145       -7.9463e+01    (320.0,26.0,-419.0,193.0)
146       -7.9334e+01    (320.0,26.0,-418.0,193.0)
147       -7.9310e+01    (320.0,27.0,-418.0,193.0)
148       -7.9340e+01    (320.0,27.0,-417.0,193.0)
149       -7.9330e+01    (320.0,27.0,-417.0,194.0)
150       -7.9343e+01    (320.0,26.0,-417.0,194.0)
151       -7.9344e+01    (320.0,26.0,-417.0,193.0)
152       -7.9364e+01    (319.0,26.0,-417.0,193.0)
153       -7.9197e+01    (319.0,26.0,-416.0,193.0)
154       -7.8960e+01    (318.0,26.0,-416.0,193.0)
155       -7.8531e+01    (318.0,26.0,-415.0,193.0)
156       -7.8195e+01    (318.0,26.0,-414.0,193.0)
157       -7.7933e+01    (317.0,26.0,-414.0,193.0)
158       -7.7734e+01    (317.0,26.0,-413.0,193.0)
159       -7.7592e+01    (317.0,26.0,-413.0,194.0)
160       -7.7540e+01    (317.0,27.0,-413.0,194.0)
161       -7.7577e+01    (317.0,27.0,-413.0,195.0)
162       -7.7633e+01    (317.0,26.0,-413.0,195.0)
163       -7.7701e+01    (317.0,26.0,-412.0,195.0)
164       -7.7641e+01    (317.0,26.0,-412.0,194.0)
165       -7.7611e+01    (317.0,27.0,-412.0,194.0)
166       -7.7669e+01    (317.0,27.0,-412.0,195.0)
167       -7.7868e+01    (317.0,27.0,-412.0,196.0)
168       -7.7829e+01    (317.0,27.0,-413.0,196.0)
169       -7.7873e+01    (317.0,26.0,-413.0,196.0)
170       -7.7892e+01    (317.0,26.0,-412.0,196.0)
171       -7.8050e+01    (316.0,26.0,-412.0,196.0)
172       -7.7927e+01    (316.0,26.0,-412.0,195.0)
173       -7.7840e+01    (316.0,26.0,-412.0,194.0)
174       -7.7750e+01    (316.0,26.0,-411.0,194.0)
175       -7.7660e+01    (316.0,26.0,-411.0,193.0)
176       -7.7539e+01    (316.0,26.0,-410.0,193.0)
177       -7.7140e+01    (315.0,26.0,-410.0,193.0)
178       -7.6781e+01    (315.0,26.0,-409.0,193.0)
179       -7.6467e+01    (314.0,26.0,-409.0,193.0)
180       -7.6191e+01    (314.0,26.0,-408.0,193.0)
181       -7.6028e+01    (314.0,26.0,-408.0,194.0)
182       -7.5971e+01    (314.0,27.0,-408.0,194.0)
183       -7.5940e+01    (314.0,27.0,-407.0,194.0)
184       -7.5983e+01    (314.0,26.0,-407.0,194.0)
185       -7.6032e+01    (314.0,26.0,-407.0,195.0)
186       -7.5984e+01    (314.0,27.0,-407.0,195.0)
187       -7.6003e+01    (314.0,27.0,-408.0,195.0)
188       -7.6065e+01    (314.0,26.0,-408.0,195.0)
189       -7.6316e+01    (314.0,26.0,-408.0,196.0)
190       -7.6253e+01    (314.0,26.0,-407.0,196.0)
191       -7.6217e+01    (314.0,27.0,-407.0,196.0)
192       -7.6267e+01    (314.0,27.0,-408.0,196.0)
193       -7.6573e+01    (314.0,27.0,-409.0,196.0)
194       -7.6329e+01    (314.0,27.0,-409.0,195.0)
195       -7.6290e+01    (314.0,27.0,-409.0,194.0)
196       -7.6337e+01    (314.0,26.0,-409.0,194.0)
197       -7.6382e+01    (314.0,26.0,-409.0,195.0)
198       -7.6614e+01    (314.0,26.0,-409.0,196.0)
199       -7.6831e+01    (313.0,26.0,-409.0,196.0)
200       -7.6589e+01    (313.0,26.0,-408.0,196.0)
201       -7.6429e+01    (313.0,26.0,-408.0,195.0)
202       -7.6294e+01    (313.0,26.0,-407.0,195.0)
203       -7.6217e+01    (313.0,26.0,-407.0,194.0)
204       -7.6164e+01    (313.0,26.0,-406.0,194.0)
205       -7.6104e+01    (313.0,26.0,-406.0,193.0)
206       -7.6029e+01    (313.0,26.0,-405.0,193.0)
207       -7.5755e+01    (312.0,26.0,-405.0,193.0)
208       -7.5397e+01    (312.0,26.0,-404.0,193.0)
209       -7.5062e+01    (311.0,26.0,-404.0,193.0)
210       -7.4711e+01    (311.0,26.0,-403.0,193.0)
211       -7.4540e+01    (311.0,26.0,-402.0,193.0)
212       -7.4392e+01    (311.0,26.0,-402.0,194.0)
213       -7.4340e+01    (311.0,27.0,-402.0,194.0)
214       -7.4375e+01    (311.0,27.0,-402.0,195.0)
215       -7.4433e+01    (311.0,26.0,-402.0,195.0)
216       -7.4547e+01    (311.0,26.0,-401.0,195.0)
217       -7.4484e+01    (311.0,26.0,-401.0,194.0)
218       -7.4457e+01    (311.0,27.0,-401.0,194.0)
219       -7.4516e+01    (311.0,27.0,-401.0,195.0)
220       -7.4623e+01    (310.0,27.0,-401.0,195.0)
221       -7.4546e+01    (310.0,27.0,-401.0,194.0)
222       -7.4536e+01    (310.0,27.0,-401.0,193.0)
223       -7.4509e+01    (310.0,27.0,-400.0,193.0)
224       -7.4374e+01    (309.0,27.0,-400.0,193.0)
225       -7.4028e+01    (309.0,27.0,-399.0,193.0)
226       -7.3697e+01    (308.0,27.0,-399.0,193.0)
227       -7.3265e+01    (308.0,27.0,-398.0,193.0)
228       -7.3011e+01    (308.0,27.0,-397.0,193.0)
229       -7.2826e+01    (308.0,27.0,-397.0,194.0)
230       -7.2833e+01    (308.0,27.0,-396.0,194.0)
231       -7.2873e+01    (308.0,26.0,-396.0,194.0)
232       -7.2882e+01    (308.0,26.0,-397.0,194.0)
233       -7.2919e+01    (308.0,26.0,-397.0,195.0)
234       -7.2857e+01    (308.0,27.0,-397.0,195.0)
235       -7.2880e+01    (308.0,27.0,-396.0,195.0)
236       -7.2924e+01    (308.0,26.0,-396.0,195.0)
237       -7.3008e+01    (307.0,26.0,-396.0,195.0)
238       -7.2941e+01    (307.0,26.0,-396.0,194.0)
239       -7.2920e+01    (307.0,27.0,-396.0,194.0)
240       -7.2963e+01    (307.0,27.0,-396.0,193.0)
241       -7.2952e+01    (307.0,27.0,-395.0,193.0)
242       -7.2935e+01    (307.0,27.0,-395.0,192.0)
243       -7.2802e+01    (307.0,27.0,-394.0,192.0)
244       -7.2601e+01    (306.0,27.0,-394.0,192.0)
245       -7.2379e+01    (306.0,27.0,-393.0,192.0)
246       -7.2138e+01    (305.0,27.0,-393.0,192.0)
247       -7.1903e+01    (305.0,27.0,-392.0,192.0)
248       -7.1581e+01    (305.0,27.0,-392.0,193.0)
249       -7.1404e+01    (305.0,27.0,-392.0,194.0)
250       -7.1288e+01    (305.0,27.0,-391.0,194.0)
251       -7.1316e+01    (304.0,27.0,-391.0,194.0)
252       -7.1350e+01    (304.0,26.0,-391.0,194.0)
253       -7.1336e+01    (305.0,26.0,-391.0,194.0)
254       -7.1380e+01    (305.0,26.0,-391.0,195.0)
255       -7.1327e+01    (305.0,27.0,-391.0,195.0)
256       -7.1368e+01    (304.0,27.0,-391.0,195.0)
257       -7.1406e+01    (304.0,26.0,-391.0,195.0)
258       -7.1464e+01    (304.0,26.0,-390.0,195.0)
259       -7.1390e+01    (304.0,26.0,-390.0,194.0)
260       -7.1376e+01    (304.0,27.0,-390.0,194.0)
261       -7.1389e+01    (304.0,27.0,-390.0,193.0)
262       -7.1394e+01    (304.0,26.0,-390.0,193.0)
263       -7.1429e+01    (304.0,26.0,-391.0,193.0)
264       -7.1410e+01    (304.0,27.0,-391.0,193.0)
265       -7.1440e+01    (305.0,27.0,-391.0,193.0)
266       -7.1469e+01    (305.0,26.0,-391.0,193.0)
267       -7.1482e+01    (305.0,26.0,-390.0,193.0)
268       -7.1447e+01    (305.0,26.0,-390.0,194.0)
269       -7.1425e+01    (305.0,27.0,-390.0,194.0)
270       -7.1471e+01    (305.0,27.0,-390.0,193.0)
271       -7.1592e+01    (305.0,27.0,-390.0,192.0)
272       -7.1460e+01    (304.0,27.0,-390.0,192.0)
273       -7.1337e+01    (304.0,27.0,-389.0,192.0)
274       -7.1180e+01    (303.0,27.0,-389.0,192.0)
275       -7.0970e+01    (303.0,27.0,-388.0,192.0)
276       -7.0743e+01    (302.0,27.0,-388.0,192.0)
277       -7.0492e+01    (302.0,27.0,-387.0,192.0)
278       -7.0217e+01    (302.0,27.0,-387.0,193.0)
279       -6.9994e+01    (302.0,27.0,-386.0,193.0)
280       -6.9832e+01    (302.0,27.0,-386.0,194.0)
281       -6.9760e+01    (301.0,27.0,-386.0,194.0)
282       -6.9765e+01    (301.0,27.0,-385.0,194.0)
283       -6.9794e+01    (301.0,26.0,-385.0,194.0)
284       -6.9805e+01    (301.0,26.0,-386.0,194.0)
285       -6.9852e+01    (301.0,26.0,-386.0,195.0)
286       -6.9803e+01    (301.0,27.0,-386.0,195.0)
287       -6.9822e+01    (301.0,27.0,-385.0,195.0)
288       -6.9854e+01    (301.0,26.0,-385.0,195.0)
289       -6.9949e+01    (302.0,26.0,-385.0,195.0)
290       -6.9892e+01    (302.0,26.0,-385.0,194.0)
291       -6.9858e+01    (302.0,27.0,-385.0,194.0)
292       -6.9912e+01    (302.0,27.0,-385.0,195.0)
293       -6.9870e+01    (302.0,27.0,-386.0,195.0)
294       -6.9925e+01    (302.0,26.0,-386.0,195.0)
295       -6.9883e+01    (302.0,26.0,-386.0,194.0)
296       -7.0024e+01    (302.0,26.0,-386.0,193.0)
297       -6.9922e+01    (301.0,26.0,-386.0,193.0)
298       -6.9854e+01    (301.0,26.0,-385.0,193.0)
299       -6.9838e+01    (301.0,27.0,-385.0,193.0)
300       -6.9896e+01    (301.0,27.0,-386.0,193.0)
301       -7.0109e+01    (301.0,28.0,-386.0,193.0)
302       -6.9997e+01    (301.0,28.0,-385.0,193.0)
303       -6.9956e+01    (301.0,28.0,-384.0,193.0)
304       -6.9874e+01    (300.0,28.0,-384.0,193.0)
305       -6.9678e+01    (300.0,28.0,-383.0,193.0)
306       -6.9421e+01    (299.0,28.0,-383.0,193.0)
307       -6.9088e+01    (299.0,28.0,-382.0,193.0)
308       -6.8836e+01    (299.0,28.0,-381.0,193.0)
309       -6.8614e+01    (299.0,27.0,-381.0,193.0)
310       -6.8436e+01    (298.0,27.0,-381.0,193.0)
311       -6.8276e+01    (298.0,27.0,-381.0,194.0)
312       -6.8190e+01    (298.0,27.0,-380.0,194.0)
313       -6.8233e+01    (298.0,26.0,-380.0,194.0)
314       -6.8282e+01    (298.0,26.0,-380.0,195.0)
315       -6.8235e+01    (298.0,27.0,-380.0,195.0)
316       -6.8313e+01    (298.0,27.0,-381.0,195.0)
317       -6.8368e+01    (298.0,26.0,-381.0,195.0)
318       -6.8326e+01    (298.0,26.0,-381.0,194.0)
319       -6.8467e+01    (298.0,26.0,-381.0,193.0)
320       -6.8342e+01    (298.0,26.0,-380.0,193.0)
321       -6.8317e+01    (298.0,27.0,-380.0,193.0)
322       -6.8354e+01    (298.0,27.0,-379.0,193.0)
323       -6.8333e+01    (298.0,27.0,-379.0,194.0)
324       -6.8349e+01    (298.0,26.0,-379.0,194.0)
325       -6.8361e+01    (298.0,26.0,-379.0,193.0)
326       -6.8413e+01    (297.0,26.0,-379.0,193.0)
327       -6.8261e+01    (297.0,26.0,-378.0,193.0)
328       -6.8062e+01    (296.0,26.0,-378.0,193.0)
329       -6.7645e+01    (296.0,26.0,-377.0,193.0)
330       -6.7316e+01    (296.0,26.0,-376.0,193.0)
331       -6.7071e+01    (295.0,26.0,-376.0,193.0)
332       -6.6876e+01    (295.0,26.0,-375.0,193.0)
333       -6.6730e+01    (295.0,26.0,-375.0,194.0)
334       -6.6678e+01    (295.0,27.0,-375.0,194.0)
335       -6.6714e+01    (295.0,27.0,-375.0,195.0)
336       -6.6771e+01    (295.0,26.0,-375.0,195.0)
337       -6.6836e+01    (295.0,26.0,-374.0,195.0)
338       -6.6778e+01    (295.0,26.0,-374.0,194.0)
339       -6.6746e+01    (295.0,27.0,-374.0,194.0)
340       -6.6801e+01    (295.0,27.0,-374.0,195.0)
341       -6.7006e+01    (295.0,27.0,-374.0,196.0)
342       -6.6967e+01    (295.0,27.0,-375.0,196.0)
343       -6.7012e+01    (295.0,26.0,-375.0,196.0)
344       -6.7033e+01    (295.0,26.0,-374.0,196.0)
345       -6.7206e+01    (295.0,26.0,-373.0,196.0)
346       -6.7085e+01    (295.0,26.0,-373.0,195.0)
347       -6.6997e+01    (295.0,26.0,-373.0,194.0)
348       -6.6937e+01    (294.0,26.0,-373.0,194.0)
349       -6.6850e+01    (294.0,26.0,-373.0,193.0)
350       -6.6746e+01    (294.0,26.0,-372.0,193.0)
351       -6.6383e+01    (293.0,26.0,-372.0,193.0)
352       -6.6034e+01    (293.0,26.0,-371.0,193.0)
353       -6.5740e+01    (292.0,26.0,-371.0,193.0)
354       -6.5467e+01    (292.0,26.0,-370.0,193.0)
355       -6.5304e+01    (292.0,26.0,-370.0,194.0)
356       -6.5247e+01    (292.0,27.0,-370.0,194.0)
357       -6.5210e+01    (292.0,27.0,-369.0,194.0)
358       -6.5252e+01    (292.0,27.0,-369.0,195.0)
359       -6.5278e+01    (292.0,27.0,-370.0,195.0)
360       -6.5340e+01    (292.0,26.0,-370.0,195.0)
361       -6.5302e+01    (292.0,26.0,-369.0,195.0)
362       -6.5255e+01    (292.0,26.0,-369.0,194.0)
363       -6.5375e+01    (292.0,26.0,-369.0,193.0)
364       -6.5349e+01    (292.0,27.0,-369.0,193.0)
365       -6.5428e+01    (292.0,27.0,-368.0,193.0)
366       -6.5412e+01    (292.0,27.0,-368.0,194.0)
367       -6.5427e+01    (292.0,26.0,-368.0,194.0)
368       -6.5433e+01    (292.0,26.0,-368.0,193.0)
369       -6.5420e+01    (291.0,26.0,-368.0,193.0)
370       -6.5361e+01    (291.0,26.0,-367.0,193.0)
371       -6.5125e+01    (290.0,26.0,-367.0,193.0)
372       -6.4780e+01    (290.0,26.0,-366.0,193.0)
373       -6.4468e+01    (289.0,26.0,-366.0,193.0)
374       -6.4122e+01    (289.0,26.0,-365.0,193.0)
375       -6.3953e+01    (289.0,26.0,-364.0,193.0)
376       -6.3800e+01    (289.0,26.0,-364.0,194.0)
377       -6.3746e+01    (289.0,27.0,-364.0,194.0)
378       -6.3781e+01    (289.0,27.0,-364.0,195.0)
379       -6.3840e+01    (289.0,26.0,-364.0,195.0)
380       -6.3952e+01    (289.0,26.0,-363.0,195.0)
381       -6.3892e+01    (289.0,26.0,-363.0,194.0)
382       -6.3862e+01    (289.0,27.0,-363.0,194.0)
383       -6.3918e+01    (289.0,27.0,-363.0,195.0)
384       -6.4060e+01    (288.0,27.0,-363.0,195.0)
385       -6.3984e+01    (288.0,27.0,-363.0,194.0)
386       -6.3978e+01    (288.0,27.0,-363.0,193.0)
387       -6.3941e+01    (289.0,27.0,-363.0,193.0)
388       -6.3921e+01    (289.0,27.0,-364.0,193.0)
389       -6.4055e+01    (288.0,27.0,-364.0,193.0)
390       -6.4011e+01    (288.0,27.0,-364.0,194.0)
391       -6.4033e+01    (288.0,26.0,-364.0,194.0)
392       -6.3993e+01    (288.0,26.0,-363.0,194.0)
393       -6.3980e+01    (288.0,26.0,-363.0,193.0)
394       -6.3953e+01    (288.0,26.0,-362.0,193.0)
395       -6.3855e+01    (287.0,26.0,-362.0,193.0)
396       -6.3537e+01    (287.0,26.0,-361.0,193.0)
397       -6.3246e+01    (286.0,26.0,-361.0,193.0)
398       -6.2840e+01    (286.0,26.0,-360.0,193.0)
399       -6.2593e+01    (286.0,26.0,-359.0,193.0)
400       -6.2428e+01    (286.0,26.0,-359.0,194.0)
401       -6.2371e+01    (286.0,27.0,-359.0,194.0)
402       -6.2373e+01    (286.0,27.0,-358.0,194.0)
403       -6.2416e+01    (286.0,26.0,-358.0,194.0)
404       -6.2465e+01    (286.0,26.0,-358.0,195.0)
405       -6.2418e+01    (286.0,27.0,-358.0,195.0)
406       -6.2402e+01    (286.0,27.0,-359.0,195.0)
407       -6.2465e+01    (286.0,26.0,-359.0,195.0)
408       -6.2641e+01    (285.0,26.0,-359.0,195.0)
409       -6.2576e+01    (285.0,26.0,-358.0,195.0)
410       -6.2510e+01    (285.0,26.0,-358.0,194.0)
411       -6.2487e+01    (285.0,27.0,-358.0,194.0)
412       -6.2534e+01    (285.0,27.0,-358.0,193.0)
413       -6.2502e+01    (286.0,27.0,-358.0,193.0)
414       -6.2527e+01    (286.0,26.0,-358.0,193.0)
415       -6.2545e+01    (285.0,26.0,-358.0,193.0)
416       -6.2531e+01    (285.0,26.0,-357.0,193.0)
417       -6.2520e+01    (285.0,26.0,-357.0,192.0)
418       -6.2399e+01    (285.0,26.0,-356.0,192.0)
419       -6.2221e+01    (284.0,26.0,-356.0,192.0)
420       -6.2019e+01    (284.0,26.0,-355.0,192.0)
421       -6.1800e+01    (283.0,26.0,-355.0,192.0)
422       -6.1583e+01    (283.0,26.0,-354.0,192.0)
423       -6.1297e+01    (283.0,26.0,-354.0,193.0)
424       -6.1142e+01    (283.0,26.0,-354.0,194.0)
425       -6.1015e+01    (283.0,26.0,-353.0,194.0)
426       -6.0965e+01    (283.0,27.0,-353.0,194.0)
427       -6.1003e+01    (283.0,27.0,-353.0,195.0)
428       -6.1058e+01    (283.0,26.0,-353.0,195.0)
429       -6.1106e+01    (282.0,26.0,-353.0,195.0)
430       -6.1050e+01    (282.0,26.0,-353.0,194.0)
431       -6.1015e+01    (282.0,27.0,-353.0,194.0)
432       -6.1067e+01    (282.0,27.0,-353.0,195.0)
433       -6.1148e+01    (282.0,27.0,-352.0,195.0)
434       -6.1078e+01    (282.0,27.0,-352.0,194.0)
435       -6.1094e+01    (282.0,26.0,-352.0,194.0)
436       -6.1106e+01    (282.0,26.0,-352.0,193.0)
437       -6.1099e+01    (282.0,27.0,-352.0,193.0)
438       -6.1113e+01    (282.0,27.0,-353.0,193.0)
439       -6.1124e+01    (283.0,27.0,-353.0,193.0)
440       -6.1154e+01    (283.0,26.0,-353.0,193.0)
441       -6.1133e+01    (282.0,26.0,-353.0,193.0)
442       -6.1283e+01    (282.0,26.0,-354.0,193.0)
443       -6.1189e+01    (282.0,26.0,-354.0,194.0)
444       -6.1151e+01    (282.0,27.0,-354.0,194.0)
445       -6.1088e+01    (283.0,27.0,-354.0,194.0)
446       -6.1121e+01    (283.0,27.0,-354.0,195.0)
447       -6.1181e+01    (283.0,26.0,-354.0,195.0)
448       -6.1242e+01    (282.0,26.0,-354.0,195.0)
449       -6.1199e+01    (282.0,27.0,-354.0,195.0)
450       -6.1420e+01    (282.0,27.0,-354.0,196.0)
451       -6.1280e+01    (282.0,27.0,-353.0,196.0)
452       -6.1252e+01    (283.0,27.0,-353.0,196.0)
453       -6.1295e+01    (283.0,26.0,-353.0,196.0)
454       -6.1309e+01    (282.0,26.0,-353.0,196.0)
455       -6.1328e+01    (282.0,26.0,-352.0,196.0)
456       -6.1166e+01    (282.0,26.0,-352.0,195.0)
457       -6.1192e+01    (283.0,26.0,-352.0,195.0)
458       -6.1128e+01    (283.0,26.0,-352.0,194.0)
459       -6.1103e+01    (283.0,27.0,-352.0,194.0)
460       -6.1161e+01    (283.0,27.0,-352.0,193.0)
461       -6.1174e+01    (283.0,26.0,-352.0,193.0)
462       -6.1294e+01    (283.0,26.0,-351.0,193.0)
463       -6.1155e+01    (282.0,26.0,-351.0,193.0)
464       -6.1023e+01    (281.0,26.0,-351.0,193.0)
465       -6.0795e+01    (281.0,26.0,-350.0,193.0)
466       -6.0431e+01    (280.0,26.0,-350.0,193.0)
467       -6.0060e+01    (280.0,26.0,-349.0,193.0)
468       -5.9844e+01    (280.0,26.0,-348.0,193.0)
469       -5.9700e+01    (280.0,26.0,-348.0,194.0)
470       -5.9640e+01    (279.0,26.0,-348.0,194.0)
471       -5.9595e+01    (279.0,27.0,-348.0,194.0)
472       -5.9598e+01    (279.0,27.0,-347.0,194.0)
473       -5.9629e+01    (279.0,26.0,-347.0,194.0)
474       -5.9688e+01    (279.0,26.0,-347.0,195.0)
475       -5.9654e+01    (279.0,27.0,-347.0,195.0)
476       -5.9638e+01    (279.0,27.0,-348.0,195.0)
477       -5.9684e+01    (280.0,27.0,-348.0,195.0)
478       -5.9648e+01    (280.0,27.0,-348.0,194.0)
479       -5.9672e+01    (280.0,27.0,-347.0,194.0)
480       -5.9708e+01    (280.0,26.0,-347.0,194.0)
481       -5.9763e+01    (280.0,26.0,-347.0,195.0)
482       -5.9723e+01    (280.0,27.0,-347.0,195.0)
483       -5.9938e+01    (280.0,27.0,-347.0,196.0)
484       -5.9856e+01    (279.0,27.0,-347.0,196.0)
485       -5.9874e+01    (279.0,27.0,-348.0,196.0)
486       -5.9912e+01    (279.0,26.0,-348.0,196.0)
487       -5.9687e+01    (279.0,26.0,-348.0,195.0)
488       -5.9741e+01    (280.0,26.0,-348.0,195.0)
489       -5.9981e+01    (280.0,26.0,-348.0,196.0)
490       -5.9937e+01    (280.0,27.0,-348.0,196.0)
491       -6.0171e+01    (280.0,27.0,-349.0,196.0)
492       -5.9932e+01    (280.0,27.0,-349.0,195.0)
493       -5.9877e+01    (279.0,27.0,-349.0,195.0)
494       -5.9830e+01    (279.0,27.0,-349.0,194.0)
495       -5.9870e+01    (279.0,26.0,-349.0,194.0)
496       -5.9921e+01    (279.0,26.0,-349.0,195.0)
497       -5.9982e+01    (280.0,26.0,-349.0,195.0)
498       -5.9936e+01    (280.0,26.0,-349.0,194.0)
499       -5.9890e+01    (280.0,27.0,-349.0,194.0)
500       -6.0033e+01    (280.0,27.0,-349.0,193.0)
501       -5.9813e+01    (280.0,27.0,-348.0,193.0)
502       -5.9732e+01    (279.0,27.0,-348.0,193.0)
503       -5.9678e+01    (279.0,27.0,-347.0,193.0)
504       -5.9695e+01    (279.0,26.0,-347.0,193.0)
505       -5.9746e+01    (279.0,26.0,-346.0,193.0)
506       -5.9736e+01    (278.0,26.0,-346.0,193.0)
507       -5.9553e+01    (278.0,26.0,-345.0,193.0)
508       -5.9275e+01    (277.0,26.0,-345.0,193.0)
509       -5.8874e+01    (277.0,26.0,-344.0,193.0)
510       -5.8596e+01    (277.0,26.0,-343.0,193.0)
511       -5.8436e+01    (276.0,26.0,-343.0,193.0)
512       -5.8298e+01    (276.0,26.0,-343.0,194.0)
513       -5.8201e+01    (276.0,26.0,-342.0,194.0)
514       -5.8158e+01    (276.0,27.0,-342.0,194.0)
515       -5.8201e+01    (276.0,27.0,-342.0,195.0)
516       -5.8249e+01    (276.0,26.0,-342.0,195.0)
517       -5.8340e+01    (276.0,26.0,-343.0,195.0)
518       -5.8286e+01    (276.0,27.0,-343.0,195.0)
519       -5.8248e+01    (276.0,27.0,-343.0,194.0)
520       -5.8406e+01    (276.0,27.0,-343.0,193.0)
521       -5.8290e+01    (276.0,27.0,-342.0,193.0)
522       -5.8316e+01    (276.0,26.0,-342.0,193.0)
523       -5.8342e+01    (276.0,26.0,-341.0,193.0)
524       -5.8320e+01    (276.0,26.0,-341.0,194.0)
525       -5.8301e+01    (276.0,27.0,-341.0,194.0)
526       -5.8333e+01    (276.0,27.0,-341.0,193.0)
527       -5.8434e+01    (276.0,27.0,-341.0,192.0)
528       -5.8350e+01    (276.0,27.0,-340.0,192.0)
529       -5.8206e+01    (275.0,27.0,-340.0,192.0)
530       -5.8046e+01    (275.0,27.0,-339.0,192.0)
531       -5.7818e+01    (274.0,27.0,-339.0,192.0)
532       -5.7601e+01    (274.0,27.0,-338.0,192.0)
533       -5.7381e+01    (274.0,27.0,-338.0,193.0)
534       -5.7145e+01    (273.0,27.0,-338.0,193.0)
535       -5.6951e+01    (273.0,27.0,-337.0,193.0)
536       -5.6782e+01    (273.0,27.0,-337.0,194.0)
537       -5.6817e+01    (273.0,27.0,-337.0,195.0)
538       -5.6875e+01    (273.0,26.0,-337.0,195.0)
539       -5.6835e+01    (273.0,26.0,-337.0,194.0)
540       -5.6881e+01    (273.0,26.0,-336.0,194.0)
541       -5.6847e+01    (273.0,27.0,-336.0,194.0)
542       -5.6899e+01    (273.0,27.0,-336.0,195.0)
543       -5.6937e+01    (273.0,26.0,-336.0,195.0)
544       -5.7139e+01    (273.0,26.0,-336.0,196.0)
545       -5.7110e+01    (273.0,27.0,-336.0,196.0)
546       -5.7072e+01    (273.0,27.0,-337.0,196.0)
547       -5.7117e+01    (273.0,26.0,-337.0,196.0)
548       -5.7317e+01    (273.0,26.0,-338.0,196.0)
549       -5.7081e+01    (273.0,26.0,-338.0,195.0)
550       -5.7026e+01    (273.0,27.0,-338.0,195.0)
551       -5.6988e+01    (273.0,27.0,-338.0,194.0)
552       -5.7038e+01    (273.0,26.0,-338.0,194.0)
553       -5.7175e+01    (273.0,26.0,-338.0,193.0)
554       -5.6983e+01    (273.0,26.0,-337.0,193.0)
555       -5.6961e+01    (273.0,26.0,-336.0,193.0)
556       -5.6942e+01    (273.0,27.0,-336.0,193.0)
557       -5.7065e+01    (273.0,27.0,-335.0,193.0)
558       -5.7016e+01    (272.0,27.0,-335.0,193.0)
559       -5.6935e+01    (272.0,27.0,-334.0,193.0)
560       -5.6592e+01    (271.0,27.0,-334.0,193.0)
561       -5.6239e+01    (271.0,27.0,-333.0,193.0)
562       -5.5952e+01    (270.0,27.0,-333.0,193.0)
563       -5.5674e+01    (270.0,27.0,-332.0,193.0)
564       -5.5489e+01    (270.0,27.0,-332.0,194.0)
565       -5.5446e+01    (270.0,27.0,-331.0,194.0)
566       -5.5486e+01    (270.0,27.0,-331.0,195.0)
567       -5.5521e+01    (270.0,27.0,-332.0,195.0)
568       -5.5583e+01    (270.0,26.0,-332.0,195.0)
569       -5.5538e+01    (270.0,26.0,-331.0,195.0)
570       -5.5493e+01    (270.0,26.0,-331.0,194.0)
571       -5.5546e+01    (270.0,26.0,-332.0,194.0)
572       -5.5709e+01    (270.0,26.0,-332.0,193.0)
573       -5.5619e+01    (270.0,26.0,-331.0,193.0)
574       -5.5592e+01    (270.0,27.0,-331.0,193.0)
575       -5.5678e+01    (270.0,27.0,-330.0,193.0)
576       -5.5649e+01    (270.0,27.0,-330.0,194.0)
577       -5.5667e+01    (270.0,26.0,-330.0,194.0)
578       -5.5686e+01    (270.0,26.0,-330.0,193.0)
579       -5.5701e+01    (269.0,26.0,-330.0,193.0)
580       -5.5657e+01    (269.0,26.0,-329.0,193.0)
581       -5.5460e+01    (268.0,26.0,-329.0,193.0)
582       -5.5128e+01    (268.0,26.0,-328.0,193.0)
583       -5.4839e+01    (267.0,26.0,-328.0,193.0)
584       -5.4498e+01    (267.0,26.0,-327.0,193.0)
585       -5.4332e+01    (267.0,26.0,-326.0,193.0)
586       -5.4175e+01    (267.0,26.0,-326.0,194.0)
587       -5.4120e+01    (267.0,27.0,-326.0,194.0)
588       -5.4153e+01    (267.0,27.0,-326.0,195.0)
589       -5.4213e+01    (267.0,26.0,-326.0,195.0)
590       -5.4322e+01    (267.0,26.0,-325.0,195.0)
591       -5.4265e+01    (267.0,26.0,-325.0,194.0)
592       -5.4232e+01    (267.0,27.0,-325.0,194.0)
593       -5.4285e+01    (267.0,27.0,-325.0,195.0)
594       -5.4461e+01    (266.0,27.0,-325.0,195.0)
595       -5.4386e+01    (266.0,27.0,-325.0,194.0)
596       -5.4385e+01    (266.0,27.0,-325.0,193.0)
597       -5.4323e+01    (267.0,27.0,-325.0,193.0)
598       -5.4298e+01    (267.0,27.0,-326.0,193.0)
599       -5.4453e+01    (266.0,27.0,-326.0,193.0)
600       -5.4409e+01    (266.0,27.0,-326.0,194.0)
601       -5.4430e+01    (266.0,26.0,-326.0,194.0)
602       -5.4397e+01    (266.0,26.0,-325.0,194.0)
603       -5.4388e+01    (266.0,26.0,-325.0,193.0)
604       -5.4341e+01    (267.0,26.0,-325.0,193.0)
605       -5.4471e+01    (267.0,26.0,-324.0,193.0)
606       -5.4375e+01    (266.0,26.0,-324.0,193.0)
607       -5.4307e+01    (266.0,26.0,-324.0,192.0)
608       -5.4191e+01    (266.0,26.0,-323.0,192.0)
609       -5.3993e+01    (265.0,26.0,-323.0,192.0)
610       -5.3801e+01    (265.0,26.0,-322.0,192.0)
611       -5.3593e+01    (264.0,26.0,-322.0,192.0)
612       -5.3350e+01    (264.0,26.0,-322.0,193.0)
613       -5.3106e+01    (264.0,26.0,-321.0,193.0)
614       -5.2940e+01    (264.0,26.0,-321.0,194.0)
615       -5.2883e+01    (264.0,27.0,-321.0,194.0)
616       -5.2879e+01    (264.0,27.0,-320.0,194.0)
617       -5.2922e+01    (264.0,27.0,-320.0,195.0)
618       -5.2914e+01    (264.0,27.0,-321.0,195.0)
619       -5.2976e+01    (264.0,26.0,-321.0,195.0)
620       -5.2971e+01    (264.0,26.0,-320.0,195.0)
621       -5.2924e+01    (264.0,26.0,-320.0,194.0)
622       -5.3043e+01    (263.0,26.0,-320.0,194.0)
623       -5.3020e+01    (263.0,27.0,-320.0,194.0)
624       -5.3071e+01    (263.0,27.0,-320.0,193.0)
625       -5.3017e+01    (264.0,27.0,-320.0,193.0)
626       -5.3044e+01    (264.0,26.0,-320.0,193.0)
627       -5.3083e+01    (263.0,26.0,-320.0,193.0)
628       -5.3079e+01    (263.0,26.0,-319.0,193.0)
629       -5.3079e+01    (263.0,26.0,-319.0,192.0)
630       -5.2977e+01    (263.0,26.0,-318.0,192.0)
631       -5.2818e+01    (262.0,26.0,-318.0,192.0)
632       -5.2633e+01    (262.0,26.0,-317.0,192.0)
633       -5.2429e+01    (261.0,26.0,-317.0,192.0)
634       -5.2227e+01    (261.0,26.0,-316.0,192.0)
635       -5.1944e+01    (261.0,26.0,-316.0,193.0)
636       -5.1792e+01    (261.0,26.0,-316.0,194.0)
637       -5.1661e+01    (261.0,26.0,-315.0,194.0)
638       -5.1609e+01    (261.0,27.0,-315.0,194.0)
639       -5.1645e+01    (261.0,27.0,-315.0,195.0)
640       -5.1702e+01    (261.0,26.0,-315.0,195.0)
641       -5.1771e+01    (260.0,26.0,-315.0,195.0)
642       -5.1716e+01    (260.0,26.0,-315.0,194.0)
643       -5.1681e+01    (260.0,27.0,-315.0,194.0)
644       -5.1732e+01    (260.0,27.0,-315.0,195.0)
645       -5.1813e+01    (260.0,27.0,-314.0,195.0)
646       -5.1745e+01    (260.0,27.0,-314.0,194.0)
647       -5.1746e+01    (261.0,27.0,-314.0,194.0)
648       -5.1774e+01    (261.0,26.0,-314.0,194.0)
649       -5.1763e+01    (260.0,26.0,-314.0,194.0)
650       -5.1783e+01    (260.0,26.0,-314.0,193.0)
651       -5.1775e+01    (260.0,27.0,-314.0,193.0)
652       -5.1781e+01    (260.0,27.0,-315.0,193.0)
653       -5.1773e+01    (261.0,27.0,-315.0,193.0)
654       -5.1804e+01    (261.0,26.0,-315.0,193.0)
655       -5.1801e+01    (260.0,26.0,-315.0,193.0)
656       -5.1945e+01    (260.0,26.0,-316.0,193.0)
657       -5.1854e+01    (260.0,26.0,-316.0,194.0)
658       -5.1817e+01    (260.0,27.0,-316.0,194.0)
659       -5.1738e+01    (261.0,27.0,-316.0,194.0)
660       -5.1772e+01    (261.0,27.0,-316.0,195.0)
661       -5.1831e+01    (261.0,26.0,-316.0,195.0)
662       -5.1908e+01    (260.0,26.0,-316.0,195.0)
663       -5.1867e+01    (260.0,27.0,-316.0,195.0)
664       -5.2085e+01    (260.0,27.0,-316.0,196.0)
665       -5.1946e+01    (260.0,27.0,-315.0,196.0)
666       -5.1898e+01    (261.0,27.0,-315.0,196.0)
667       -5.1942e+01    (261.0,26.0,-315.0,196.0)
668       -5.1976e+01    (260.0,26.0,-315.0,196.0)
669       -5.2000e+01    (260.0,26.0,-314.0,196.0)
670       -5.1834e+01    (260.0,26.0,-314.0,195.0)
671       -5.1836e+01    (261.0,26.0,-314.0,195.0)
672       -5.1804e+01    (261.0,27.0,-314.0,195.0)
673       -5.2001e+01    (261.0,27.0,-314.0,196.0)
674       -5.1985e+01    (260.0,27.0,-314.0,196.0)
675       -5.2138e+01    (260.0,27.0,-313.0,196.0)
676       -5.2032e+01    (260.0,27.0,-313.0,195.0)
677       -5.1938e+01    (260.0,27.0,-313.0,194.0)
678       -5.1856e+01    (260.0,27.0,-313.0,193.0)
679       -5.1765e+01    (259.0,27.0,-313.0,193.0)
680       -5.1547e+01    (259.0,27.0,-312.0,193.0)
681       -5.1196e+01    (258.0,27.0,-312.0,193.0)
682       -5.0815e+01    (258.0,27.0,-311.0,193.0)
683       -5.0597e+01    (258.0,27.0,-310.0,193.0)
684       -5.0430e+01    (258.0,27.0,-310.0,194.0)
685       -5.0396e+01    (257.0,27.0,-310.0,194.0)
686       -5.0397e+01    (257.0,27.0,-309.0,194.0)
687       -5.0429e+01    (257.0,26.0,-309.0,194.0)
688       -5.0441e+01    (257.0,26.0,-310.0,194.0)
689       -5.0482e+01    (258.0,26.0,-310.0,194.0)
690       -5.0489e+01    (258.0,26.0,-309.0,194.0)
691       -5.0451e+01    (258.0,27.0,-309.0,194.0)
692       -5.0500e+01    (258.0,27.0,-309.0,195.0)
693       -5.0451e+01    (257.0,27.0,-309.0,195.0)
694       -5.0439e+01    (257.0,27.0,-310.0,195.0)
695       -5.0466e+01    (258.0,27.0,-310.0,195.0)
696       -5.0523e+01    (258.0,26.0,-310.0,195.0)
697       -5.0488e+01    (257.0,26.0,-310.0,195.0)
698       -5.0487e+01    (257.0,26.0,-309.0,195.0)
699       -5.0542e+01    (258.0,26.0,-309.0,195.0)
700       -5.0753e+01    (258.0,26.0,-309.0,196.0)
701       -5.0685e+01    (257.0,26.0,-309.0,196.0)
702       -5.0658e+01    (257.0,27.0,-309.0,196.0)
703       -5.0675e+01    (257.0,27.0,-310.0,196.0)
704       -5.0713e+01    (257.0,26.0,-310.0,196.0)
705       -5.0764e+01    (258.0,26.0,-310.0,196.0)
706       -5.0720e+01    (258.0,27.0,-310.0,196.0)
707       -5.0721e+01    (258.0,27.0,-309.0,196.0)
708       -5.0909e+01    (258.0,27.0,-308.0,196.0)
709       -5.0761e+01    (258.0,27.0,-308.0,195.0)
710       -5.0665e+01    (257.0,27.0,-308.0,195.0)
711       -5.0585e+01    (257.0,27.0,-308.0,194.0)
712       -5.0563e+01    (257.0,27.0,-308.0,193.0)
713       -5.0484e+01    (257.0,27.0,-309.0,193.0)
714       -5.0502e+01    (257.0,26.0,-309.0,193.0)
715       -5.0559e+01    (257.0,26.0,-310.0,193.0)
716       -5.0533e+01    (257.0,27.0,-310.0,193.0)
717       -5.0744e+01    (257.0,27.0,-311.0,193.0)
718       -5.0633e+01    (257.0,27.0,-311.0,194.0)
719       -5.0671e+01    (257.0,26.0,-311.0,194.0)
720       -5.0722e+01    (258.0,26.0,-311.0,194.0)
721       -5.0678e+01    (258.0,27.0,-311.0,194.0)
722       -5.0720e+01    (258.0,27.0,-311.0,195.0)
723       -5.0682e+01    (257.0,27.0,-311.0,195.0)
724       -5.0724e+01    (257.0,26.0,-311.0,195.0)
725       -5.0769e+01    (258.0,26.0,-311.0,195.0)
726       -5.0995e+01    (258.0,26.0,-311.0,196.0)
727       -5.0935e+01    (257.0,26.0,-311.0,196.0)
728       -5.0902e+01    (257.0,27.0,-311.0,196.0)
729       -5.0957e+01    (258.0,27.0,-311.0,196.0)
730       -5.1231e+01    (258.0,28.0,-311.0,196.0)
731       -5.1027e+01    (258.0,28.0,-310.0,196.0)
732       -5.0835e+01    (258.0,28.0,-310.0,195.0)
733       -5.0767e+01    (257.0,28.0,-310.0,195.0)
734       -5.0703e+01    (257.0,28.0,-310.0,194.0)
735       -5.0642e+01    (257.0,28.0,-309.0,194.0)
736       -5.0655e+01    (257.0,28.0,-309.0,193.0)
737       -5.0641e+01    (257.0,28.0,-308.0,193.0)
738       -5.0613e+01    (256.0,28.0,-308.0,193.0)
739       -5.0451e+01    (256.0,28.0,-307.0,193.0)
740       -5.0248e+01    (255.0,28.0,-307.0,193.0)
741       -4.9940e+01    (255.0,28.0,-306.0,193.0)
742       -4.9709e+01    (255.0,28.0,-305.0,193.0)
743       -4.9487e+01    (255.0,27.0,-305.0,193.0)
744       -4.9340e+01    (255.0,27.0,-305.0,194.0)
745       -4.9186e+01    (254.0,27.0,-305.0,194.0)
746       -4.9091e+01    (254.0,27.0,-304.0,194.0)
747       -4.9134e+01    (254.0,27.0,-304.0,195.0)
748       -4.9183e+01    (254.0,26.0,-304.0,195.0)
749       -4.9136e+01    (254.0,26.0,-304.0,194.0)
750       -4.9235e+01    (254.0,26.0,-305.0,194.0)
751       -4.9278e+01    (254.0,26.0,-305.0,195.0)
752       -4.9224e+01    (254.0,27.0,-305.0,195.0)
753       -4.9380e+01    (255.0,27.0,-305.0,195.0)
754       -4.9287e+01    (255.0,27.0,-304.0,195.0)
755       -4.9243e+01    (255.0,27.0,-304.0,194.0)
756       -4.9286e+01    (255.0,26.0,-304.0,194.0)
757       -4.9334e+01    (255.0,26.0,-304.0,195.0)
758       -4.9432e+01    (255.0,26.0,-305.0,195.0)
759       -4.9387e+01    (255.0,26.0,-305.0,194.0)
760       -4.9515e+01    (255.0,26.0,-305.0,193.0)
761       -4.9371e+01    (254.0,26.0,-305.0,193.0)
762       -4.9255e+01    (254.0,26.0,-304.0,193.0)
763       -4.9228e+01    (254.0,27.0,-304.0,193.0)
764       -4.9277e+01    (254.0,27.0,-303.0,193.0)
765       -4.9234e+01    (254.0,27.0,-303.0,194.0)
766       -4.9256e+01    (254.0,26.0,-303.0,194.0)
767       -4.9288e+01    (254.0,26.0,-303.0,193.0)
768       -4.9388e+01    (254.0,26.0,-303.0,192.0)
769       -4.9315e+01    (254.0,26.0,-302.0,192.0)
770       -4.9188e+01    (253.0,26.0,-302.0,192.0)
771       -4.9046e+01    (253.0,26.0,-301.0,192.0)
772       -4.8843e+01    (252.0,26.0,-301.0,192.0)
773       -4.8646e+01    (252.0,26.0,-300.0,192.0)
774       -4.8455e+01    (252.0,26.0,-300.0,193.0)
775       -4.8244e+01    (251.0,26.0,-300.0,193.0)
776       -4.8055e+01    (251.0,26.0,-299.0,193.0)
777       -4.7905e+01    (251.0,26.0,-299.0,194.0)
778       -4.7852e+01    (251.0,27.0,-299.0,194.0)
779       -4.7887e+01    (251.0,27.0,-299.0,195.0)
780       -4.7945e+01    (251.0,26.0,-299.0,195.0)
781       -4.8004e+01    (251.0,26.0,-298.0,195.0)
782       -4.7950e+01    (251.0,26.0,-298.0,194.0)
783       -4.7913e+01    (251.0,27.0,-298.0,194.0)
784       -4.7963e+01    (251.0,27.0,-298.0,195.0)
785       -4.8180e+01    (251.0,27.0,-298.0,196.0)
786       -4.8143e+01    (251.0,27.0,-299.0,196.0)
787       -4.8189e+01    (251.0,26.0,-299.0,196.0)
788       -4.8211e+01    (251.0,26.0,-298.0,196.0)
789       -4.8400e+01    (251.0,26.0,-297.0,196.0)
790       -4.8264e+01    (251.0,26.0,-297.0,195.0)
791       -4.8182e+01    (251.0,26.0,-297.0,194.0)
792       -4.8149e+01    (251.0,26.0,-297.0,193.0)
793       -4.8038e+01    (251.0,26.0,-298.0,193.0)
794       -4.8017e+01    (251.0,27.0,-298.0,193.0)
795       -4.8023e+01    (251.0,27.0,-299.0,193.0)
796       -4.8215e+01    (251.0,27.0,-300.0,193.0)
797       -4.8064e+01    (251.0,27.0,-300.0,194.0)
798       -4.8104e+01    (251.0,27.0,-300.0,195.0)
799       -4.8157e+01    (251.0,26.0,-300.0,195.0)
800       -4.8112e+01    (251.0,26.0,-300.0,194.0)
801       -4.8363e+01    (252.0,26.0,-300.0,194.0)
802       -4.8166e+01    (252.0,26.0,-299.0,194.0)
803       -4.8124e+01    (252.0,27.0,-299.0,194.0)
804       -4.8148e+01    (252.0,27.0,-298.0,194.0)
805       -4.8176e+01    (252.0,26.0,-298.0,194.0)
806       -4.8232e+01    (252.0,26.0,-298.0,193.0)
807       -4.8217e+01    (252.0,27.0,-298.0,193.0)
808       -4.8248e+01    (252.0,27.0,-299.0,193.0)
809       -4.8273e+01    (252.0,26.0,-299.0,193.0)
810       -4.8487e+01    (252.0,26.0,-299.0,192.0)
811       -4.8335e+01    (251.0,26.0,-299.0,192.0)
812       -4.8223e+01    (251.0,26.0,-298.0,192.0)
813       -4.8149e+01    (251.0,26.0,-297.0,192.0)
814       -4.8052e+01    (250.0,26.0,-297.0,192.0)
815       -4.7926e+01    (250.0,26.0,-296.0,192.0)
816       -4.7754e+01    (249.0,26.0,-296.0,192.0)
817       -4.7555e+01    (249.0,26.0,-295.0,192.0)
818       -4.7384e+01    (249.0,26.0,-294.0,192.0)
819       -4.7206e+01    (249.0,26.0,-294.0,193.0)
820       -4.6915e+01    (248.0,26.0,-294.0,193.0)
821       -4.6754e+01    (248.0,26.0,-294.0,194.0)
822       -4.6696e+01    (248.0,26.0,-293.0,194.0)
823       -4.6648e+01    (248.0,27.0,-293.0,194.0)
824       -4.6687e+01    (248.0,27.0,-293.0,195.0)
825       -4.6730e+01    (248.0,27.0,-294.0,195.0)
826       -4.6698e+01    (248.0,27.0,-294.0,194.0)
827       -4.6881e+01    (248.0,27.0,-294.0,193.0)
828       -4.6800e+01    (248.0,27.0,-293.0,193.0)
829       -4.6829e+01    (248.0,26.0,-293.0,193.0)
830       -4.6903e+01    (248.0,26.0,-292.0,193.0)
831       -4.6873e+01    (248.0,26.0,-292.0,194.0)
832       -4.6852e+01    (248.0,27.0,-292.0,194.0)
833       -4.6893e+01    (248.0,27.0,-292.0,193.0)
834       -4.6950e+01    (247.0,27.0,-292.0,193.0)
835       -4.6932e+01    (247.0,27.0,-291.0,193.0)
836       -4.6770e+01    (246.0,27.0,-291.0,193.0)
837       -4.6437e+01    (246.0,27.0,-290.0,193.0)
838       -4.6159e+01    (245.0,27.0,-290.0,193.0)
839       -4.5807e+01    (245.0,27.0,-289.0,193.0)
840       -4.5635e+01    (245.0,27.0,-289.0,194.0)
841       -4.5459e+01    (245.0,27.0,-288.0,194.0)
842       -4.5492e+01    (245.0,27.0,-288.0,195.0)
843       -4.5553e+01    (245.0,26.0,-288.0,195.0)
844       -4.5515e+01    (245.0,26.0,-288.0,194.0)
845       -4.5604e+01    (245.0,26.0,-287.0,194.0)
846       -4.5568e+01    (245.0,27.0,-287.0,194.0)
847       -4.5619e+01    (245.0,27.0,-287.0,195.0)
848       -4.5658e+01    (245.0,26.0,-287.0,195.0)
849       -4.5842e+01    (244.0,26.0,-287.0,195.0)
850       -4.5766e+01    (244.0,26.0,-287.0,194.0)
851       -4.5755e+01    (244.0,27.0,-287.0,194.0)
852       -4.5758e+01    (244.0,27.0,-287.0,193.0)
853       -4.5669e+01    (245.0,27.0,-287.0,193.0)
854       -4.5642e+01    (245.0,27.0,-288.0,193.0)
855       -4.5675e+01    (245.0,26.0,-288.0,193.0)
856       -4.5690e+01    (245.0,26.0,-287.0,193.0)
857       -4.5761e+01    (244.0,26.0,-287.0,193.0)
858       -4.5761e+01    (244.0,26.0,-286.0,193.0)
859       -4.5703e+01    (244.0,26.0,-286.0,192.0)
860       -4.5606e+01    (244.0,26.0,-285.0,192.0)
861       -4.5426e+01    (243.0,26.0,-285.0,192.0)
862       -4.5251e+01    (243.0,26.0,-284.0,192.0)
863       -4.5058e+01    (242.0,26.0,-284.0,192.0)
864       -4.4825e+01    (242.0,26.0,-284.0,193.0)
865       -4.4584e+01    (242.0,26.0,-283.0,193.0)
866       -4.4419e+01    (242.0,26.0,-283.0,194.0)
867       -4.4361e+01    (242.0,27.0,-283.0,194.0)
868       -4.4351e+01    (242.0,27.0,-282.0,194.0)
869       -4.4392e+01    (242.0,27.0,-282.0,195.0)
870       -4.4392e+01    (242.0,27.0,-283.0,195.0)
871       -4.4455e+01    (242.0,26.0,-283.0,195.0)
872       -4.4443e+01    (242.0,26.0,-282.0,195.0)
873       -4.4398e+01    (242.0,26.0,-282.0,194.0)
874       -4.4526e+01    (242.0,26.0,-282.0,193.0)
875       -4.4498e+01    (242.0,27.0,-282.0,193.0)
876       -4.4549e+01    (242.0,27.0,-283.0,193.0)
877       -4.4658e+01    (241.0,27.0,-283.0,193.0)
878       -4.4573e+01    (241.0,27.0,-282.0,193.0)
879       -4.4518e+01    (241.0,27.0,-282.0,194.0)
880       -4.4542e+01    (241.0,26.0,-282.0,194.0)
881       -4.4585e+01    (241.0,26.0,-282.0,193.0)
882       -4.4592e+01    (241.0,26.0,-281.0,193.0)
883       -4.4593e+01    (241.0,27.0,-281.0,193.0)
884       -4.4612e+01    (241.0,27.0,-281.0,192.0)
885       -4.4533e+01    (241.0,27.0,-280.0,192.0)
886       -4.4391e+01    (240.0,27.0,-280.0,192.0)
887       -4.4221e+01    (240.0,27.0,-279.0,192.0)
888       -4.4028e+01    (239.0,27.0,-279.0,192.0)
889       -4.3836e+01    (239.0,27.0,-278.0,192.0)
890       -4.3525e+01    (239.0,27.0,-278.0,193.0)
891       -4.3354e+01    (239.0,27.0,-278.0,194.0)
892       -4.3219e+01    (239.0,27.0,-277.0,194.0)
893       -4.3254e+01    (239.0,27.0,-277.0,195.0)
894       -4.3312e+01    (239.0,26.0,-277.0,195.0)
895       -4.3272e+01    (239.0,26.0,-277.0,194.0)
896       -4.3348e+01    (238.0,26.0,-277.0,194.0)
897       -4.3312e+01    (238.0,27.0,-277.0,194.0)
898       -4.3363e+01    (238.0,27.0,-277.0,195.0)
899       -4.3403e+01    (238.0,26.0,-277.0,195.0)
900       -4.3467e+01    (238.0,26.0,-276.0,195.0)
901       -4.3398e+01    (238.0,26.0,-276.0,194.0)
902       -4.3378e+01    (238.0,27.0,-276.0,194.0)
903       -4.3355e+01    (239.0,27.0,-276.0,194.0)
904       -4.3386e+01    (239.0,26.0,-276.0,194.0)
905       -4.3445e+01    (239.0,26.0,-276.0,195.0)
906       -4.3410e+01    (239.0,27.0,-276.0,195.0)
907       -4.3444e+01    (238.0,27.0,-276.0,195.0)
908       -4.3621e+01    (238.0,27.0,-276.0,196.0)
909       -4.3578e+01    (238.0,27.0,-277.0,196.0)
910       -4.3509e+01    (239.0,27.0,-277.0,196.0)
911       -4.3555e+01    (239.0,26.0,-277.0,196.0)
912       -4.3609e+01    (238.0,26.0,-277.0,196.0)
913       -4.3637e+01    (238.0,26.0,-276.0,196.0)
914       -4.3640e+01    (239.0,26.0,-276.0,196.0)
915       -4.3614e+01    (239.0,27.0,-276.0,196.0)
916       -4.3826e+01    (239.0,28.0,-276.0,196.0)
917       -4.3665e+01    (239.0,28.0,-276.0,195.0)
918       -4.3593e+01    (239.0,28.0,-276.0,194.0)
919       -4.3559e+01    (238.0,28.0,-276.0,194.0)
920       -4.3542e+01    (238.0,28.0,-276.0,193.0)
921       -4.3415e+01    (238.0,27.0,-276.0,193.0)
922       -4.3414e+01    (238.0,27.0,-277.0,193.0)
923       -4.3389e+01    (239.0,27.0,-277.0,193.0)
924       -4.3420e+01    (239.0,26.0,-277.0,193.0)
925       -4.3434e+01    (238.0,26.0,-277.0,193.0)
926       -4.3424e+01    (238.0,26.0,-276.0,193.0)
927       -4.3454e+01    (239.0,26.0,-276.0,193.0)
928       -4.3437e+01    (239.0,27.0,-276.0,193.0)
929       -4.3603e+01    (239.0,28.0,-276.0,193.0)
930       -4.3630e+01    (239.0,28.0,-277.0,193.0)
931       -4.3567e+01    (239.0,28.0,-277.0,194.0)
932       -4.3575e+01    (238.0,28.0,-277.0,194.0)
933       -4.3597e+01    (238.0,28.0,-277.0,193.0)
934       -4.3682e+01    (238.0,28.0,-277.0,192.0)
935       -4.3568e+01    (238.0,28.0,-276.0,192.0)
936       -4.3470e+01    (238.0,28.0,-275.0,192.0)
937       -4.3363e+01    (237.0,28.0,-275.0,192.0)
938       -4.3215e+01    (237.0,28.0,-274.0,192.0)
939       -4.3062e+01    (236.0,28.0,-274.0,192.0)
940       -4.2885e+01    (236.0,28.0,-273.0,192.0)
941       -4.2735e+01    (236.0,28.0,-272.0,192.0)
942       -4.2588e+01    (236.0,28.0,-272.0,193.0)
943       -4.2347e+01    (236.0,27.0,-272.0,193.0)
944       -4.2178e+01    (236.0,27.0,-272.0,194.0)
945       -4.2163e+01    (235.0,27.0,-272.0,194.0)
946       -4.2162e+01    (235.0,27.0,-271.0,194.0)
947       -4.2196e+01    (235.0,26.0,-271.0,194.0)
948       -4.2207e+01    (235.0,26.0,-272.0,194.0)
949       -4.2231e+01    (236.0,26.0,-272.0,194.0)
950       -4.2236e+01    (236.0,26.0,-271.0,194.0)
951       -4.2196e+01    (236.0,27.0,-271.0,194.0)
952       -4.2242e+01    (236.0,27.0,-271.0,195.0)
953       -4.2213e+01    (236.0,27.0,-272.0,195.0)
954       -4.2206e+01    (235.0,27.0,-272.0,195.0)
955       -4.2215e+01    (235.0,27.0,-271.0,195.0)
956       -4.2252e+01    (235.0,26.0,-271.0,195.0)
957       -4.2255e+01    (235.0,26.0,-272.0,195.0)
958       -4.2271e+01    (236.0,26.0,-272.0,195.0)
959       -4.2287e+01    (236.0,26.0,-271.0,195.0)
960       -4.2503e+01    (236.0,26.0,-271.0,196.0)
961       -4.2453e+01    (235.0,26.0,-271.0,196.0)
962       -4.2425e+01    (235.0,27.0,-271.0,196.0)
963       -4.2441e+01    (235.0,27.0,-272.0,196.0)
964       -4.2468e+01    (236.0,27.0,-272.0,196.0)
965       -4.2468e+01    (236.0,27.0,-271.0,196.0)
966       -4.2664e+01    (236.0,27.0,-270.0,196.0)
967       -4.2509e+01    (236.0,27.0,-270.0,195.0)
968       -4.2431e+01    (235.0,27.0,-270.0,195.0)
969       -4.2354e+01    (235.0,27.0,-270.0,194.0)
970       -4.2343e+01    (235.0,27.0,-270.0,193.0)
971       -4.2255e+01    (235.0,27.0,-271.0,193.0)
972       -4.2274e+01    (235.0,26.0,-271.0,193.0)
973       -4.2325e+01    (235.0,26.0,-272.0,193.0)
974       -4.2299e+01    (235.0,27.0,-272.0,193.0)
975       -4.2505e+01    (235.0,27.0,-273.0,193.0)
976       -4.2401e+01    (235.0,27.0,-273.0,194.0)
977       -4.2431e+01    (236.0,27.0,-273.0,194.0)
978       -4.2474e+01    (236.0,26.0,-273.0,194.0)
979       -4.2438e+01    (235.0,26.0,-273.0,194.0)
980       -4.2492e+01    (235.0,26.0,-273.0,195.0)
981       -4.2452e+01    (235.0,27.0,-273.0,195.0)
982       -4.2475e+01    (236.0,27.0,-273.0,195.0)
983       -4.2523e+01    (236.0,26.0,-273.0,195.0)
984       -4.2745e+01    (236.0,26.0,-273.0,196.0)
985       -4.2514e+01    (236.0,26.0,-272.0,196.0)
986       -4.2479e+01    (235.0,26.0,-272.0,196.0)
987       -4.2699e+01    (235.0,26.0,-273.0,196.0)
988       -4.2668e+01    (235.0,27.0,-273.0,196.0)
989       -4.2708e+01    (236.0,27.0,-273.0,196.0)
990       -4.2976e+01    (236.0,28.0,-273.0,196.0)
991       -4.2778e+01    (236.0,28.0,-272.0,196.0)
992       -4.2586e+01    (236.0,28.0,-272.0,195.0)
993       -4.2525e+01    (236.0,28.0,-272.0,194.0)
994       -4.2469e+01    (235.0,28.0,-272.0,194.0)
995       -4.2414e+01    (235.0,28.0,-271.0,194.0)
996       -4.2431e+01    (235.0,28.0,-271.0,193.0)
997       -4.2430e+01    (235.0,28.0,-270.0,193.0)
998       -4.2412e+01    (235.0,28.0,-270.0,192.0)
999       -4.2326e+01    (235.0,28.0,-269.0,192.0)
