# run = 12
ltot         F            S   
0         -1.9373e+02    (245.0,556.0,556.0,-305.0)
1         -1.9343e+02    (245.0,556.0,555.0,-305.0)
2         -1.9315e+02    (245.0,555.0,555.0,-305.0)
3         -1.9286e+02    (245.0,555.0,555.0,-306.0)
4         -1.9268e+02    (245.0,555.0,554.0,-306.0)
5         -1.9258e+02    (245.0,555.0,554.0,-307.0)
6         -1.9260e+02    (245.0,554.0,554.0,-307.0)
7         -1.9255e+02    (245.0,554.0,553.0,-307.0)
8         -1.9246e+02    (245.0,554.0,553.0,-306.0)
9         -1.9234e+02    (245.0,553.0,553.0,-306.0)
10        -1.9203e+02    (245.0,553.0,552.0,-306.0)
11        -1.9169e+02    (245.0,552.0,552.0,-306.0)
12        -1.9120e+02    (245.0,552.0,551.0,-306.0)
13        -1.9080e+02    (245.0,552.0,550.0,-306.0)
14        -1.9037e+02    (245.0,551.0,550.0,-306.0)
15        -1.9011e+02    (245.0,551.0,549.0,-306.0)
16        -1.8995e+02    (245.0,550.0,549.0,-306.0)
17        -1.8983e+02    (245.0,550.0,548.0,-306.0)
18        -1.8976e+02    (245.0,549.0,548.0,-306.0)
19        -1.8956e+02    (245.0,549.0,547.0,-306.0)
20        -1.8932e+02    (245.0,548.0,547.0,-306.0)
21        -1.8889e+02    (245.0,548.0,546.0,-306.0)
22        -1.8848e+02    (245.0,547.0,546.0,-306.0)
23        -1.8799e+02    (245.0,547.0,545.0,-306.0)
24        -1.8765e+02    (245.0,547.0,544.0,-306.0)
25        -1.8737e+02    (245.0,546.0,544.0,-306.0)
26        -1.8722e+02    (245.0,546.0,543.0,-306.0)
27        -1.8713e+02    (245.0,546.0,543.0,-307.0)
28        -1.8718e+02    (245.0,545.0,543.0,-307.0)
29        -1.8712e+02    (245.0,545.0,542.0,-307.0)
30        -1.8701e+02    (245.0,545.0,542.0,-306.0)
31        -1.8687e+02    (245.0,544.0,542.0,-306.0)
32        -1.8654e+02    (245.0,544.0,541.0,-306.0)
33        -1.8619e+02    (245.0,543.0,541.0,-306.0)
34        -1.8569e+02    (245.0,543.0,540.0,-306.0)
35        -1.8531e+02    (245.0,543.0,539.0,-306.0)
36        -1.8490e+02    (245.0,542.0,539.0,-306.0)
37        -1.8467e+02    (245.0,542.0,538.0,-306.0)
38        -1.8454e+02    (245.0,542.0,538.0,-307.0)
39        -1.8448e+02    (245.0,541.0,538.0,-307.0)
40        -1.8446e+02    (245.0,541.0,537.0,-307.0)
41        -1.8443e+02    (245.0,541.0,537.0,-306.0)
42        -1.8436e+02    (245.0,540.0,537.0,-306.0)
43        -1.8414e+02    (245.0,540.0,536.0,-306.0)
44        -1.8387e+02    (245.0,539.0,536.0,-306.0)
45        -1.8343e+02    (245.0,539.0,535.0,-306.0)
46        -1.8303e+02    (245.0,538.0,535.0,-306.0)
47        -1.8255e+02    (245.0,538.0,534.0,-306.0)
48        -1.8224e+02    (245.0,538.0,533.0,-306.0)
49        -1.8200e+02    (245.0,537.0,533.0,-306.0)
50        -1.8186e+02    (245.0,537.0,532.0,-306.0)
51        -1.8180e+02    (245.0,537.0,532.0,-307.0)
52        -1.8186e+02    (245.0,536.0,532.0,-307.0)
53        -1.8178e+02    (245.0,536.0,531.0,-307.0)
54        -1.8166e+02    (245.0,536.0,531.0,-306.0)
55        -1.8150e+02    (245.0,535.0,531.0,-306.0)
56        -1.8115e+02    (245.0,535.0,530.0,-306.0)
57        -1.8078e+02    (245.0,534.0,530.0,-306.0)
58        -1.8029e+02    (245.0,534.0,529.0,-306.0)
59        -1.7992e+02    (245.0,534.0,528.0,-306.0)
60        -1.7955e+02    (245.0,533.0,528.0,-306.0)
61        -1.7935e+02    (245.0,533.0,527.0,-306.0)
62        -1.7922e+02    (245.0,533.0,527.0,-307.0)
63        -1.7920e+02    (245.0,532.0,527.0,-307.0)
64        -1.7918e+02    (245.0,532.0,526.0,-307.0)
65        -1.7914e+02    (245.0,532.0,526.0,-306.0)
66        -1.7906e+02    (245.0,531.0,526.0,-306.0)
67        -1.7881e+02    (245.0,531.0,525.0,-306.0)
68        -1.7853e+02    (245.0,530.0,525.0,-306.0)
69        -1.7807e+02    (245.0,530.0,524.0,-306.0)
70        -1.7768e+02    (245.0,529.0,524.0,-306.0)
71        -1.7722e+02    (245.0,529.0,523.0,-306.0)
72        -1.7693e+02    (245.0,529.0,522.0,-306.0)
73        -1.7672e+02    (245.0,528.0,522.0,-306.0)
74        -1.7661e+02    (245.0,528.0,521.0,-306.0)
75        -1.7656e+02    (245.0,527.0,521.0,-306.0)
76        -1.7641e+02    (245.0,527.0,520.0,-306.0)
77        -1.7622e+02    (245.0,526.0,520.0,-306.0)
78        -1.7585e+02    (245.0,526.0,519.0,-306.0)
79        -1.7547e+02    (245.0,525.0,519.0,-306.0)
80        -1.7498e+02    (245.0,525.0,518.0,-306.0)
81        -1.7463e+02    (245.0,525.0,517.0,-306.0)
82        -1.7430e+02    (245.0,524.0,517.0,-306.0)
83        -1.7412e+02    (245.0,524.0,516.0,-306.0)
84        -1.7401e+02    (245.0,524.0,516.0,-307.0)
85        -1.7403e+02    (245.0,523.0,516.0,-307.0)
86        -1.7401e+02    (245.0,523.0,515.0,-307.0)
87        -1.7394e+02    (245.0,523.0,515.0,-306.0)
88        -1.7385e+02    (245.0,522.0,515.0,-306.0)
89        -1.7358e+02    (245.0,522.0,514.0,-306.0)
90        -1.7328e+02    (245.0,521.0,514.0,-306.0)
91        -1.7281e+02    (245.0,521.0,513.0,-306.0)
92        -1.7243e+02    (245.0,520.0,513.0,-306.0)
93        -1.7199e+02    (245.0,520.0,512.0,-306.0)
94        -1.7173e+02    (245.0,520.0,511.0,-306.0)
95        -1.7156e+02    (245.0,519.0,511.0,-306.0)
96        -1.7146e+02    (245.0,519.0,510.0,-306.0)
97        -1.7141e+02    (245.0,518.0,510.0,-306.0)
98        -1.7124e+02    (245.0,518.0,509.0,-306.0)
99        -1.7104e+02    (245.0,517.0,509.0,-306.0)
100       -1.7065e+02    (245.0,517.0,508.0,-306.0)
101       -1.7027e+02    (245.0,516.0,508.0,-306.0)
102       -1.6979e+02    (245.0,516.0,507.0,-306.0)
103       -1.6945e+02    (245.0,516.0,506.0,-306.0)
104       -1.6916e+02    (245.0,515.0,506.0,-306.0)
105       -1.6901e+02    (245.0,515.0,505.0,-306.0)
106       -1.6891e+02    (245.0,515.0,505.0,-307.0)
107       -1.6895e+02    (245.0,514.0,505.0,-307.0)
108       -1.6893e+02    (245.0,514.0,504.0,-307.0)
109       -1.6884e+02    (245.0,514.0,504.0,-306.0)
110       -1.6874e+02    (245.0,513.0,504.0,-306.0)
111       -1.6845e+02    (245.0,513.0,503.0,-306.0)
112       -1.6812e+02    (245.0,512.0,503.0,-306.0)
113       -1.6765e+02    (245.0,512.0,502.0,-306.0)
114       -1.6728e+02    (245.0,512.0,501.0,-306.0)
115       -1.6687e+02    (245.0,511.0,501.0,-306.0)
116       -1.6664e+02    (245.0,511.0,500.0,-306.0)
117       -1.6650e+02    (245.0,511.0,500.0,-307.0)
118       -1.6642e+02    (245.0,510.0,500.0,-307.0)
119       -1.6642e+02    (245.0,510.0,499.0,-307.0)
120       -1.6641e+02    (245.0,510.0,499.0,-306.0)
121       -1.6636e+02    (245.0,509.0,499.0,-306.0)
122       -1.6618e+02    (245.0,509.0,498.0,-306.0)
123       -1.6595e+02    (245.0,508.0,498.0,-306.0)
124       -1.6554e+02    (245.0,508.0,497.0,-306.0)
125       -1.6516e+02    (245.0,507.0,497.0,-306.0)
126       -1.6469e+02    (245.0,507.0,496.0,-306.0)
127       -1.6438e+02    (245.0,507.0,495.0,-306.0)
128       -1.6413e+02    (245.0,506.0,495.0,-306.0)
129       -1.6399e+02    (245.0,506.0,495.0,-307.0)
130       -1.6392e+02    (245.0,506.0,494.0,-307.0)
131       -1.6398e+02    (245.0,505.0,494.0,-307.0)
132       -1.6395e+02    (245.0,505.0,493.0,-307.0)
133       -1.6384e+02    (245.0,505.0,493.0,-306.0)
134       -1.6372e+02    (245.0,504.0,493.0,-306.0)
135       -1.6341e+02    (245.0,504.0,492.0,-306.0)
136       -1.6307e+02    (245.0,503.0,492.0,-306.0)
137       -1.6260e+02    (245.0,503.0,491.0,-306.0)
138       -1.6224e+02    (245.0,503.0,490.0,-306.0)
139       -1.6186e+02    (245.0,502.0,490.0,-306.0)
140       -1.6166e+02    (245.0,502.0,489.0,-306.0)
141       -1.6152e+02    (245.0,502.0,489.0,-307.0)
142       -1.6149e+02    (245.0,501.0,489.0,-307.0)
143       -1.6149e+02    (245.0,501.0,488.0,-307.0)
144       -1.6146e+02    (245.0,501.0,488.0,-306.0)
145       -1.6141e+02    (245.0,500.0,488.0,-306.0)
146       -1.6121e+02    (245.0,500.0,487.0,-306.0)
147       -1.6096e+02    (245.0,499.0,487.0,-306.0)
148       -1.6054e+02    (245.0,499.0,486.0,-306.0)
149       -1.6015e+02    (245.0,498.0,486.0,-306.0)
150       -1.5970e+02    (245.0,498.0,485.0,-306.0)
151       -1.5942e+02    (245.0,498.0,484.0,-306.0)
152       -1.5920e+02    (245.0,497.0,484.0,-306.0)
153       -1.5907e+02    (245.0,497.0,484.0,-307.0)
154       -1.5904e+02    (245.0,497.0,483.0,-307.0)
155       -1.5909e+02    (245.0,497.0,483.0,-306.0)
156       -1.5906e+02    (245.0,496.0,483.0,-306.0)
157       -1.5894e+02    (245.0,496.0,482.0,-306.0)
158       -1.5879e+02    (245.0,495.0,482.0,-306.0)
159       -1.5846e+02    (245.0,495.0,481.0,-306.0)
160       -1.5811e+02    (245.0,494.0,481.0,-306.0)
161       -1.5764e+02    (245.0,494.0,480.0,-306.0)
162       -1.5730e+02    (245.0,494.0,479.0,-306.0)
163       -1.5695e+02    (245.0,493.0,479.0,-306.0)
164       -1.5678e+02    (245.0,493.0,478.0,-306.0)
165       -1.5666e+02    (245.0,493.0,478.0,-307.0)
166       -1.5666e+02    (245.0,492.0,478.0,-307.0)
167       -1.5667e+02    (245.0,492.0,477.0,-307.0)
168       -1.5662e+02    (245.0,492.0,477.0,-306.0)
169       -1.5656e+02    (245.0,491.0,477.0,-306.0)
170       -1.5633e+02    (245.0,491.0,476.0,-306.0)
171       -1.5606e+02    (245.0,490.0,476.0,-306.0)
172       -1.5563e+02    (245.0,490.0,475.0,-306.0)
173       -1.5525e+02    (245.0,489.0,475.0,-306.0)
174       -1.5482e+02    (245.0,489.0,474.0,-306.0)
175       -1.5456e+02    (245.0,489.0,473.0,-306.0)
176       -1.5438e+02    (245.0,488.0,473.0,-306.0)
177       -1.5427e+02    (245.0,488.0,473.0,-307.0)
178       -1.5425e+02    (245.0,488.0,472.0,-307.0)
179       -1.5429e+02    (245.0,488.0,472.0,-306.0)
180       -1.5426e+02    (245.0,487.0,472.0,-306.0)
181       -1.5413e+02    (245.0,487.0,471.0,-306.0)
182       -1.5396e+02    (245.0,486.0,471.0,-306.0)
183       -1.5361e+02    (245.0,486.0,470.0,-306.0)
184       -1.5325e+02    (245.0,485.0,470.0,-306.0)
185       -1.5279e+02    (245.0,485.0,469.0,-306.0)
186       -1.5246e+02    (245.0,485.0,468.0,-306.0)
187       -1.5216e+02    (245.0,484.0,468.0,-306.0)
188       -1.5200e+02    (245.0,484.0,468.0,-307.0)
189       -1.5190e+02    (245.0,484.0,467.0,-307.0)
190       -1.5194e+02    (245.0,483.0,467.0,-307.0)
191       -1.5194e+02    (245.0,483.0,466.0,-307.0)
192       -1.5187e+02    (245.0,483.0,466.0,-306.0)
193       -1.5179e+02    (245.0,482.0,466.0,-306.0)
194       -1.5155e+02    (245.0,482.0,465.0,-306.0)
195       -1.5126e+02    (245.0,481.0,465.0,-306.0)
196       -1.5082e+02    (245.0,481.0,464.0,-306.0)
197       -1.5045e+02    (245.0,480.0,464.0,-306.0)
198       -1.5004e+02    (245.0,480.0,463.0,-306.0)
199       -1.4982e+02    (245.0,480.0,462.0,-306.0)
200       -1.4967e+02    (245.0,479.0,462.0,-306.0)
201       -1.4957e+02    (245.0,479.0,462.0,-307.0)
202       -1.4958e+02    (245.0,479.0,461.0,-307.0)
203       -1.4959e+02    (245.0,479.0,461.0,-306.0)
204       -1.4956e+02    (245.0,478.0,461.0,-306.0)
205       -1.4942e+02    (245.0,478.0,460.0,-306.0)
206       -1.4923e+02    (245.0,477.0,460.0,-306.0)
207       -1.4886e+02    (245.0,477.0,459.0,-306.0)
208       -1.4849e+02    (245.0,476.0,459.0,-306.0)
209       -1.4804e+02    (245.0,476.0,458.0,-306.0)
210       -1.4774e+02    (245.0,476.0,457.0,-306.0)
211       -1.4747e+02    (245.0,475.0,457.0,-306.0)
212       -1.4732e+02    (245.0,475.0,457.0,-307.0)
213       -1.4725e+02    (245.0,475.0,456.0,-307.0)
214       -1.4731e+02    (245.0,474.0,456.0,-307.0)
215       -1.4730e+02    (245.0,474.0,456.0,-306.0)
216       -1.4722e+02    (245.0,474.0,455.0,-306.0)
217       -1.4713e+02    (245.0,473.0,455.0,-306.0)
218       -1.4686e+02    (245.0,473.0,454.0,-306.0)
219       -1.4655e+02    (245.0,472.0,454.0,-306.0)
220       -1.4611e+02    (245.0,472.0,453.0,-306.0)
221       -1.4576e+02    (245.0,471.0,453.0,-306.0)
222       -1.4537e+02    (245.0,471.0,452.0,-306.0)
223       -1.4517e+02    (245.0,471.0,451.0,-306.0)
224       -1.4504e+02    (245.0,471.0,451.0,-307.0)
225       -1.4498e+02    (245.0,470.0,451.0,-307.0)
226       -1.4500e+02    (245.0,470.0,450.0,-307.0)
227       -1.4499e+02    (245.0,470.0,450.0,-306.0)
228       -1.4496e+02    (245.0,469.0,450.0,-306.0)
229       -1.4480e+02    (245.0,469.0,449.0,-306.0)
230       -1.4459e+02    (245.0,468.0,449.0,-306.0)
231       -1.4420e+02    (245.0,468.0,448.0,-306.0)
232       -1.4383e+02    (245.0,467.0,448.0,-306.0)
233       -1.4339e+02    (245.0,467.0,447.0,-306.0)
234       -1.4312e+02    (245.0,467.0,446.0,-306.0)
235       -1.4288e+02    (245.0,466.0,446.0,-306.0)
236       -1.4274e+02    (245.0,466.0,446.0,-307.0)
237       -1.4271e+02    (245.0,466.0,445.0,-307.0)
238       -1.4278e+02    (245.0,466.0,445.0,-306.0)
239       -1.4276e+02    (245.0,465.0,445.0,-306.0)
240       -1.4267e+02    (245.0,465.0,444.0,-306.0)
241       -1.4256e+02    (245.0,464.0,444.0,-306.0)
242       -1.4227e+02    (245.0,464.0,443.0,-306.0)
243       -1.4194e+02    (245.0,463.0,443.0,-306.0)
244       -1.4150e+02    (245.0,463.0,442.0,-306.0)
245       -1.4117e+02    (245.0,463.0,441.0,-306.0)
246       -1.4081e+02    (245.0,462.0,441.0,-306.0)
247       -1.4064e+02    (245.0,462.0,440.0,-306.0)
248       -1.4051e+02    (245.0,462.0,440.0,-307.0)
249       -1.4050e+02    (245.0,461.0,440.0,-307.0)
250       -1.4053e+02    (245.0,461.0,439.0,-307.0)
251       -1.4050e+02    (245.0,461.0,439.0,-306.0)
252       -1.4046e+02    (245.0,460.0,439.0,-306.0)
253       -1.4028e+02    (245.0,460.0,438.0,-306.0)
254       -1.4004e+02    (245.0,459.0,438.0,-306.0)
255       -1.3964e+02    (245.0,459.0,437.0,-306.0)
256       -1.3928e+02    (245.0,458.0,437.0,-306.0)
257       -1.3886e+02    (245.0,458.0,436.0,-306.0)
258       -1.3860e+02    (245.0,458.0,435.0,-306.0)
259       -1.3841e+02    (245.0,457.0,435.0,-306.0)
260       -1.3828e+02    (245.0,457.0,435.0,-307.0)
261       -1.3827e+02    (245.0,457.0,434.0,-307.0)
262       -1.3833e+02    (245.0,457.0,434.0,-306.0)
263       -1.3831e+02    (245.0,456.0,434.0,-306.0)
264       -1.3821e+02    (245.0,456.0,433.0,-306.0)
265       -1.3808e+02    (245.0,455.0,433.0,-306.0)
266       -1.3777e+02    (245.0,455.0,432.0,-306.0)
267       -1.3744e+02    (245.0,454.0,432.0,-306.0)
268       -1.3699e+02    (245.0,454.0,431.0,-306.0)
269       -1.3668e+02    (245.0,454.0,430.0,-306.0)
270       -1.3636e+02    (245.0,453.0,430.0,-306.0)
271       -1.3620e+02    (245.0,453.0,430.0,-307.0)
272       -1.3609e+02    (245.0,453.0,429.0,-307.0)
273       -1.3612e+02    (245.0,452.0,429.0,-307.0)
274       -1.3615e+02    (245.0,452.0,429.0,-306.0)
275       -1.3610e+02    (245.0,452.0,428.0,-306.0)
276       -1.3605e+02    (245.0,451.0,428.0,-306.0)
277       -1.3585e+02    (245.0,451.0,427.0,-306.0)
278       -1.3559e+02    (245.0,450.0,427.0,-306.0)
279       -1.3518e+02    (245.0,450.0,426.0,-306.0)
280       -1.3483e+02    (245.0,449.0,426.0,-306.0)
281       -1.3442e+02    (245.0,449.0,425.0,-306.0)
282       -1.3420e+02    (245.0,449.0,424.0,-306.0)
283       -1.3404e+02    (245.0,448.0,424.0,-306.0)
284       -1.3393e+02    (245.0,448.0,424.0,-307.0)
285       -1.3394e+02    (245.0,448.0,423.0,-307.0)
286       -1.3397e+02    (245.0,448.0,423.0,-306.0)
287       -1.3396e+02    (245.0,447.0,423.0,-306.0)
288       -1.3385e+02    (245.0,447.0,422.0,-306.0)
289       -1.3370e+02    (245.0,446.0,422.0,-306.0)
290       -1.3337e+02    (245.0,446.0,421.0,-306.0)
291       -1.3303e+02    (245.0,445.0,421.0,-306.0)
292       -1.3259e+02    (245.0,445.0,420.0,-306.0)
293       -1.3229e+02    (245.0,445.0,419.0,-306.0)
294       -1.3201e+02    (245.0,444.0,419.0,-306.0)
295       -1.3186e+02    (245.0,444.0,419.0,-307.0)
296       -1.3179e+02    (245.0,444.0,418.0,-307.0)
297       -1.3184e+02    (245.0,443.0,418.0,-307.0)
298       -1.3185e+02    (245.0,443.0,418.0,-306.0)
299       -1.3180e+02    (245.0,443.0,417.0,-306.0)
300       -1.3174e+02    (245.0,442.0,417.0,-306.0)
301       -1.3152e+02    (245.0,442.0,416.0,-306.0)
302       -1.3124e+02    (245.0,441.0,416.0,-306.0)
303       -1.3082e+02    (245.0,441.0,415.0,-306.0)
304       -1.3048e+02    (245.0,440.0,415.0,-306.0)
305       -1.3010e+02    (245.0,440.0,414.0,-306.0)
306       -1.2990e+02    (245.0,440.0,413.0,-306.0)
307       -1.2976e+02    (245.0,440.0,413.0,-307.0)
308       -1.2968e+02    (245.0,439.0,413.0,-307.0)
309       -1.2972e+02    (245.0,439.0,412.0,-307.0)
310       -1.2973e+02    (245.0,439.0,412.0,-306.0)
311       -1.2971e+02    (245.0,438.0,412.0,-306.0)
312       -1.2959e+02    (245.0,438.0,411.0,-306.0)
313       -1.2941e+02    (245.0,437.0,411.0,-306.0)
314       -1.2907e+02    (245.0,437.0,410.0,-306.0)
315       -1.2872e+02    (245.0,436.0,410.0,-306.0)
316       -1.2829e+02    (245.0,436.0,409.0,-306.0)
317       -1.2802e+02    (245.0,436.0,408.0,-306.0)
318       -1.2777e+02    (245.0,435.0,408.0,-306.0)
319       -1.2762e+02    (245.0,435.0,408.0,-307.0)
320       -1.2759e+02    (245.0,435.0,407.0,-307.0)
321       -1.2767e+02    (245.0,434.0,407.0,-307.0)
322       -1.2766e+02    (245.0,434.0,407.0,-306.0)
323       -1.2760e+02    (245.0,434.0,406.0,-306.0)
324       -1.2752e+02    (245.0,433.0,406.0,-306.0)
325       -1.2728e+02    (245.0,433.0,405.0,-306.0)
326       -1.2698e+02    (245.0,432.0,405.0,-306.0)
327       -1.2656e+02    (245.0,432.0,404.0,-306.0)
328       -1.2624e+02    (245.0,431.0,404.0,-306.0)
329       -1.2588e+02    (245.0,431.0,403.0,-306.0)
330       -1.2571e+02    (245.0,431.0,402.0,-306.0)
331       -1.2557e+02    (245.0,431.0,402.0,-307.0)
332       -1.2554e+02    (245.0,430.0,402.0,-307.0)
333       -1.2559e+02    (245.0,430.0,401.0,-307.0)
334       -1.2558e+02    (245.0,430.0,401.0,-306.0)
335       -1.2556e+02    (245.0,429.0,401.0,-306.0)
336       -1.2542e+02    (245.0,429.0,400.0,-306.0)
337       -1.2522e+02    (245.0,428.0,400.0,-306.0)
338       -1.2486e+02    (245.0,428.0,399.0,-306.0)
339       -1.2451e+02    (245.0,427.0,399.0,-306.0)
340       -1.2410e+02    (245.0,427.0,398.0,-306.0)
341       -1.2385e+02    (245.0,427.0,397.0,-306.0)
342       -1.2364e+02    (245.0,426.0,397.0,-306.0)
343       -1.2350e+02    (245.0,426.0,397.0,-307.0)
344       -1.2350e+02    (245.0,426.0,396.0,-307.0)
345       -1.2357e+02    (245.0,426.0,396.0,-306.0)
346       -1.2356e+02    (245.0,425.0,396.0,-306.0)
347       -1.2350e+02    (245.0,425.0,395.0,-306.0)
348       -1.2340e+02    (245.0,424.0,395.0,-306.0)
349       -1.2313e+02    (245.0,424.0,394.0,-306.0)
350       -1.2282e+02    (245.0,423.0,394.0,-306.0)
351       -1.2240e+02    (245.0,423.0,393.0,-306.0)
352       -1.2210e+02    (245.0,423.0,392.0,-306.0)
353       -1.2177e+02    (245.0,422.0,392.0,-306.0)
354       -1.2161e+02    (245.0,422.0,392.0,-307.0)
355       -1.2150e+02    (245.0,422.0,391.0,-307.0)
356       -1.2151e+02    (245.0,421.0,391.0,-307.0)
357       -1.2156e+02    (245.0,421.0,391.0,-306.0)
358       -1.2153e+02    (245.0,421.0,390.0,-306.0)
359       -1.2151e+02    (245.0,420.0,390.0,-306.0)
360       -1.2135e+02    (245.0,420.0,389.0,-306.0)
361       -1.2112e+02    (245.0,419.0,389.0,-306.0)
362       -1.2075e+02    (245.0,419.0,388.0,-306.0)
363       -1.2040e+02    (245.0,418.0,388.0,-306.0)
364       -1.2001e+02    (245.0,418.0,387.0,-306.0)
365       -1.1979e+02    (245.0,418.0,386.0,-306.0)
366       -1.1961e+02    (245.0,417.0,386.0,-306.0)
367       -1.1949e+02    (245.0,417.0,386.0,-307.0)
368       -1.1951e+02    (245.0,417.0,385.0,-307.0)
369       -1.1956e+02    (245.0,417.0,385.0,-306.0)
370       -1.1956e+02    (245.0,416.0,385.0,-306.0)
371       -1.1949e+02    (245.0,416.0,384.0,-306.0)
372       -1.1937e+02    (245.0,415.0,384.0,-306.0)
373       -1.1908e+02    (245.0,415.0,383.0,-306.0)
374       -1.1876e+02    (245.0,414.0,383.0,-306.0)
375       -1.1835e+02    (245.0,414.0,382.0,-306.0)
376       -1.1806e+02    (245.0,414.0,381.0,-306.0)
377       -1.1776e+02    (245.0,413.0,381.0,-306.0)
378       -1.1761e+02    (245.0,413.0,381.0,-307.0)
379       -1.1753e+02    (245.0,413.0,380.0,-307.0)
380       -1.1758e+02    (245.0,412.0,380.0,-307.0)
381       -1.1761e+02    (245.0,412.0,380.0,-306.0)
382       -1.1758e+02    (245.0,412.0,379.0,-306.0)
383       -1.1755e+02    (244.0,412.0,379.0,-306.0)
384       -1.1743e+02    (244.0,411.0,379.0,-306.0)
385       -1.1725e+02    (244.0,411.0,378.0,-306.0)
386       -1.1702e+02    (244.0,410.0,378.0,-306.0)
387       -1.1673e+02    (244.0,410.0,377.0,-306.0)
388       -1.1646e+02    (244.0,409.0,377.0,-306.0)
389       -1.1618e+02    (244.0,409.0,376.0,-306.0)
390       -1.1599e+02    (244.0,409.0,375.0,-306.0)
391       -1.1582e+02    (244.0,408.0,375.0,-306.0)
392       -1.1569e+02    (245.0,408.0,375.0,-306.0)
393       -1.1559e+02    (245.0,408.0,375.0,-307.0)
394       -1.1563e+02    (245.0,408.0,374.0,-307.0)
395       -1.1566e+02    (245.0,408.0,374.0,-306.0)
396       -1.1567e+02    (245.0,407.0,374.0,-306.0)
397       -1.1558e+02    (245.0,407.0,373.0,-306.0)
398       -1.1544e+02    (245.0,406.0,373.0,-306.0)
399       -1.1513e+02    (245.0,406.0,372.0,-306.0)
400       -1.1480e+02    (245.0,405.0,372.0,-306.0)
401       -1.1439e+02    (245.0,405.0,371.0,-306.0)
402       -1.1413e+02    (245.0,405.0,370.0,-306.0)
403       -1.1387e+02    (245.0,404.0,370.0,-306.0)
404       -1.1371e+02    (245.0,404.0,370.0,-307.0)
405       -1.1368e+02    (245.0,404.0,369.0,-307.0)
406       -1.1375e+02    (245.0,404.0,369.0,-308.0)
407       -1.1378e+02    (245.0,404.0,370.0,-308.0)
408       -1.1395e+02    (245.0,403.0,370.0,-308.0)
409       -1.1385e+02    (245.0,403.0,370.0,-307.0)
410       -1.1375e+02    (245.0,403.0,369.0,-307.0)
411       -1.1376e+02    (245.0,403.0,369.0,-306.0)
412       -1.1373e+02    (245.0,403.0,368.0,-306.0)
413       -1.1368e+02    (244.0,403.0,368.0,-306.0)
414       -1.1356e+02    (244.0,402.0,368.0,-306.0)
415       -1.1336e+02    (244.0,402.0,367.0,-306.0)
416       -1.1313e+02    (244.0,401.0,367.0,-306.0)
417       -1.1284e+02    (244.0,401.0,366.0,-306.0)
418       -1.1258e+02    (244.0,400.0,366.0,-306.0)
419       -1.1231e+02    (244.0,400.0,365.0,-306.0)
420       -1.1214e+02    (244.0,400.0,364.0,-306.0)
421       -1.1198e+02    (245.0,400.0,364.0,-306.0)
422       -1.1184e+02    (245.0,400.0,364.0,-307.0)
423       -1.1179e+02    (245.0,399.0,364.0,-307.0)
424       -1.1185e+02    (245.0,399.0,363.0,-307.0)
425       -1.1186e+02    (245.0,399.0,363.0,-306.0)
426       -1.1187e+02    (245.0,398.0,363.0,-306.0)
427       -1.1176e+02    (245.0,398.0,362.0,-306.0)
428       -1.1160e+02    (245.0,397.0,362.0,-306.0)
429       -1.1128e+02    (245.0,397.0,361.0,-306.0)
430       -1.1094e+02    (245.0,396.0,361.0,-306.0)
431       -1.1054e+02    (245.0,396.0,360.0,-306.0)
432       -1.1030e+02    (245.0,396.0,359.0,-306.0)
433       -1.1008e+02    (245.0,395.0,359.0,-306.0)
434       -1.0993e+02    (245.0,395.0,359.0,-307.0)
435       -1.0993e+02    (245.0,395.0,358.0,-307.0)
436       -1.1001e+02    (245.0,395.0,358.0,-308.0)
437       -1.1000e+02    (245.0,395.0,359.0,-308.0)
438       -1.1022e+02    (245.0,394.0,359.0,-308.0)
439       -1.1011e+02    (245.0,394.0,359.0,-307.0)
440       -1.1003e+02    (245.0,394.0,358.0,-307.0)
441       -1.1001e+02    (245.0,394.0,358.0,-306.0)
442       -1.0998e+02    (245.0,394.0,357.0,-306.0)
443       -1.0991e+02    (245.0,394.0,357.0,-305.0)
444       -1.0974e+02    (245.0,393.0,357.0,-305.0)
445       -1.0955e+02    (245.0,393.0,356.0,-305.0)
446       -1.0934e+02    (245.0,392.0,356.0,-305.0)
447       -1.0911e+02    (245.0,392.0,355.0,-305.0)
448       -1.0889e+02    (245.0,391.0,355.0,-305.0)
449       -1.0868e+02    (245.0,391.0,354.0,-305.0)
450       -1.0838e+02    (245.0,391.0,354.0,-306.0)
451       -1.0823e+02    (245.0,391.0,354.0,-307.0)
452       -1.0811e+02    (245.0,391.0,353.0,-307.0)
453       -1.0810e+02    (245.0,390.0,353.0,-307.0)
454       -1.0817e+02    (245.0,390.0,353.0,-306.0)
455       -1.0816e+02    (245.0,390.0,352.0,-306.0)
456       -1.0816e+02    (245.0,389.0,352.0,-306.0)
457       -1.0804e+02    (245.0,389.0,351.0,-306.0)
458       -1.0786e+02    (245.0,388.0,351.0,-306.0)
459       -1.0752e+02    (245.0,388.0,350.0,-306.0)
460       -1.0719e+02    (245.0,387.0,350.0,-306.0)
461       -1.0680e+02    (245.0,387.0,349.0,-306.0)
462       -1.0658e+02    (245.0,387.0,348.0,-306.0)
463       -1.0640e+02    (245.0,386.0,348.0,-306.0)
464       -1.0626e+02    (245.0,386.0,348.0,-307.0)
465       -1.0629e+02    (245.0,386.0,347.0,-307.0)
466       -1.0635e+02    (245.0,386.0,347.0,-306.0)
467       -1.0637e+02    (245.0,385.0,347.0,-306.0)
468       -1.0633e+02    (245.0,385.0,346.0,-306.0)
469       -1.0623e+02    (245.0,385.0,346.0,-305.0)
470       -1.0606e+02    (245.0,384.0,346.0,-305.0)
471       -1.0587e+02    (245.0,384.0,345.0,-305.0)
472       -1.0566e+02    (245.0,383.0,345.0,-305.0)
473       -1.0544e+02    (245.0,383.0,344.0,-305.0)
474       -1.0523e+02    (245.0,382.0,344.0,-305.0)
475       -1.0502e+02    (245.0,382.0,343.0,-305.0)
476       -1.0472e+02    (245.0,382.0,343.0,-306.0)
477       -1.0456e+02    (245.0,382.0,343.0,-307.0)
478       -1.0448e+02    (245.0,382.0,342.0,-307.0)
479       -1.0452e+02    (245.0,381.0,342.0,-307.0)
480       -1.0457e+02    (245.0,381.0,342.0,-306.0)
481       -1.0456e+02    (245.0,381.0,341.0,-306.0)
482       -1.0455e+02    (244.0,381.0,341.0,-306.0)
483       -1.0445e+02    (244.0,380.0,341.0,-306.0)
484       -1.0429e+02    (244.0,380.0,340.0,-306.0)
485       -1.0409e+02    (244.0,379.0,340.0,-306.0)
486       -1.0383e+02    (244.0,379.0,339.0,-306.0)
487       -1.0358e+02    (244.0,378.0,339.0,-306.0)
488       -1.0331e+02    (244.0,378.0,338.0,-306.0)
489       -1.0312e+02    (244.0,378.0,337.0,-306.0)
490       -1.0296e+02    (244.0,377.0,337.0,-306.0)
491       -1.0282e+02    (245.0,377.0,337.0,-306.0)
492       -1.0270e+02    (245.0,377.0,337.0,-307.0)
493       -1.0275e+02    (245.0,377.0,336.0,-307.0)
494       -1.0280e+02    (245.0,377.0,336.0,-306.0)
495       -1.0282e+02    (245.0,376.0,336.0,-306.0)
496       -1.0277e+02    (245.0,376.0,335.0,-306.0)
497       -1.0265e+02    (245.0,376.0,335.0,-305.0)
498       -1.0248e+02    (245.0,375.0,335.0,-305.0)
499       -1.0229e+02    (245.0,375.0,334.0,-305.0)
500       -1.0208e+02    (245.0,374.0,334.0,-305.0)
501       -1.0186e+02    (245.0,374.0,333.0,-305.0)
502       -1.0166e+02    (245.0,373.0,333.0,-305.0)
503       -1.0144e+02    (245.0,373.0,333.0,-306.0)
504       -1.0117e+02    (245.0,373.0,332.0,-306.0)
505       -1.0101e+02    (245.0,373.0,332.0,-307.0)
506       -1.0097e+02    (245.0,373.0,331.0,-307.0)
507       -1.0104e+02    (245.0,372.0,331.0,-307.0)
508       -1.0107e+02    (245.0,372.0,331.0,-306.0)
509       -1.0106e+02    (245.0,372.0,330.0,-306.0)
510       -1.0103e+02    (244.0,372.0,330.0,-306.0)
511       -1.0093e+02    (244.0,371.0,330.0,-306.0)
512       -1.0076e+02    (244.0,371.0,329.0,-306.0)
513       -1.0056e+02    (244.0,370.0,329.0,-306.0)
514       -1.0029e+02    (244.0,370.0,328.0,-306.0)
515       -1.0004e+02    (244.0,369.0,328.0,-306.0)
516       -9.9785e+01    (244.0,369.0,327.0,-306.0)
517       -9.9621e+01    (244.0,369.0,326.0,-306.0)
518       -9.9465e+01    (245.0,369.0,326.0,-306.0)
519       -9.9321e+01    (245.0,369.0,326.0,-307.0)
520       -9.9246e+01    (245.0,368.0,326.0,-307.0)
521       -9.9322e+01    (245.0,368.0,325.0,-307.0)
522       -9.9345e+01    (245.0,368.0,325.0,-306.0)
523       -9.9352e+01    (245.0,368.0,326.0,-306.0)
524       -9.9472e+01    (244.0,368.0,326.0,-306.0)
525       -9.9388e+01    (244.0,368.0,325.0,-306.0)
526       -9.9309e+01    (244.0,367.0,325.0,-306.0)
527       -9.9196e+01    (244.0,367.0,324.0,-306.0)
528       -9.9041e+01    (244.0,366.0,324.0,-306.0)
529       -9.8817e+01    (244.0,366.0,323.0,-306.0)
530       -9.8569e+01    (244.0,365.0,323.0,-306.0)
531       -9.8296e+01    (244.0,365.0,322.0,-306.0)
532       -9.8091e+01    (244.0,364.0,322.0,-306.0)
533       -9.7888e+01    (244.0,364.0,321.0,-306.0)
534       -9.7724e+01    (245.0,364.0,321.0,-306.0)
535       -9.7571e+01    (245.0,364.0,321.0,-307.0)
536       -9.7565e+01    (245.0,364.0,320.0,-307.0)
537       -9.7645e+01    (245.0,364.0,320.0,-308.0)
538       -9.7635e+01    (245.0,364.0,321.0,-308.0)
539       -9.7829e+01    (245.0,363.0,321.0,-308.0)
540       -9.7731e+01    (245.0,363.0,321.0,-307.0)
541       -9.7665e+01    (245.0,363.0,320.0,-307.0)
542       -9.7667e+01    (245.0,363.0,320.0,-306.0)
543       -9.7663e+01    (245.0,363.0,319.0,-306.0)
544       -9.7608e+01    (244.0,363.0,319.0,-306.0)
545       -9.7502e+01    (244.0,362.0,319.0,-306.0)
546       -9.7331e+01    (244.0,362.0,318.0,-306.0)
547       -9.7116e+01    (244.0,361.0,318.0,-306.0)
548       -9.6852e+01    (244.0,361.0,317.0,-306.0)
549       -9.6611e+01    (244.0,360.0,317.0,-306.0)
550       -9.6369e+01    (244.0,360.0,316.0,-306.0)
551       -9.6206e+01    (245.0,360.0,316.0,-306.0)
552       -9.6055e+01    (245.0,360.0,316.0,-307.0)
553       -9.5927e+01    (245.0,360.0,315.0,-307.0)
554       -9.5901e+01    (245.0,359.0,315.0,-307.0)
555       -9.5984e+01    (245.0,359.0,315.0,-308.0)
556       -9.5995e+01    (245.0,360.0,315.0,-308.0)
557       -9.6119e+01    (245.0,360.0,316.0,-308.0)
558       -9.6115e+01    (245.0,359.0,316.0,-308.0)
559       -9.6035e+01    (245.0,359.0,316.0,-307.0)
560       -9.6131e+01    (245.0,359.0,316.0,-306.0)
561       -9.5989e+01    (245.0,359.0,315.0,-306.0)
562       -9.5994e+01    (245.0,359.0,314.0,-306.0)
563       -9.5993e+01    (245.0,359.0,314.0,-307.0)
564       -9.6075e+01    (245.0,360.0,314.0,-307.0)
565       -9.6110e+01    (245.0,360.0,314.0,-306.0)
566       -9.6068e+01    (245.0,360.0,315.0,-306.0)
567       -9.6221e+01    (244.0,360.0,315.0,-306.0)
568       -9.6092e+01    (244.0,359.0,315.0,-306.0)
569       -9.6016e+01    (244.0,359.0,314.0,-306.0)
570       -9.5939e+01    (244.0,358.0,314.0,-306.0)
571       -9.5820e+01    (244.0,358.0,314.0,-305.0)
572       -9.5669e+01    (244.0,357.0,314.0,-305.0)
573       -9.5451e+01    (244.0,357.0,314.0,-304.0)
574       -9.5221e+01    (244.0,356.0,314.0,-304.0)
575       -9.4957e+01    (244.0,356.0,314.0,-303.0)
576       -9.4745e+01    (244.0,356.0,314.0,-302.0)
577       -9.4557e+01    (244.0,355.0,314.0,-302.0)
578       -9.4400e+01    (245.0,355.0,314.0,-302.0)
579       -9.4242e+01    (245.0,355.0,315.0,-302.0)
580       -9.4112e+01    (245.0,355.0,315.0,-301.0)
581       -9.4192e+01    (245.0,355.0,315.0,-300.0)
582       -9.4260e+01    (245.0,355.0,314.0,-300.0)
583       -9.4261e+01    (245.0,354.0,314.0,-300.0)
584       -9.4248e+01    (245.0,354.0,314.0,-299.0)
585       -9.4168e+01    (245.0,354.0,313.0,-299.0)
586       -9.4004e+01    (245.0,353.0,313.0,-299.0)
587       -9.3825e+01    (245.0,353.0,312.0,-299.0)
588       -9.3569e+01    (245.0,352.0,312.0,-299.0)
589       -9.3332e+01    (245.0,352.0,311.0,-299.0)
590       -9.3098e+01    (245.0,351.0,311.0,-299.0)
591       -9.2869e+01    (245.0,351.0,311.0,-300.0)
592       -9.2636e+01    (245.0,351.0,310.0,-300.0)
593       -9.2530e+01    (245.0,351.0,310.0,-301.0)
594       -9.2578e+01    (245.0,350.0,310.0,-301.0)
595       -9.2578e+01    (245.0,350.0,309.0,-301.0)
596       -9.2578e+01    (245.0,351.0,309.0,-301.0)
597       -9.2629e+01    (245.0,351.0,309.0,-300.0)
598       -9.2582e+01    (245.0,350.0,309.0,-300.0)
599       -9.2624e+01    (245.0,350.0,310.0,-300.0)
600       -9.2766e+01    (244.0,350.0,310.0,-300.0)
601       -9.2668e+01    (244.0,350.0,309.0,-300.0)
602       -9.2639e+01    (244.0,350.0,308.0,-300.0)
603       -9.2532e+01    (244.0,349.0,308.0,-300.0)
604       -9.2393e+01    (244.0,349.0,308.0,-299.0)
605       -9.2249e+01    (244.0,348.0,308.0,-299.0)
606       -9.2055e+01    (244.0,348.0,307.0,-299.0)
607       -9.1866e+01    (244.0,347.0,307.0,-299.0)
608       -9.1650e+01    (244.0,347.0,306.0,-299.0)
609       -9.1465e+01    (244.0,347.0,305.0,-299.0)
610       -9.1295e+01    (244.0,346.0,305.0,-299.0)
611       -9.1152e+01    (244.0,346.0,304.0,-299.0)
612       -9.1037e+01    (244.0,345.0,304.0,-299.0)
613       -9.0909e+01    (244.0,345.0,303.0,-299.0)
614       -9.0787e+01    (244.0,344.0,303.0,-299.0)
615       -9.0607e+01    (244.0,344.0,303.0,-298.0)
616       -9.0400e+01    (244.0,343.0,303.0,-298.0)
617       -9.0154e+01    (244.0,343.0,303.0,-297.0)
618       -8.9944e+01    (244.0,343.0,303.0,-296.0)
619       -8.9723e+01    (244.0,342.0,303.0,-296.0)
620       -8.9563e+01    (244.0,342.0,303.0,-295.0)
621       -8.9417e+01    (245.0,342.0,303.0,-295.0)
622       -8.9206e+01    (245.0,342.0,304.0,-295.0)
623       -8.9237e+01    (245.0,342.0,304.0,-294.0)
624       -8.9274e+01    (245.0,341.0,304.0,-294.0)
625       -8.9294e+01    (245.0,341.0,304.0,-295.0)
626       -8.9396e+01    (245.0,341.0,305.0,-295.0)
627       -8.9288e+01    (245.0,342.0,305.0,-295.0)
628       -8.9333e+01    (245.0,342.0,305.0,-294.0)
629       -8.9385e+01    (245.0,341.0,305.0,-294.0)
630       -8.9512e+01    (245.0,341.0,305.0,-293.0)
631       -8.9380e+01    (245.0,341.0,304.0,-293.0)
632       -8.9334e+01    (245.0,341.0,303.0,-293.0)
633       -8.9290e+01    (244.0,341.0,303.0,-293.0)
634       -8.9189e+01    (244.0,340.0,303.0,-293.0)
635       -8.9047e+01    (244.0,340.0,302.0,-293.0)
636       -8.8878e+01    (244.0,339.0,302.0,-293.0)
637       -8.8662e+01    (244.0,339.0,301.0,-293.0)
638       -8.8450e+01    (244.0,338.0,301.0,-293.0)
639       -8.8227e+01    (244.0,338.0,300.0,-293.0)
640       -8.8063e+01    (244.0,338.0,299.0,-293.0)
641       -8.7910e+01    (244.0,337.0,299.0,-293.0)
642       -8.7805e+01    (244.0,337.0,298.0,-293.0)
643       -8.7713e+01    (244.0,336.0,298.0,-293.0)
644       -8.7603e+01    (244.0,336.0,297.0,-293.0)
645       -8.7470e+01    (244.0,335.0,297.0,-293.0)
646       -8.7287e+01    (244.0,335.0,296.0,-293.0)
647       -8.7085e+01    (244.0,334.0,296.0,-293.0)
648       -8.6856e+01    (244.0,334.0,295.0,-293.0)
649       -8.6668e+01    (244.0,333.0,295.0,-293.0)
650       -8.6478e+01    (244.0,333.0,294.0,-293.0)
651       -8.6353e+01    (244.0,333.0,293.0,-293.0)
652       -8.6247e+01    (244.0,332.0,293.0,-293.0)
653       -8.6153e+01    (244.0,332.0,292.0,-293.0)
654       -8.6052e+01    (244.0,331.0,292.0,-293.0)
655       -8.5906e+01    (244.0,331.0,292.0,-292.0)
656       -8.5728e+01    (244.0,330.0,292.0,-292.0)
657       -8.5508e+01    (244.0,330.0,292.0,-291.0)
658       -8.5297e+01    (244.0,329.0,292.0,-291.0)
659       -8.5071e+01    (244.0,329.0,292.0,-290.0)
660       -8.4898e+01    (244.0,329.0,292.0,-289.0)
661       -8.4766e+01    (244.0,328.0,292.0,-289.0)
662       -8.4649e+01    (244.0,328.0,292.0,-288.0)
663       -8.4577e+01    (244.0,328.0,292.0,-287.0)
664       -8.4484e+01    (244.0,327.0,292.0,-287.0)
665       -8.4377e+01    (244.0,327.0,292.0,-286.0)
666       -8.4223e+01    (244.0,326.0,292.0,-286.0)
667       -8.4035e+01    (244.0,326.0,292.0,-285.0)
668       -8.3819e+01    (244.0,325.0,292.0,-285.0)
669       -8.3593e+01    (244.0,325.0,292.0,-284.0)
670       -8.3412e+01    (244.0,325.0,292.0,-283.0)
671       -8.3229e+01    (244.0,324.0,292.0,-283.0)
672       -8.3102e+01    (244.0,324.0,292.0,-282.0)
673       -8.3004e+01    (245.0,324.0,292.0,-282.0)
674       -8.2791e+01    (245.0,324.0,293.0,-282.0)
675       -8.2839e+01    (245.0,324.0,294.0,-282.0)
676       -8.2922e+01    (245.0,324.0,294.0,-283.0)
677       -8.2881e+01    (245.0,324.0,293.0,-283.0)
678       -8.3056e+01    (245.0,323.0,293.0,-283.0)
679       -8.2946e+01    (245.0,323.0,293.0,-282.0)
680       -8.2955e+01    (245.0,323.0,293.0,-281.0)
681       -8.2899e+01    (245.0,324.0,293.0,-281.0)
682       -8.2977e+01    (245.0,324.0,294.0,-281.0)
683       -8.3061e+01    (245.0,323.0,294.0,-281.0)
684       -8.3033e+01    (245.0,323.0,294.0,-282.0)
685       -8.3139e+01    (245.0,323.0,294.0,-283.0)
686       -8.3305e+01    (244.0,323.0,294.0,-283.0)
687       -8.3182e+01    (244.0,323.0,294.0,-282.0)
688       -8.3065e+01    (244.0,323.0,293.0,-282.0)
689       -8.3000e+01    (244.0,323.0,293.0,-281.0)
690       -8.2929e+01    (244.0,323.0,292.0,-281.0)
691       -8.2854e+01    (244.0,323.0,292.0,-280.0)
692       -8.2725e+01    (244.0,322.0,292.0,-280.0)
693       -8.2575e+01    (244.0,322.0,291.0,-280.0)
694       -8.2410e+01    (244.0,321.0,291.0,-280.0)
695       -8.2227e+01    (244.0,321.0,290.0,-280.0)
696       -8.2049e+01    (244.0,320.0,290.0,-280.0)
697       -8.1871e+01    (244.0,320.0,289.0,-280.0)
698       -8.1724e+01    (244.0,320.0,288.0,-280.0)
699       -8.1582e+01    (244.0,319.0,288.0,-280.0)
700       -8.1461e+01    (244.0,319.0,287.0,-280.0)
701       -8.1341e+01    (244.0,318.0,287.0,-280.0)
702       -8.1210e+01    (244.0,318.0,286.0,-280.0)
703       -8.1064e+01    (244.0,317.0,286.0,-280.0)
704       -8.0895e+01    (244.0,317.0,285.0,-280.0)
705       -8.0719e+01    (244.0,316.0,285.0,-280.0)
706       -8.0536e+01    (244.0,316.0,284.0,-280.0)
707       -8.0376e+01    (244.0,315.0,284.0,-280.0)
708       -8.0218e+01    (244.0,315.0,283.0,-280.0)
709       -8.0091e+01    (244.0,315.0,282.0,-280.0)
710       -7.9970e+01    (244.0,314.0,282.0,-280.0)
711       -7.9851e+01    (244.0,314.0,281.0,-280.0)
712       -7.9723e+01    (244.0,313.0,281.0,-280.0)
713       -7.9567e+01    (244.0,313.0,281.0,-279.0)
714       -7.9372e+01    (244.0,312.0,281.0,-279.0)
715       -7.9163e+01    (244.0,312.0,281.0,-278.0)
716       -7.8971e+01    (244.0,311.0,281.0,-278.0)
717       -7.8779e+01    (244.0,311.0,281.0,-277.0)
718       -7.8639e+01    (244.0,311.0,281.0,-276.0)
719       -7.8534e+01    (244.0,310.0,281.0,-276.0)
720       -7.8433e+01    (244.0,310.0,281.0,-275.0)
721       -7.8364e+01    (244.0,310.0,281.0,-274.0)
722       -7.8252e+01    (244.0,309.0,281.0,-274.0)
723       -7.8127e+01    (244.0,309.0,280.0,-274.0)
724       -7.7957e+01    (244.0,308.0,280.0,-274.0)
725       -7.7772e+01    (244.0,308.0,279.0,-274.0)
726       -7.7571e+01    (244.0,307.0,279.0,-274.0)
727       -7.7383e+01    (244.0,307.0,278.0,-274.0)
728       -7.7234e+01    (244.0,306.0,278.0,-274.0)
729       -7.7096e+01    (244.0,306.0,277.0,-274.0)
730       -7.7006e+01    (244.0,306.0,276.0,-274.0)
731       -7.6904e+01    (244.0,305.0,276.0,-274.0)
732       -7.6806e+01    (244.0,305.0,275.0,-274.0)
733       -7.6668e+01    (244.0,304.0,275.0,-274.0)
734       -7.6508e+01    (244.0,304.0,274.0,-274.0)
735       -7.6314e+01    (244.0,303.0,274.0,-274.0)
736       -7.6121e+01    (244.0,303.0,273.0,-274.0)
737       -7.5942e+01    (244.0,302.0,273.0,-274.0)
738       -7.5783e+01    (244.0,302.0,272.0,-274.0)
739       -7.5678e+01    (244.0,302.0,271.0,-274.0)
740       -7.5567e+01    (244.0,301.0,271.0,-274.0)
741       -7.5485e+01    (244.0,301.0,270.0,-274.0)
742       -7.5373e+01    (244.0,300.0,270.0,-274.0)
743       -7.5243e+01    (244.0,300.0,270.0,-273.0)
744       -7.5074e+01    (244.0,299.0,270.0,-273.0)
745       -7.4888e+01    (244.0,299.0,270.0,-272.0)
746       -7.4696e+01    (244.0,298.0,270.0,-272.0)
747       -7.4506e+01    (244.0,298.0,270.0,-271.0)
748       -7.4356e+01    (244.0,298.0,270.0,-270.0)
749       -7.4223e+01    (244.0,297.0,270.0,-270.0)
750       -7.4115e+01    (244.0,297.0,270.0,-269.0)
751       -7.4041e+01    (244.0,297.0,270.0,-268.0)
752       -7.3937e+01    (244.0,296.0,270.0,-268.0)
753       -7.3837e+01    (244.0,296.0,270.0,-267.0)
754       -7.3686e+01    (244.0,295.0,270.0,-267.0)
755       -7.3526e+01    (244.0,295.0,270.0,-266.0)
756       -7.3329e+01    (244.0,294.0,270.0,-266.0)
757       -7.3140e+01    (244.0,294.0,270.0,-265.0)
758       -7.2973e+01    (244.0,293.0,270.0,-265.0)
759       -7.2814e+01    (244.0,293.0,270.0,-264.0)
760       -7.2699e+01    (244.0,293.0,270.0,-263.0)
761       -7.2610e+01    (244.0,292.0,270.0,-263.0)
762       -7.2516e+01    (244.0,292.0,270.0,-262.0)
763       -7.2441e+01    (244.0,292.0,270.0,-261.0)
764       -7.2310e+01    (244.0,291.0,270.0,-261.0)
765       -7.2175e+01    (244.0,291.0,269.0,-261.0)
766       -7.2021e+01    (244.0,290.0,269.0,-261.0)
767       -7.1867e+01    (244.0,290.0,268.0,-261.0)
768       -7.1707e+01    (244.0,289.0,268.0,-261.0)
769       -7.1557e+01    (244.0,289.0,267.0,-261.0)
770       -7.1421e+01    (244.0,288.0,267.0,-261.0)
771       -7.1290e+01    (244.0,288.0,266.0,-261.0)
772       -7.1175e+01    (244.0,288.0,265.0,-261.0)
773       -7.1052e+01    (244.0,287.0,265.0,-261.0)
774       -7.0930e+01    (244.0,287.0,264.0,-261.0)
775       -7.0788e+01    (244.0,286.0,264.0,-261.0)
776       -7.0643e+01    (244.0,286.0,263.0,-261.0)
777       -7.0485e+01    (244.0,285.0,263.0,-261.0)
778       -7.0332e+01    (244.0,285.0,262.0,-261.0)
779       -7.0186e+01    (244.0,284.0,262.0,-261.0)
780       -7.0049e+01    (244.0,284.0,261.0,-261.0)
781       -6.9931e+01    (244.0,283.0,261.0,-261.0)
782       -6.9809e+01    (244.0,283.0,260.0,-261.0)
783       -6.9696e+01    (244.0,283.0,259.0,-261.0)
784       -6.9567e+01    (244.0,282.0,259.0,-261.0)
785       -6.9430e+01    (244.0,282.0,259.0,-260.0)
786       -6.9255e+01    (244.0,281.0,259.0,-260.0)
787       -6.9081e+01    (244.0,281.0,259.0,-259.0)
788       -6.8908e+01    (244.0,280.0,259.0,-259.0)
789       -6.8746e+01    (244.0,280.0,259.0,-258.0)
790       -6.8621e+01    (244.0,280.0,259.0,-257.0)
791       -6.8510e+01    (244.0,279.0,259.0,-257.0)
792       -6.8414e+01    (244.0,279.0,259.0,-256.0)
793       -6.8336e+01    (244.0,278.0,259.0,-256.0)
794       -6.8222e+01    (244.0,278.0,259.0,-255.0)
795       -6.8110e+01    (244.0,278.0,258.0,-255.0)
796       -6.7947e+01    (244.0,277.0,258.0,-255.0)
797       -6.7789e+01    (244.0,277.0,257.0,-255.0)
798       -6.7605e+01    (244.0,276.0,257.0,-255.0)
799       -6.7447e+01    (244.0,276.0,256.0,-255.0)
800       -6.7307e+01    (244.0,275.0,256.0,-255.0)
801       -6.7189e+01    (244.0,275.0,255.0,-255.0)
802       -6.7104e+01    (244.0,274.0,255.0,-255.0)
803       -6.7002e+01    (244.0,274.0,254.0,-255.0)
804       -6.6912e+01    (244.0,274.0,253.0,-255.0)
805       -6.6774e+01    (244.0,273.0,253.0,-255.0)
806       -6.6636e+01    (244.0,273.0,252.0,-255.0)
807       -6.6456e+01    (244.0,272.0,252.0,-255.0)
808       -6.6293e+01    (244.0,272.0,251.0,-255.0)
809       -6.6129e+01    (244.0,271.0,251.0,-255.0)
810       -6.5996e+01    (244.0,271.0,250.0,-255.0)
811       -6.5892e+01    (244.0,270.0,250.0,-255.0)
812       -6.5793e+01    (244.0,270.0,249.0,-255.0)
813       -6.5717e+01    (244.0,269.0,249.0,-255.0)
814       -6.5602e+01    (244.0,269.0,248.0,-255.0)
815       -6.5483e+01    (244.0,269.0,248.0,-254.0)
816       -6.5330e+01    (244.0,268.0,248.0,-254.0)
817       -6.5175e+01    (244.0,268.0,248.0,-253.0)
818       -6.5008e+01    (244.0,267.0,248.0,-253.0)
819       -6.4850e+01    (244.0,267.0,248.0,-252.0)
820       -6.4720e+01    (244.0,267.0,248.0,-251.0)
821       -6.4591e+01    (244.0,266.0,248.0,-251.0)
822       -6.4487e+01    (244.0,266.0,248.0,-250.0)
823       -6.4400e+01    (244.0,265.0,248.0,-250.0)
824       -6.4296e+01    (244.0,265.0,248.0,-249.0)
825       -6.4196e+01    (244.0,264.0,248.0,-249.0)
826       -6.4044e+01    (244.0,264.0,247.0,-249.0)
827       -6.3875e+01    (244.0,263.0,247.0,-249.0)
828       -6.3677e+01    (244.0,263.0,246.0,-249.0)
829       -6.3517e+01    (244.0,262.0,246.0,-249.0)
830       -6.3354e+01    (244.0,262.0,245.0,-249.0)
831       -6.3255e+01    (244.0,262.0,244.0,-249.0)
832       -6.3177e+01    (244.0,261.0,244.0,-249.0)
833       -6.3111e+01    (244.0,261.0,243.0,-249.0)
834       -6.3040e+01    (244.0,260.0,243.0,-249.0)
835       -6.2924e+01    (244.0,260.0,243.0,-248.0)
836       -6.2779e+01    (244.0,259.0,243.0,-248.0)
837       -6.2589e+01    (244.0,259.0,243.0,-247.0)
838       -6.2409e+01    (244.0,258.0,243.0,-247.0)
839       -6.2209e+01    (244.0,258.0,243.0,-246.0)
840       -6.2060e+01    (244.0,258.0,243.0,-245.0)
841       -6.1953e+01    (245.0,258.0,243.0,-245.0)
842       -6.1681e+01    (245.0,258.0,244.0,-245.0)
843       -6.1633e+01    (245.0,257.0,244.0,-245.0)
844       -6.1614e+01    (245.0,257.0,244.0,-244.0)
845       -6.1645e+01    (245.0,257.0,245.0,-244.0)
846       -6.1651e+01    (245.0,257.0,245.0,-245.0)
847       -6.1688e+01    (245.0,258.0,245.0,-245.0)
848       -6.1695e+01    (245.0,258.0,245.0,-244.0)
849       -6.1673e+01    (245.0,258.0,244.0,-244.0)
850       -6.1847e+01    (245.0,258.0,244.0,-243.0)
851       -6.1760e+01    (245.0,257.0,244.0,-243.0)
852       -6.1824e+01    (245.0,257.0,243.0,-243.0)
853       -6.1801e+01    (245.0,257.0,243.0,-244.0)
854       -6.1859e+01    (244.0,257.0,243.0,-244.0)
855       -6.1811e+01    (244.0,257.0,243.0,-243.0)
856       -6.1747e+01    (244.0,256.0,243.0,-243.0)
857       -6.1667e+01    (244.0,256.0,243.0,-242.0)
858       -6.1547e+01    (244.0,255.0,243.0,-242.0)
859       -6.1389e+01    (244.0,255.0,243.0,-241.0)
860       -6.1206e+01    (244.0,254.0,243.0,-241.0)
861       -6.1008e+01    (244.0,254.0,243.0,-240.0)
862       -6.0851e+01    (244.0,254.0,243.0,-239.0)
863       -6.0695e+01    (244.0,253.0,243.0,-239.0)
864       -6.0587e+01    (245.0,253.0,243.0,-239.0)
865       -6.0314e+01    (245.0,253.0,244.0,-239.0)
866       -6.0251e+01    (245.0,253.0,244.0,-238.0)
867       -6.0265e+01    (245.0,253.0,245.0,-238.0)
868       -6.0321e+01    (245.0,253.0,245.0,-239.0)
869       -6.0539e+01    (245.0,252.0,245.0,-239.0)
870       -6.0460e+01    (245.0,252.0,245.0,-238.0)
871       -6.0408e+01    (245.0,252.0,244.0,-238.0)
872       -6.0452e+01    (245.0,252.0,244.0,-237.0)
873       -6.0384e+01    (245.0,253.0,244.0,-237.0)
874       -6.0432e+01    (245.0,253.0,245.0,-237.0)
875       -6.0527e+01    (245.0,252.0,245.0,-237.0)
876       -6.0605e+01    (244.0,252.0,245.0,-237.0)
877       -6.0507e+01    (244.0,252.0,244.0,-237.0)
878       -6.0468e+01    (244.0,252.0,243.0,-237.0)
879       -6.0417e+01    (244.0,252.0,243.0,-236.0)
880       -6.0321e+01    (244.0,251.0,243.0,-236.0)
881       -6.0198e+01    (243.0,251.0,243.0,-236.0)
882       -6.0046e+01    (243.0,250.0,243.0,-236.0)
883       -5.9893e+01    (242.0,250.0,243.0,-236.0)
884       -5.9739e+01    (242.0,249.0,243.0,-236.0)
885       -5.9628e+01    (242.0,248.0,243.0,-236.0)
886       -5.9535e+01    (241.0,248.0,243.0,-236.0)
887       -5.9443e+01    (241.0,247.0,243.0,-236.0)
888       -5.9340e+01    (241.0,247.0,242.0,-236.0)
889       -5.9210e+01    (241.0,246.0,242.0,-236.0)
890       -5.9065e+01    (241.0,246.0,241.0,-236.0)
891       -5.8906e+01    (241.0,245.0,241.0,-236.0)
892       -5.8751e+01    (241.0,245.0,240.0,-236.0)
893       -5.8621e+01    (241.0,244.0,240.0,-236.0)
894       -5.8486e+01    (241.0,244.0,240.0,-237.0)
895       -5.8356e+01    (241.0,244.0,239.0,-237.0)
896       -5.8252e+01    (242.0,244.0,239.0,-237.0)
897       -5.8098e+01    (242.0,244.0,239.0,-238.0)
898       -5.8157e+01    (242.0,244.0,239.0,-239.0)
899       -5.8301e+01    (242.0,244.0,240.0,-239.0)
900       -5.8241e+01    (242.0,244.0,240.0,-238.0)
901       -5.8388e+01    (242.0,244.0,240.0,-237.0)
902       -5.8502e+01    (242.0,243.0,240.0,-237.0)
903       -5.8373e+01    (242.0,243.0,239.0,-237.0)
904       -5.8331e+01    (242.0,243.0,239.0,-238.0)
905       -5.8364e+01    (242.0,243.0,238.0,-238.0)
906       -5.8237e+01    (242.0,244.0,238.0,-238.0)
907       -5.8310e+01    (242.0,244.0,238.0,-237.0)
908       -5.8347e+01    (241.0,244.0,238.0,-237.0)
909       -5.8332e+01    (241.0,243.0,238.0,-237.0)
910       -5.8322e+01    (241.0,243.0,238.0,-236.0)
911       -5.8237e+01    (241.0,243.0,237.0,-236.0)
912       -5.8129e+01    (241.0,242.0,237.0,-236.0)
913       -5.8005e+01    (241.0,242.0,236.0,-236.0)
914       -5.7855e+01    (241.0,241.0,236.0,-236.0)
915       -5.7701e+01    (241.0,241.0,235.0,-236.0)
916       -5.7553e+01    (241.0,240.0,235.0,-236.0)
917       -5.7416e+01    (241.0,240.0,234.0,-236.0)
918       -5.7258e+01    (241.0,240.0,234.0,-237.0)
919       -5.7140e+01    (242.0,240.0,234.0,-237.0)
920       -5.6969e+01    (242.0,240.0,234.0,-238.0)
921       -5.6996e+01    (242.0,240.0,233.0,-238.0)
922       -5.7032e+01    (242.0,239.0,233.0,-238.0)
923       -5.7034e+01    (242.0,239.0,234.0,-238.0)
924       -5.7102e+01    (242.0,239.0,234.0,-239.0)
925       -5.7024e+01    (242.0,240.0,234.0,-239.0)
926       -5.7061e+01    (242.0,240.0,233.0,-239.0)
927       -5.7108e+01    (242.0,239.0,233.0,-239.0)
928       -5.7239e+01    (241.0,239.0,233.0,-239.0)
929       -5.7147e+01    (241.0,239.0,233.0,-238.0)
930       -5.7149e+01    (241.0,239.0,233.0,-237.0)
931       -5.7109e+01    (242.0,239.0,233.0,-237.0)
932       -5.7121e+01    (242.0,240.0,233.0,-237.0)
933       -5.7202e+01    (241.0,240.0,233.0,-237.0)
934       -5.7169e+01    (241.0,240.0,233.0,-238.0)
935       -5.7196e+01    (241.0,240.0,234.0,-238.0)
936       -5.7192e+01    (241.0,239.0,234.0,-238.0)
937       -5.7217e+01    (241.0,239.0,234.0,-237.0)
938       -5.7147e+01    (242.0,239.0,234.0,-237.0)
939       -5.7349e+01    (242.0,239.0,235.0,-237.0)
940       -5.7276e+01    (242.0,239.0,235.0,-238.0)
941       -5.7241e+01    (242.0,240.0,235.0,-238.0)
942       -5.7307e+01    (242.0,240.0,235.0,-239.0)
943       -5.7352e+01    (242.0,239.0,235.0,-239.0)
944       -5.7479e+01    (241.0,239.0,235.0,-239.0)
945       -5.7279e+01    (241.0,239.0,234.0,-239.0)
946       -5.7276e+01    (241.0,240.0,234.0,-239.0)
947       -5.7254e+01    (241.0,240.0,233.0,-239.0)
948       -5.7402e+01    (241.0,240.0,232.0,-239.0)
949       -5.7299e+01    (241.0,240.0,232.0,-238.0)
950       -5.7227e+01    (241.0,239.0,232.0,-238.0)
951       -5.7168e+01    (241.0,239.0,232.0,-237.0)
952       -5.7142e+01    (241.0,239.0,232.0,-236.0)
953       -5.7051e+01    (241.0,238.0,232.0,-236.0)
954       -5.6947e+01    (240.0,238.0,232.0,-236.0)
955       -5.6810e+01    (240.0,237.0,232.0,-236.0)
956       -5.6667e+01    (239.0,237.0,232.0,-236.0)
957       -5.6513e+01    (239.0,236.0,232.0,-236.0)
958       -5.6395e+01    (239.0,235.0,232.0,-236.0)
959       -5.6294e+01    (238.0,235.0,232.0,-236.0)
960       -5.6201e+01    (238.0,234.0,232.0,-236.0)
961       -5.6119e+01    (237.0,234.0,232.0,-236.0)
962       -5.5981e+01    (237.0,234.0,232.0,-235.0)
963       -5.5816e+01    (236.0,234.0,232.0,-235.0)
964       -5.5617e+01    (236.0,234.0,232.0,-234.0)
965       -5.5453e+01    (236.0,234.0,232.0,-233.0)
966       -5.5336e+01    (236.0,234.0,232.0,-232.0)
967       -5.5242e+01    (235.0,234.0,232.0,-232.0)
968       -5.5166e+01    (235.0,234.0,232.0,-231.0)
969       -5.5121e+01    (235.0,234.0,232.0,-230.0)
970       -5.5062e+01    (234.0,234.0,232.0,-230.0)
971       -5.4941e+01    (234.0,233.0,232.0,-230.0)
972       -5.4805e+01    (233.0,233.0,232.0,-230.0)
973       -5.4619e+01    (233.0,232.0,232.0,-230.0)
974       -5.4476e+01    (233.0,231.0,232.0,-230.0)
975       -5.4357e+01    (232.0,231.0,232.0,-230.0)
976       -5.4273e+01    (232.0,230.0,232.0,-230.0)
977       -5.4231e+01    (232.0,229.0,232.0,-230.0)
978       -5.4130e+01    (231.0,229.0,232.0,-230.0)
979       -5.4016e+01    (231.0,229.0,231.0,-230.0)
980       -5.3895e+01    (230.0,229.0,231.0,-230.0)
981       -5.3762e+01    (230.0,229.0,230.0,-230.0)
982       -5.3637e+01    (230.0,229.0,229.0,-230.0)
983       -5.3516e+01    (229.0,229.0,229.0,-230.0)
984       -5.3402e+01    (229.0,229.0,228.0,-230.0)
985       -5.3302e+01    (229.0,229.0,227.0,-230.0)
986       -5.3207e+01    (228.0,229.0,227.0,-230.0)
987       -5.3099e+01    (228.0,229.0,226.0,-230.0)
988       -5.2986e+01    (228.0,229.0,226.0,-229.0)
989       -5.2869e+01    (228.0,228.0,226.0,-229.0)
990       -5.2749e+01    (228.0,228.0,226.0,-228.0)
991       -5.2629e+01    (228.0,227.0,226.0,-228.0)
992       -5.2508e+01    (228.0,227.0,226.0,-227.0)
993       -5.2393e+01    (228.0,227.0,226.0,-226.0)
994       -5.2281e+01    (228.0,226.0,226.0,-226.0)
995       -5.2172e+01    (228.0,226.0,226.0,-225.0)
996       -5.2068e+01    (228.0,226.0,226.0,-224.0)
997       -5.1960e+01    (228.0,225.0,226.0,-224.0)
998       -5.1854e+01    (228.0,225.0,226.0,-223.0)
999       -5.1739e+01    (227.0,225.0,226.0,-223.0)
