# run = 10
occ          S   
0         (-429.0,26.0,-430.0,291.0)
0         (-429.0,26.0,-429.0,291.0)
0         (-429.0,26.0,-429.0,290.0)
0         (-430.0,26.0,-429.0,290.0)
0         (-430.0,26.0,-429.0,289.0)
0         (-430.0,26.0,-429.0,288.0)
0         (-430.0,27.0,-429.0,288.0)
0         (-430.0,27.0,-429.0,289.0)
0         (-430.0,27.0,-430.0,289.0)
0         (-430.0,27.0,-430.0,288.0)
0         (-430.0,26.0,-430.0,288.0)
0         (-430.0,26.0,-430.0,289.0)
0         (-430.0,26.0,-430.0,290.0)
0         (-430.0,27.0,-430.0,290.0)
0         (-430.0,27.0,-429.0,290.0)
0         (-430.0,27.0,-428.0,290.0)
0         (-430.0,27.0,-428.0,289.0)
0         (-430.0,27.0,-428.0,288.0)
0         (-430.0,27.0,-428.0,287.0)
0         (-429.0,27.0,-428.0,287.0)
0         (-429.0,27.0,-427.0,287.0)
0         (-428.0,27.0,-427.0,287.0)
0         (-428.0,27.0,-426.0,287.0)
0         (-428.0,27.0,-425.0,287.0)
0         (-427.0,27.0,-425.0,287.0)
0         (-427.0,27.0,-424.0,287.0)
0         (-427.0,27.0,-424.0,288.0)
0         (-427.0,27.0,-423.0,288.0)
0         (-427.0,26.0,-423.0,288.0)
0         (-427.0,26.0,-424.0,288.0)
0         (-427.0,26.0,-424.0,289.0)
0         (-427.0,27.0,-424.0,289.0)
0         (-427.0,27.0,-423.0,289.0)
0         (-427.0,26.0,-423.0,289.0)
0         (-426.0,26.0,-423.0,289.0)
0         (-426.0,26.0,-423.0,288.0)
0         (-426.0,26.0,-422.0,288.0)
0         (-426.0,26.0,-422.0,287.0)
0         (-425.0,26.0,-422.0,287.0)
0         (-425.0,26.0,-421.0,287.0)
0         (-425.0,26.0,-420.0,287.0)
0         (-424.0,26.0,-420.0,287.0)
0         (-424.0,26.0,-419.0,287.0)
0         (-424.0,26.0,-419.0,288.0)
0         (-424.0,26.0,-418.0,288.0)
0         (-424.0,27.0,-418.0,288.0)
0         (-424.0,27.0,-418.0,289.0)
0         (-424.0,26.0,-418.0,289.0)
0         (-424.0,26.0,-419.0,289.0)
0         (-424.0,27.0,-419.0,289.0)
0         (-424.0,27.0,-419.0,288.0)
0         (-424.0,27.0,-419.0,287.0)
0         (-424.0,27.0,-418.0,287.0)
0         (-424.0,27.0,-417.0,287.0)
0         (-423.0,27.0,-417.0,287.0)
0         (-423.0,27.0,-416.0,287.0)
0         (-422.0,27.0,-416.0,287.0)
0         (-422.0,27.0,-415.0,287.0)
0         (-421.0,27.0,-415.0,287.0)
0         (-421.0,27.0,-414.0,287.0)
0         (-421.0,27.0,-413.0,287.0)
0         (-421.0,27.0,-413.0,288.0)
0         (-421.0,27.0,-413.0,289.0)
0         (-421.0,26.0,-413.0,289.0)
0         (-421.0,26.0,-413.0,288.0)
0         (-421.0,26.0,-412.0,288.0)
0         (-421.0,27.0,-412.0,288.0)
0         (-420.0,27.0,-412.0,288.0)
0         (-420.0,27.0,-412.0,287.0)
0         (-420.0,27.0,-411.0,287.0)
0         (-419.0,27.0,-411.0,287.0)
0         (-419.0,27.0,-410.0,287.0)
0         (-418.0,27.0,-410.0,287.0)
0         (-418.0,27.0,-409.0,287.0)
0         (-418.0,27.0,-408.0,287.0)
0         (-418.0,27.0,-408.0,288.0)
0         (-418.0,27.0,-407.0,288.0)
0         (-417.0,27.0,-407.0,288.0)
0         (-417.0,26.0,-407.0,288.0)
0         (-418.0,26.0,-407.0,288.0)
0         (-418.0,26.0,-407.0,289.0)
0         (-418.0,27.0,-407.0,289.0)
0         (-418.0,27.0,-408.0,289.0)
0         (-418.0,26.0,-408.0,289.0)
0         (-418.0,26.0,-408.0,288.0)
0         (-417.0,26.0,-408.0,288.0)
0         (-417.0,27.0,-408.0,288.0)
0         (-417.0,27.0,-408.0,289.0)
0         (-417.0,27.0,-407.0,289.0)
0         (-417.0,26.0,-407.0,289.0)
0         (-417.0,26.0,-406.0,289.0)
0         (-417.0,26.0,-406.0,288.0)
0         (-417.0,26.0,-406.0,287.0)
0         (-416.0,26.0,-406.0,287.0)
0         (-416.0,26.0,-405.0,287.0)
0         (-415.0,26.0,-405.0,287.0)
0         (-415.0,26.0,-404.0,287.0)
0         (-415.0,26.0,-403.0,287.0)
0         (-415.0,26.0,-402.0,287.0)
0         (-414.0,26.0,-402.0,287.0)
0         (-414.0,26.0,-402.0,288.0)
0         (-414.0,27.0,-402.0,288.0)
0         (-414.0,27.0,-401.0,288.0)
0         (-414.0,27.0,-401.0,287.0)
0         (-414.0,26.0,-401.0,287.0)
0         (-414.0,26.0,-400.0,287.0)
0         (-413.0,26.0,-400.0,287.0)
0         (-413.0,26.0,-399.0,287.0)
0         (-412.0,26.0,-399.0,287.0)
0         (-412.0,26.0,-398.0,287.0)
0         (-412.0,26.0,-397.0,287.0)
0         (-411.0,26.0,-397.0,287.0)
0         (-411.0,26.0,-397.0,288.0)
0         (-411.0,26.0,-396.0,288.0)
0         (-411.0,27.0,-396.0,288.0)
0         (-411.0,27.0,-397.0,288.0)
0         (-411.0,27.0,-397.0,289.0)
0         (-411.0,27.0,-396.0,289.0)
0         (-411.0,26.0,-396.0,289.0)
0         (-411.0,26.0,-397.0,289.0)
0         (-412.0,26.0,-397.0,289.0)
0         (-412.0,27.0,-397.0,289.0)
0         (-412.0,27.0,-397.0,288.0)
0         (-412.0,27.0,-396.0,288.0)
0         (-412.0,26.0,-396.0,288.0)
0         (-412.0,26.0,-397.0,288.0)
0         (-412.0,26.0,-398.0,288.0)
0         (-411.0,26.0,-398.0,288.0)
0         (-411.0,27.0,-398.0,288.0)
0         (-411.0,27.0,-398.0,289.0)
0         (-411.0,26.0,-398.0,289.0)
0         (-412.0,26.0,-398.0,289.0)
0         (-412.0,27.0,-398.0,289.0)
0         (-412.0,27.0,-398.0,288.0)
0         (-412.0,27.0,-398.0,287.0)
0         (-412.0,27.0,-397.0,287.0)
0         (-411.0,27.0,-397.0,287.0)
0         (-411.0,27.0,-396.0,287.0)
0         (-411.0,27.0,-395.0,287.0)
0         (-410.0,27.0,-395.0,287.0)
0         (-410.0,27.0,-394.0,287.0)
0         (-409.0,27.0,-394.0,287.0)
0         (-409.0,27.0,-393.0,287.0)
0         (-409.0,27.0,-392.0,287.0)
0         (-408.0,27.0,-392.0,287.0)
0         (-408.0,27.0,-392.0,288.0)
0         (-408.0,27.0,-391.0,288.0)
0         (-408.0,27.0,-391.0,289.0)
0         (-408.0,26.0,-391.0,289.0)
0         (-408.0,26.0,-391.0,288.0)
0         (-408.0,26.0,-390.0,288.0)
0         (-408.0,27.0,-390.0,288.0)
0         (-408.0,27.0,-390.0,287.0)
0         (-407.0,27.0,-390.0,287.0)
0         (-407.0,27.0,-389.0,287.0)
0         (-406.0,27.0,-389.0,287.0)
0         (-406.0,27.0,-388.0,287.0)
0         (-406.0,27.0,-387.0,287.0)
0         (-405.0,27.0,-387.0,287.0)
0         (-405.0,27.0,-386.0,287.0)
0         (-405.0,27.0,-386.0,288.0)
0         (-405.0,27.0,-385.0,288.0)
0         (-405.0,26.0,-385.0,288.0)
0         (-405.0,26.0,-386.0,288.0)
0         (-405.0,26.0,-386.0,289.0)
0         (-405.0,27.0,-386.0,289.0)
0         (-405.0,27.0,-385.0,289.0)
0         (-405.0,26.0,-385.0,289.0)
0         (-405.0,26.0,-385.0,290.0)
0         (-405.0,27.0,-385.0,290.0)
0         (-405.0,27.0,-386.0,290.0)
0         (-405.0,26.0,-386.0,290.0)
0         (-405.0,26.0,-387.0,290.0)
0         (-405.0,26.0,-387.0,289.0)
0         (-405.0,27.0,-387.0,289.0)
0         (-405.0,27.0,-387.0,288.0)
0         (-405.0,26.0,-387.0,288.0)
0         (-405.0,26.0,-387.0,287.0)
0         (-405.0,26.0,-386.0,287.0)
0         (-405.0,26.0,-385.0,287.0)
0         (-405.0,27.0,-385.0,287.0)
0         (-404.0,27.0,-385.0,287.0)
0         (-404.0,27.0,-384.0,287.0)
0         (-404.0,27.0,-384.0,286.0)
0         (-403.0,27.0,-384.0,286.0)
0         (-403.0,27.0,-383.0,286.0)
0         (-402.0,27.0,-383.0,286.0)
0         (-402.0,27.0,-382.0,286.0)
0         (-402.0,27.0,-382.0,287.0)
0         (-402.0,27.0,-381.0,287.0)
0         (-402.0,27.0,-381.0,288.0)
0         (-402.0,27.0,-380.0,288.0)
0         (-402.0,27.0,-380.0,289.0)
0         (-402.0,26.0,-380.0,289.0)
0         (-402.0,26.0,-380.0,288.0)
0         (-402.0,26.0,-381.0,288.0)
0         (-402.0,26.0,-381.0,289.0)
0         (-402.0,27.0,-381.0,289.0)
0         (-402.0,27.0,-381.0,290.0)
0         (-402.0,27.0,-380.0,290.0)
0         (-402.0,26.0,-380.0,290.0)
0         (-402.0,26.0,-381.0,290.0)
0         (-401.0,26.0,-381.0,290.0)
0         (-401.0,26.0,-381.0,289.0)
0         (-401.0,26.0,-380.0,289.0)
0         (-401.0,26.0,-380.0,288.0)
0         (-401.0,26.0,-379.0,288.0)
0         (-401.0,26.0,-379.0,287.0)
0         (-401.0,26.0,-378.0,287.0)
0         (-400.0,26.0,-378.0,287.0)
0         (-400.0,26.0,-377.0,287.0)
0         (-399.0,26.0,-377.0,287.0)
0         (-399.0,26.0,-376.0,287.0)
0         (-399.0,26.0,-375.0,287.0)
0         (-399.0,26.0,-375.0,288.0)
0         (-399.0,27.0,-375.0,288.0)
0         (-399.0,27.0,-375.0,289.0)
0         (-399.0,26.0,-375.0,289.0)
0         (-399.0,26.0,-374.0,289.0)
0         (-399.0,26.0,-374.0,288.0)
0         (-399.0,27.0,-374.0,288.0)
0         (-398.0,27.0,-374.0,288.0)
0         (-398.0,27.0,-374.0,287.0)
0         (-398.0,27.0,-373.0,287.0)
0         (-397.0,27.0,-373.0,287.0)
0         (-397.0,27.0,-372.0,287.0)
0         (-396.0,27.0,-372.0,287.0)
0         (-396.0,27.0,-371.0,287.0)
0         (-396.0,27.0,-370.0,287.0)
0         (-396.0,27.0,-370.0,288.0)
0         (-396.0,27.0,-369.0,288.0)
0         (-395.0,27.0,-369.0,288.0)
0         (-395.0,26.0,-369.0,288.0)
0         (-396.0,26.0,-369.0,288.0)
0         (-396.0,26.0,-369.0,289.0)
0         (-396.0,27.0,-369.0,289.0)
0         (-396.0,27.0,-370.0,289.0)
0         (-396.0,26.0,-370.0,289.0)
0         (-396.0,26.0,-370.0,288.0)
0         (-395.0,26.0,-370.0,288.0)
0         (-395.0,27.0,-370.0,288.0)
0         (-395.0,27.0,-370.0,289.0)
0         (-395.0,27.0,-369.0,289.0)
0         (-395.0,26.0,-369.0,289.0)
0         (-395.0,26.0,-368.0,289.0)
0         (-395.0,26.0,-368.0,288.0)
0         (-395.0,26.0,-368.0,287.0)
0         (-395.0,26.0,-368.0,286.0)
0         (-394.0,26.0,-368.0,286.0)
0         (-394.0,26.0,-367.0,286.0)
0         (-393.0,26.0,-367.0,286.0)
0         (-393.0,26.0,-366.0,286.0)
0         (-393.0,26.0,-365.0,286.0)
0         (-393.0,26.0,-365.0,287.0)
0         (-393.0,26.0,-364.0,287.0)
0         (-393.0,26.0,-364.0,288.0)
0         (-392.0,26.0,-364.0,288.0)
0         (-392.0,27.0,-364.0,288.0)
0         (-392.0,27.0,-363.0,288.0)
0         (-392.0,27.0,-363.0,287.0)
0         (-392.0,26.0,-363.0,287.0)
0         (-392.0,26.0,-363.0,288.0)
0         (-392.0,26.0,-363.0,289.0)
0         (-392.0,26.0,-364.0,289.0)
0         (-392.0,27.0,-364.0,289.0)
0         (-393.0,27.0,-364.0,289.0)
0         (-393.0,27.0,-364.0,288.0)
0         (-393.0,27.0,-363.0,288.0)
0         (-393.0,26.0,-363.0,288.0)
0         (-393.0,26.0,-363.0,287.0)
0         (-393.0,27.0,-363.0,287.0)
0         (-393.0,27.0,-364.0,287.0)
0         (-392.0,27.0,-364.0,287.0)
0         (-392.0,26.0,-364.0,287.0)
0         (-392.0,26.0,-364.0,286.0)
0         (-392.0,26.0,-363.0,286.0)
0         (-391.0,26.0,-363.0,286.0)
0         (-391.0,26.0,-362.0,286.0)
0         (-390.0,26.0,-362.0,286.0)
0         (-390.0,26.0,-361.0,286.0)
0         (-390.0,26.0,-360.0,286.0)
0         (-389.0,26.0,-360.0,286.0)
0         (-389.0,26.0,-359.0,286.0)
0         (-389.0,26.0,-359.0,287.0)
0         (-389.0,26.0,-359.0,288.0)
0         (-389.0,26.0,-358.0,288.0)
0         (-389.0,27.0,-358.0,288.0)
0         (-389.0,27.0,-359.0,288.0)
0         (-389.0,27.0,-359.0,289.0)
0         (-389.0,27.0,-358.0,289.0)
0         (-389.0,26.0,-358.0,289.0)
0         (-389.0,26.0,-359.0,289.0)
0         (-390.0,26.0,-359.0,289.0)
0         (-390.0,27.0,-359.0,289.0)
0         (-390.0,27.0,-359.0,288.0)
0         (-390.0,27.0,-358.0,288.0)
0         (-390.0,26.0,-358.0,288.0)
0         (-390.0,26.0,-359.0,288.0)
0         (-390.0,26.0,-359.0,287.0)
0         (-390.0,26.0,-358.0,287.0)
0         (-389.0,26.0,-358.0,287.0)
0         (-389.0,27.0,-358.0,287.0)
0         (-389.0,27.0,-357.0,287.0)
0         (-388.0,27.0,-357.0,287.0)
0         (-388.0,27.0,-356.0,287.0)
0         (-387.0,27.0,-356.0,287.0)
0         (-387.0,27.0,-355.0,287.0)
0         (-387.0,27.0,-354.0,287.0)
0         (-386.0,27.0,-354.0,287.0)
0         (-386.0,27.0,-354.0,288.0)
0         (-386.0,27.0,-353.0,288.0)
0         (-386.0,27.0,-353.0,289.0)
0         (-386.0,26.0,-353.0,289.0)
0         (-386.0,26.0,-353.0,288.0)
0         (-386.0,26.0,-352.0,288.0)
0         (-386.0,27.0,-352.0,288.0)
0         (-386.0,27.0,-352.0,287.0)
0         (-386.0,27.0,-353.0,287.0)
0         (-386.0,26.0,-353.0,287.0)
0         (-386.0,26.0,-352.0,287.0)
0         (-385.0,26.0,-352.0,287.0)
0         (-385.0,26.0,-351.0,287.0)
0         (-384.0,26.0,-351.0,287.0)
0         (-384.0,26.0,-350.0,287.0)
0         (-384.0,26.0,-349.0,287.0)
0         (-383.0,26.0,-349.0,287.0)
0         (-383.0,26.0,-348.0,287.0)
0         (-383.0,26.0,-348.0,288.0)
0         (-383.0,27.0,-348.0,288.0)
0         (-383.0,27.0,-347.0,288.0)
0         (-383.0,26.0,-347.0,288.0)
0         (-383.0,26.0,-347.0,289.0)
0         (-383.0,27.0,-347.0,289.0)
0         (-383.0,27.0,-348.0,289.0)
0         (-383.0,26.0,-348.0,289.0)
0         (-383.0,26.0,-348.0,290.0)
0         (-383.0,27.0,-348.0,290.0)
0         (-383.0,27.0,-347.0,290.0)
0         (-383.0,26.0,-347.0,290.0)
0         (-383.0,26.0,-346.0,290.0)
0         (-383.0,26.0,-346.0,289.0)
0         (-383.0,26.0,-346.0,288.0)
0         (-383.0,26.0,-346.0,287.0)
0         (-382.0,26.0,-346.0,287.0)
0         (-382.0,26.0,-346.0,286.0)
0         (-381.0,26.0,-346.0,286.0)
0         (-381.0,26.0,-346.0,285.0)
0         (-380.0,26.0,-346.0,285.0)
0         (-380.0,26.0,-346.0,284.0)
0         (-380.0,26.0,-346.0,283.0)
0         (-380.0,26.0,-347.0,283.0)
0         (-380.0,26.0,-347.0,282.0)
0         (-380.0,27.0,-347.0,282.0)
0         (-380.0,27.0,-348.0,282.0)
0         (-380.0,26.0,-348.0,282.0)
0         (-380.0,26.0,-348.0,283.0)
0         (-380.0,27.0,-348.0,283.0)
0         (-380.0,27.0,-347.0,283.0)
0         (-379.0,27.0,-347.0,283.0)
0         (-379.0,27.0,-347.0,282.0)
0         (-379.0,27.0,-347.0,281.0)
0         (-380.0,27.0,-347.0,281.0)
0         (-380.0,26.0,-347.0,281.0)
0         (-380.0,26.0,-348.0,281.0)
0         (-380.0,27.0,-348.0,281.0)
0         (-379.0,27.0,-348.0,281.0)
0         (-379.0,26.0,-348.0,281.0)
0         (-379.0,26.0,-347.0,281.0)
0         (-379.0,26.0,-346.0,281.0)
0         (-379.0,26.0,-346.0,280.0)
0         (-378.0,26.0,-346.0,280.0)
0         (-378.0,26.0,-345.0,280.0)
0         (-378.0,26.0,-344.0,280.0)
0         (-377.0,26.0,-344.0,280.0)
0         (-377.0,26.0,-343.0,280.0)
0         (-377.0,26.0,-343.0,281.0)
0         (-377.0,26.0,-343.0,282.0)
0         (-377.0,26.0,-342.0,282.0)
0         (-377.0,27.0,-342.0,282.0)
0         (-377.0,27.0,-343.0,282.0)
0         (-377.0,27.0,-343.0,283.0)
0         (-377.0,27.0,-342.0,283.0)
0         (-377.0,26.0,-342.0,283.0)
0         (-377.0,26.0,-343.0,283.0)
0         (-376.0,26.0,-343.0,283.0)
0         (-376.0,26.0,-342.0,283.0)
0         (-376.0,26.0,-342.0,282.0)
0         (-376.0,27.0,-342.0,282.0)
0         (-376.0,27.0,-342.0,281.0)
0         (-377.0,27.0,-342.0,281.0)
0         (-377.0,26.0,-342.0,281.0)
0         (-376.0,26.0,-342.0,281.0)
0         (-376.0,26.0,-341.0,281.0)
0         (-376.0,26.0,-341.0,280.0)
0         (-376.0,26.0,-340.0,280.0)
0         (-375.0,26.0,-340.0,280.0)
0         (-375.0,26.0,-339.0,280.0)
0         (-374.0,26.0,-339.0,280.0)
0         (-374.0,26.0,-338.0,280.0)
0         (-374.0,26.0,-338.0,281.0)
0         (-374.0,26.0,-337.0,281.0)
0         (-374.0,26.0,-337.0,282.0)
0         (-374.0,27.0,-337.0,282.0)
0         (-374.0,27.0,-336.0,282.0)
0         (-373.0,27.0,-336.0,282.0)
0         (-373.0,27.0,-336.0,281.0)
0         (-373.0,26.0,-336.0,281.0)
0         (-373.0,26.0,-336.0,282.0)
0         (-374.0,26.0,-336.0,282.0)
0         (-374.0,26.0,-336.0,281.0)
0         (-374.0,27.0,-336.0,281.0)
0         (-374.0,27.0,-337.0,281.0)
0         (-373.0,27.0,-337.0,281.0)
0         (-373.0,27.0,-337.0,282.0)
0         (-373.0,26.0,-337.0,282.0)
0         (-373.0,26.0,-337.0,281.0)
0         (-373.0,26.0,-337.0,280.0)
0         (-373.0,26.0,-336.0,280.0)
0         (-373.0,26.0,-335.0,280.0)
0         (-372.0,26.0,-335.0,280.0)
0         (-372.0,26.0,-334.0,280.0)
0         (-371.0,26.0,-334.0,280.0)
0         (-371.0,26.0,-333.0,280.0)
0         (-371.0,26.0,-332.0,280.0)
0         (-371.0,26.0,-332.0,281.0)
0         (-371.0,26.0,-332.0,282.0)
0         (-371.0,26.0,-331.0,282.0)
0         (-371.0,27.0,-331.0,282.0)
0         (-370.0,27.0,-331.0,282.0)
0         (-370.0,26.0,-331.0,282.0)
0         (-370.0,26.0,-331.0,281.0)
0         (-370.0,27.0,-331.0,281.0)
0         (-370.0,27.0,-330.0,281.0)
0         (-370.0,26.0,-330.0,281.0)
0         (-370.0,26.0,-330.0,280.0)
0         (-369.0,26.0,-330.0,280.0)
0         (-369.0,26.0,-329.0,280.0)
0         (-368.0,26.0,-329.0,280.0)
0         (-368.0,26.0,-328.0,280.0)
0         (-368.0,26.0,-327.0,280.0)
0         (-368.0,26.0,-327.0,281.0)
0         (-368.0,26.0,-326.0,281.0)
0         (-367.0,26.0,-326.0,281.0)
0         (-367.0,26.0,-326.0,282.0)
0         (-367.0,27.0,-326.0,282.0)
0         (-367.0,27.0,-325.0,282.0)
0         (-367.0,27.0,-325.0,281.0)
0         (-367.0,27.0,-326.0,281.0)
0         (-368.0,27.0,-326.0,281.0)
0         (-368.0,27.0,-326.0,282.0)
0         (-368.0,26.0,-326.0,282.0)
0         (-368.0,26.0,-325.0,282.0)
0         (-367.0,26.0,-325.0,282.0)
0         (-367.0,26.0,-325.0,281.0)
0         (-367.0,26.0,-325.0,280.0)
0         (-366.0,26.0,-325.0,280.0)
0         (-366.0,26.0,-324.0,280.0)
0         (-365.0,26.0,-324.0,280.0)
0         (-365.0,26.0,-323.0,280.0)
0         (-365.0,26.0,-322.0,280.0)
0         (-364.0,26.0,-322.0,280.0)
0         (-364.0,26.0,-321.0,280.0)
0         (-364.0,26.0,-321.0,281.0)
0         (-364.0,26.0,-321.0,282.0)
0         (-364.0,27.0,-321.0,282.0)
0         (-364.0,27.0,-320.0,282.0)
0         (-364.0,26.0,-320.0,282.0)
0         (-364.0,26.0,-320.0,281.0)
0         (-364.0,27.0,-320.0,281.0)
0         (-364.0,27.0,-321.0,281.0)
0         (-365.0,27.0,-321.0,281.0)
0         (-365.0,27.0,-321.0,282.0)
0         (-365.0,27.0,-320.0,282.0)
0         (-365.0,26.0,-320.0,282.0)
0         (-365.0,26.0,-320.0,281.0)
0         (-365.0,27.0,-320.0,281.0)
0         (-365.0,27.0,-319.0,281.0)
0         (-364.0,27.0,-319.0,281.0)
0         (-363.0,27.0,-319.0,281.0)
0         (-363.0,27.0,-319.0,280.0)
0         (-363.0,27.0,-318.0,280.0)
0         (-362.0,27.0,-318.0,280.0)
0         (-362.0,27.0,-317.0,280.0)
0         (-361.0,27.0,-317.0,280.0)
0         (-361.0,27.0,-316.0,280.0)
0         (-361.0,27.0,-316.0,281.0)
0         (-361.0,27.0,-315.0,281.0)
0         (-361.0,27.0,-315.0,282.0)
0         (-361.0,26.0,-315.0,282.0)
0         (-361.0,26.0,-315.0,281.0)
0         (-361.0,26.0,-314.0,281.0)
0         (-361.0,27.0,-314.0,281.0)
0         (-361.0,27.0,-314.0,282.0)
0         (-361.0,26.0,-314.0,282.0)
0         (-361.0,26.0,-314.0,283.0)
0         (-361.0,26.0,-315.0,283.0)
0         (-361.0,27.0,-315.0,283.0)
0         (-361.0,27.0,-316.0,283.0)
0         (-361.0,27.0,-316.0,282.0)
0         (-361.0,26.0,-316.0,282.0)
0         (-361.0,26.0,-316.0,283.0)
0         (-361.0,26.0,-316.0,284.0)
0         (-361.0,26.0,-315.0,284.0)
0         (-361.0,27.0,-315.0,284.0)
0         (-361.0,27.0,-314.0,284.0)
0         (-361.0,27.0,-314.0,283.0)
0         (-360.0,27.0,-314.0,283.0)
0         (-360.0,27.0,-314.0,282.0)
0         (-360.0,27.0,-314.0,281.0)
0         (-360.0,27.0,-314.0,280.0)
0         (-360.0,27.0,-313.0,280.0)
0         (-359.0,27.0,-313.0,280.0)
0         (-359.0,27.0,-312.0,280.0)
0         (-358.0,27.0,-312.0,280.0)
0         (-358.0,27.0,-311.0,280.0)
0         (-358.0,27.0,-311.0,281.0)
0         (-358.0,27.0,-310.0,281.0)
0         (-358.0,27.0,-310.0,282.0)
0         (-358.0,27.0,-309.0,282.0)
0         (-358.0,26.0,-309.0,282.0)
0         (-358.0,26.0,-310.0,282.0)
0         (-358.0,26.0,-310.0,283.0)
0         (-358.0,27.0,-310.0,283.0)
0         (-358.0,27.0,-309.0,283.0)
0         (-358.0,26.0,-309.0,283.0)
0         (-357.0,26.0,-309.0,283.0)
0         (-357.0,26.0,-309.0,282.0)
0         (-357.0,26.0,-309.0,281.0)
0         (-358.0,26.0,-309.0,281.0)
0         (-358.0,27.0,-309.0,281.0)
0         (-357.0,27.0,-309.0,281.0)
0         (-357.0,27.0,-308.0,281.0)
0         (-357.0,27.0,-308.0,280.0)
0         (-356.0,27.0,-308.0,280.0)
0         (-356.0,27.0,-308.0,279.0)
0         (-355.0,27.0,-308.0,279.0)
0         (-355.0,27.0,-308.0,278.0)
0         (-355.0,27.0,-308.0,277.0)
0         (-355.0,27.0,-309.0,277.0)
0         (-355.0,27.0,-309.0,276.0)
0         (-355.0,27.0,-310.0,276.0)
0         (-355.0,26.0,-310.0,276.0)
0         (-355.0,26.0,-309.0,276.0)
0         (-355.0,26.0,-309.0,275.0)
0         (-355.0,27.0,-309.0,275.0)
0         (-355.0,27.0,-310.0,275.0)
0         (-355.0,26.0,-310.0,275.0)
0         (-354.0,26.0,-310.0,275.0)
0         (-354.0,26.0,-309.0,275.0)
0         (-354.0,27.0,-309.0,275.0)
0         (-354.0,27.0,-308.0,275.0)
0         (-354.0,27.0,-308.0,274.0)
0         (-353.0,27.0,-308.0,274.0)
0         (-353.0,27.0,-307.0,274.0)
0         (-352.0,27.0,-307.0,274.0)
0         (-352.0,27.0,-306.0,274.0)
0         (-352.0,27.0,-305.0,274.0)
0         (-352.0,27.0,-305.0,275.0)
0         (-352.0,27.0,-304.0,275.0)
0         (-352.0,27.0,-304.0,276.0)
0         (-352.0,26.0,-304.0,276.0)
0         (-352.0,26.0,-304.0,275.0)
0         (-351.0,26.0,-304.0,275.0)
0         (-351.0,27.0,-304.0,275.0)
0         (-351.0,27.0,-304.0,276.0)
0         (-351.0,26.0,-304.0,276.0)
0         (-351.0,26.0,-303.0,276.0)
0         (-351.0,26.0,-303.0,275.0)
0         (-351.0,27.0,-303.0,275.0)
0         (-351.0,27.0,-303.0,274.0)
0         (-351.0,27.0,-302.0,274.0)
0         (-350.0,27.0,-302.0,274.0)
0         (-350.0,27.0,-301.0,274.0)
0         (-349.0,27.0,-301.0,274.0)
0         (-349.0,27.0,-300.0,274.0)
0         (-349.0,27.0,-300.0,275.0)
0         (-349.0,27.0,-299.0,275.0)
0         (-349.0,27.0,-299.0,276.0)
0         (-348.0,27.0,-299.0,276.0)
0         (-348.0,27.0,-298.0,276.0)
0         (-348.0,27.0,-298.0,275.0)
0         (-348.0,27.0,-299.0,275.0)
0         (-348.0,26.0,-299.0,275.0)
0         (-348.0,26.0,-298.0,275.0)
0         (-348.0,26.0,-298.0,276.0)
0         (-348.0,26.0,-299.0,276.0)
0         (-349.0,26.0,-299.0,276.0)
0         (-349.0,26.0,-299.0,275.0)
0         (-349.0,26.0,-298.0,275.0)
0         (-349.0,27.0,-298.0,275.0)
0         (-349.0,27.0,-298.0,276.0)
0         (-349.0,26.0,-298.0,276.0)
0         (-349.0,26.0,-298.0,277.0)
0         (-349.0,26.0,-299.0,277.0)
0         (-349.0,27.0,-299.0,277.0)
0         (-348.0,27.0,-299.0,277.0)
0         (-348.0,27.0,-298.0,277.0)
0         (-348.0,26.0,-298.0,277.0)
0         (-348.0,26.0,-299.0,277.0)
0         (-348.0,26.0,-300.0,277.0)
0         (-348.0,26.0,-300.0,276.0)
0         (-348.0,27.0,-300.0,276.0)
0         (-349.0,27.0,-300.0,276.0)
0         (-349.0,26.0,-300.0,276.0)
0         (-349.0,26.0,-300.0,275.0)
0         (-348.0,26.0,-300.0,275.0)
0         (-348.0,27.0,-300.0,275.0)
0         (-348.0,27.0,-300.0,274.0)
0         (-348.0,27.0,-299.0,274.0)
0         (-348.0,27.0,-298.0,274.0)
0         (-348.0,27.0,-297.0,274.0)
0         (-347.0,27.0,-297.0,274.0)
0         (-347.0,27.0,-296.0,274.0)
0         (-346.0,27.0,-296.0,274.0)
0         (-346.0,27.0,-295.0,274.0)
0         (-346.0,27.0,-294.0,274.0)
0         (-346.0,27.0,-294.0,275.0)
0         (-345.0,27.0,-294.0,275.0)
0         (-345.0,27.0,-293.0,275.0)
0         (-345.0,27.0,-293.0,276.0)
0         (-345.0,26.0,-293.0,276.0)
0         (-345.0,26.0,-293.0,275.0)
0         (-345.0,26.0,-292.0,275.0)
0         (-345.0,27.0,-292.0,275.0)
0         (-345.0,27.0,-292.0,274.0)
0         (-344.0,27.0,-292.0,274.0)
0         (-344.0,27.0,-291.0,274.0)
0         (-343.0,27.0,-291.0,274.0)
0         (-343.0,27.0,-290.0,274.0)
0         (-343.0,27.0,-289.0,274.0)
0         (-342.0,27.0,-289.0,274.0)
0         (-342.0,27.0,-289.0,275.0)
0         (-342.0,27.0,-288.0,275.0)
0         (-342.0,27.0,-288.0,276.0)
0         (-342.0,26.0,-288.0,276.0)
0         (-342.0,26.0,-288.0,275.0)
0         (-342.0,26.0,-287.0,275.0)
0         (-342.0,27.0,-287.0,275.0)
0         (-342.0,27.0,-287.0,276.0)
0         (-342.0,26.0,-287.0,276.0)
0         (-342.0,26.0,-287.0,277.0)
0         (-342.0,26.0,-288.0,277.0)
0         (-342.0,27.0,-288.0,277.0)
0         (-342.0,27.0,-287.0,277.0)
0         (-343.0,27.0,-287.0,277.0)
0         (-343.0,27.0,-287.0,276.0)
0         (-343.0,27.0,-288.0,276.0)
0         (-343.0,27.0,-288.0,275.0)
0         (-343.0,27.0,-287.0,275.0)
0         (-343.0,26.0,-287.0,275.0)
0         (-343.0,26.0,-288.0,275.0)
0         (-343.0,26.0,-288.0,276.0)
0         (-343.0,26.0,-287.0,276.0)
0         (-343.0,26.0,-287.0,277.0)
0         (-343.0,26.0,-288.0,277.0)
0         (-343.0,27.0,-288.0,277.0)
0         (-343.0,27.0,-289.0,277.0)
0         (-342.0,27.0,-289.0,277.0)
0         (-342.0,27.0,-289.0,276.0)
0         (-342.0,26.0,-289.0,276.0)
0         (-342.0,26.0,-289.0,275.0)
0         (-342.0,26.0,-289.0,274.0)
0         (-342.0,26.0,-288.0,274.0)
0         (-342.0,26.0,-287.0,274.0)
0         (-341.0,26.0,-287.0,274.0)
0         (-341.0,26.0,-286.0,274.0)
0         (-341.0,26.0,-286.0,273.0)
0         (-340.0,26.0,-286.0,273.0)
0         (-340.0,26.0,-286.0,272.0)
0         (-339.0,26.0,-286.0,272.0)
0         (-339.0,26.0,-286.0,271.0)
0         (-339.0,26.0,-287.0,271.0)
0         (-339.0,26.0,-287.0,270.0)
0         (-339.0,26.0,-288.0,270.0)
0         (-339.0,27.0,-288.0,270.0)
0         (-339.0,27.0,-288.0,269.0)
0         (-339.0,26.0,-288.0,269.0)
0         (-339.0,26.0,-287.0,269.0)
0         (-339.0,27.0,-287.0,269.0)
0         (-339.0,27.0,-287.0,270.0)
0         (-339.0,27.0,-287.0,271.0)
0         (-339.0,27.0,-288.0,271.0)
0         (-339.0,26.0,-288.0,271.0)
0         (-339.0,26.0,-289.0,271.0)
0         (-339.0,26.0,-289.0,270.0)
0         (-339.0,27.0,-289.0,270.0)
0         (-339.0,27.0,-289.0,269.0)
0         (-339.0,26.0,-289.0,269.0)
0         (-339.0,26.0,-289.0,268.0)
0         (-339.0,26.0,-288.0,268.0)
0         (-339.0,26.0,-287.0,268.0)
0         (-339.0,27.0,-287.0,268.0)
0         (-339.0,27.0,-288.0,268.0)
0         (-338.0,27.0,-288.0,268.0)
0         (-338.0,27.0,-287.0,268.0)
0         (-338.0,27.0,-286.0,268.0)
0         (-338.0,27.0,-286.0,267.0)
0         (-337.0,27.0,-286.0,267.0)
0         (-337.0,27.0,-286.0,266.0)
0         (-336.0,27.0,-286.0,266.0)
0         (-336.0,27.0,-286.0,265.0)
0         (-336.0,27.0,-287.0,265.0)
0         (-336.0,27.0,-287.0,264.0)
0         (-336.0,27.0,-288.0,264.0)
0         (-336.0,27.0,-288.0,263.0)
0         (-336.0,26.0,-288.0,263.0)
0         (-336.0,26.0,-288.0,264.0)
0         (-336.0,26.0,-287.0,264.0)
0         (-336.0,26.0,-287.0,263.0)
0         (-336.0,27.0,-287.0,263.0)
0         (-336.0,27.0,-287.0,262.0)
0         (-336.0,27.0,-288.0,262.0)
0         (-336.0,26.0,-288.0,262.0)
0         (-336.0,26.0,-287.0,262.0)
0         (-335.0,26.0,-287.0,262.0)
0         (-335.0,26.0,-286.0,262.0)
0         (-335.0,26.0,-286.0,261.0)
0         (-334.0,26.0,-286.0,261.0)
0         (-334.0,26.0,-285.0,261.0)
0         (-333.0,26.0,-285.0,261.0)
0         (-333.0,26.0,-284.0,261.0)
0         (-333.0,26.0,-284.0,262.0)
0         (-333.0,26.0,-283.0,262.0)
0         (-333.0,26.0,-283.0,263.0)
0         (-333.0,27.0,-283.0,263.0)
0         (-333.0,27.0,-282.0,263.0)
0         (-333.0,26.0,-282.0,263.0)
0         (-333.0,26.0,-282.0,264.0)
0         (-333.0,27.0,-282.0,264.0)
0         (-333.0,27.0,-283.0,264.0)
0         (-333.0,26.0,-283.0,264.0)
0         (-332.0,26.0,-283.0,264.0)
0         (-332.0,26.0,-283.0,263.0)
0         (-332.0,26.0,-282.0,263.0)
0         (-332.0,27.0,-282.0,263.0)
0         (-332.0,27.0,-282.0,262.0)
0         (-333.0,27.0,-282.0,262.0)
0         (-333.0,26.0,-282.0,262.0)
0         (-332.0,26.0,-282.0,262.0)
0         (-332.0,26.0,-281.0,262.0)
0         (-332.0,26.0,-281.0,261.0)
0         (-331.0,26.0,-281.0,261.0)
0         (-331.0,26.0,-281.0,260.0)
0         (-330.0,26.0,-281.0,260.0)
0         (-330.0,26.0,-281.0,259.0)
0         (-330.0,26.0,-281.0,258.0)
0         (-330.0,26.0,-282.0,258.0)
0         (-330.0,26.0,-282.0,257.0)
0         (-330.0,27.0,-282.0,257.0)
0         (-330.0,27.0,-283.0,257.0)
0         (-330.0,26.0,-283.0,257.0)
0         (-330.0,26.0,-283.0,256.0)
0         (-330.0,26.0,-282.0,256.0)
0         (-330.0,27.0,-282.0,256.0)
0         (-329.0,27.0,-282.0,256.0)
0         (-329.0,27.0,-282.0,257.0)
0         (-329.0,26.0,-282.0,257.0)
0         (-329.0,26.0,-282.0,256.0)
0         (-329.0,26.0,-281.0,256.0)
0         (-329.0,26.0,-281.0,255.0)
0         (-328.0,26.0,-281.0,255.0)
0         (-328.0,26.0,-281.0,254.0)
0         (-327.0,26.0,-281.0,254.0)
0         (-327.0,26.0,-281.0,253.0)
0         (-327.0,26.0,-281.0,252.0)
0         (-327.0,26.0,-282.0,252.0)
0         (-327.0,26.0,-282.0,251.0)
0         (-327.0,27.0,-282.0,251.0)
0         (-327.0,27.0,-283.0,251.0)
0         (-326.0,27.0,-283.0,251.0)
0         (-326.0,27.0,-282.0,251.0)
0         (-326.0,27.0,-282.0,250.0)
0         (-327.0,27.0,-282.0,250.0)
0         (-327.0,27.0,-283.0,250.0)
0         (-326.0,27.0,-283.0,250.0)
0         (-326.0,26.0,-283.0,250.0)
0         (-326.0,26.0,-282.0,250.0)
0         (-326.0,26.0,-282.0,251.0)
0         (-326.0,26.0,-283.0,251.0)
0         (-327.0,26.0,-283.0,251.0)
0         (-327.0,26.0,-283.0,250.0)
0         (-327.0,26.0,-282.0,250.0)
0         (-327.0,26.0,-281.0,250.0)
0         (-326.0,26.0,-281.0,250.0)
0         (-326.0,26.0,-281.0,249.0)
0         (-325.0,26.0,-281.0,249.0)
0         (-325.0,26.0,-280.0,249.0)
0         (-324.0,26.0,-280.0,249.0)
0         (-324.0,26.0,-279.0,249.0)
0         (-324.0,26.0,-278.0,249.0)
0         (-324.0,26.0,-278.0,250.0)
0         (-324.0,26.0,-277.0,250.0)
0         (-323.0,26.0,-277.0,250.0)
0         (-323.0,27.0,-277.0,250.0)
0         (-323.0,27.0,-277.0,251.0)
0         (-323.0,26.0,-277.0,251.0)
0         (-323.0,26.0,-276.0,251.0)
0         (-323.0,26.0,-276.0,250.0)
0         (-323.0,27.0,-276.0,250.0)
0         (-323.0,27.0,-276.0,251.0)
0         (-324.0,27.0,-276.0,251.0)
0         (-324.0,27.0,-277.0,251.0)
0         (-324.0,27.0,-277.0,250.0)
0         (-324.0,27.0,-276.0,250.0)
0         (-324.0,26.0,-276.0,250.0)
0         (-324.0,26.0,-276.0,251.0)
0         (-324.0,26.0,-277.0,251.0)
0         (-324.0,26.0,-278.0,251.0)
0         (-323.0,26.0,-278.0,251.0)
0         (-323.0,27.0,-278.0,251.0)
0         (-323.0,27.0,-278.0,250.0)
0         (-323.0,26.0,-278.0,250.0)
0         (-323.0,26.0,-278.0,249.0)
0         (-323.0,26.0,-277.0,249.0)
0         (-323.0,26.0,-276.0,249.0)
0         (-323.0,27.0,-276.0,249.0)
0         (-323.0,27.0,-275.0,249.0)
0         (-322.0,27.0,-275.0,249.0)
0         (-322.0,27.0,-274.0,249.0)
0         (-321.0,27.0,-274.0,249.0)
0         (-321.0,27.0,-273.0,249.0)
0         (-321.0,27.0,-272.0,249.0)
0         (-321.0,27.0,-272.0,250.0)
0         (-320.0,27.0,-272.0,250.0)
0         (-320.0,27.0,-272.0,251.0)
0         (-320.0,27.0,-271.0,251.0)
0         (-320.0,27.0,-271.0,250.0)
0         (-320.0,26.0,-271.0,250.0)
0         (-320.0,26.0,-271.0,251.0)
0         (-320.0,26.0,-272.0,251.0)
0         (-320.0,26.0,-272.0,250.0)
0         (-320.0,26.0,-272.0,249.0)
0         (-320.0,26.0,-271.0,249.0)
0         (-320.0,27.0,-271.0,249.0)
0         (-320.0,27.0,-270.0,249.0)
0         (-319.0,27.0,-270.0,249.0)
0         (-319.0,27.0,-269.0,249.0)
0         (-318.0,27.0,-269.0,249.0)
0         (-318.0,27.0,-268.0,249.0)
0         (-318.0,27.0,-267.0,249.0)
0         (-317.0,27.0,-267.0,249.0)
0         (-317.0,27.0,-267.0,250.0)
0         (-317.0,27.0,-266.0,250.0)
0         (-317.0,27.0,-266.0,251.0)
0         (-317.0,26.0,-266.0,251.0)
0         (-317.0,26.0,-266.0,250.0)
0         (-317.0,26.0,-265.0,250.0)
0         (-317.0,27.0,-265.0,250.0)
0         (-317.0,27.0,-265.0,251.0)
0         (-317.0,26.0,-265.0,251.0)
0         (-317.0,26.0,-265.0,252.0)
0         (-317.0,26.0,-266.0,252.0)
0         (-317.0,27.0,-266.0,252.0)
0         (-317.0,27.0,-267.0,252.0)
0         (-317.0,27.0,-267.0,251.0)
0         (-317.0,26.0,-267.0,251.0)
0         (-317.0,26.0,-267.0,250.0)
0         (-317.0,26.0,-267.0,249.0)
0         (-317.0,26.0,-266.0,249.0)
0         (-317.0,26.0,-265.0,249.0)
0         (-316.0,26.0,-265.0,249.0)
0         (-316.0,26.0,-264.0,249.0)
0         (-315.0,26.0,-264.0,249.0)
0         (-315.0,26.0,-263.0,249.0)
0         (-315.0,26.0,-262.0,249.0)
0         (-314.0,26.0,-262.0,249.0)
0         (-314.0,26.0,-262.0,250.0)
0         (-314.0,26.0,-261.0,250.0)
0         (-314.0,26.0,-261.0,251.0)
0         (-314.0,27.0,-261.0,251.0)
0         (-314.0,27.0,-261.0,250.0)
0         (-314.0,27.0,-260.0,250.0)
0         (-314.0,27.0,-260.0,251.0)
0         (-314.0,26.0,-260.0,251.0)
0         (-314.0,26.0,-260.0,250.0)
0         (-314.0,26.0,-260.0,249.0)
0         (-314.0,27.0,-260.0,249.0)
0         (-313.0,27.0,-260.0,249.0)
0         (-313.0,27.0,-259.0,249.0)
0         (-313.0,27.0,-259.0,248.0)
0         (-312.0,27.0,-259.0,248.0)
0         (-312.0,27.0,-259.0,247.0)
0         (-311.0,27.0,-259.0,247.0)
0         (-311.0,27.0,-259.0,246.0)
0         (-311.0,27.0,-260.0,246.0)
0         (-311.0,27.0,-260.0,245.0)
0         (-311.0,27.0,-261.0,245.0)
0         (-311.0,27.0,-261.0,244.0)
0         (-311.0,26.0,-261.0,244.0)
0         (-311.0,26.0,-261.0,245.0)
0         (-311.0,26.0,-260.0,245.0)
0         (-311.0,26.0,-260.0,244.0)
0         (-311.0,27.0,-260.0,244.0)
0         (-311.0,27.0,-260.0,243.0)
0         (-311.0,26.0,-260.0,243.0)
0         (-310.0,26.0,-260.0,243.0)
0         (-310.0,26.0,-259.0,243.0)
0         (-310.0,26.0,-259.0,242.0)
0         (-309.0,26.0,-259.0,242.0)
0         (-309.0,26.0,-259.0,241.0)
0         (-308.0,26.0,-259.0,241.0)
0         (-308.0,26.0,-259.0,240.0)
0         (-308.0,26.0,-260.0,240.0)
0         (-308.0,26.0,-260.0,239.0)
0         (-308.0,26.0,-260.0,238.0)
0         (-308.0,26.0,-261.0,238.0)
0         (-308.0,27.0,-261.0,238.0)
0         (-308.0,27.0,-261.0,239.0)
0         (-308.0,26.0,-261.0,239.0)
0         (-307.0,26.0,-261.0,239.0)
0         (-307.0,26.0,-261.0,238.0)
0         (-307.0,27.0,-261.0,238.0)
0         (-307.0,27.0,-260.0,238.0)
0         (-308.0,27.0,-260.0,238.0)
0         (-308.0,27.0,-260.0,239.0)
0         (-307.0,27.0,-260.0,239.0)
0         (-307.0,27.0,-261.0,239.0)
0         (-307.0,27.0,-262.0,239.0)
0         (-308.0,27.0,-262.0,239.0)
0         (-308.0,27.0,-262.0,238.0)
0         (-308.0,26.0,-262.0,238.0)
0         (-308.0,26.0,-262.0,239.0)
0         (-307.0,26.0,-262.0,239.0)
0         (-307.0,26.0,-262.0,238.0)
0         (-307.0,27.0,-262.0,238.0)
0         (-307.0,27.0,-262.0,237.0)
0         (-307.0,27.0,-261.0,237.0)
0         (-308.0,27.0,-261.0,237.0)
0         (-308.0,27.0,-260.0,237.0)
0         (-307.0,27.0,-260.0,237.0)
0         (-307.0,26.0,-260.0,237.0)
0         (-307.0,26.0,-260.0,238.0)
0         (-307.0,26.0,-260.0,239.0)
0         (-307.0,26.0,-259.0,239.0)
0         (-307.0,26.0,-259.0,238.0)
0         (-307.0,26.0,-259.0,237.0)
0         (-307.0,26.0,-259.0,236.0)
0         (-306.0,26.0,-259.0,236.0)
0         (-306.0,26.0,-258.0,236.0)
0         (-305.0,26.0,-258.0,236.0)
0         (-305.0,26.0,-257.0,236.0)
0         (-305.0,26.0,-257.0,237.0)
0         (-305.0,26.0,-256.0,237.0)
0         (-305.0,26.0,-256.0,238.0)
0         (-305.0,26.0,-255.0,238.0)
0         (-305.0,27.0,-255.0,238.0)
0         (-304.0,27.0,-255.0,238.0)
0         (-304.0,26.0,-255.0,238.0)
0         (-304.0,26.0,-255.0,237.0)
0         (-304.0,27.0,-255.0,237.0)
0         (-305.0,27.0,-255.0,237.0)
0         (-305.0,26.0,-255.0,237.0)
0         (-305.0,26.0,-254.0,237.0)
0         (-304.0,26.0,-254.0,237.0)
0         (-304.0,27.0,-254.0,237.0)
0         (-304.0,27.0,-254.0,238.0)
0         (-304.0,26.0,-254.0,238.0)
0         (-305.0,26.0,-254.0,238.0)
0         (-305.0,27.0,-254.0,238.0)
0         (-305.0,27.0,-254.0,237.0)
0         (-305.0,27.0,-254.0,236.0)
0         (-304.0,27.0,-254.0,236.0)
0         (-303.0,27.0,-254.0,236.0)
0         (-303.0,27.0,-254.0,235.0)
0         (-302.0,27.0,-254.0,235.0)
0         (-302.0,27.0,-254.0,234.0)
0         (-302.0,27.0,-254.0,233.0)
0         (-302.0,27.0,-255.0,233.0)
0         (-302.0,27.0,-255.0,232.0)
0         (-301.0,27.0,-255.0,232.0)
0         (-301.0,26.0,-255.0,232.0)
0         (-301.0,26.0,-255.0,231.0)
0         (-301.0,27.0,-255.0,231.0)
0         (-301.0,27.0,-256.0,231.0)
0         (-301.0,27.0,-256.0,232.0)
0         (-301.0,26.0,-256.0,232.0)
0         (-301.0,26.0,-256.0,231.0)
0         (-302.0,26.0,-256.0,231.0)
0         (-302.0,26.0,-255.0,231.0)
0         (-302.0,26.0,-255.0,232.0)
0         (-302.0,26.0,-256.0,232.0)
0         (-302.0,27.0,-256.0,232.0)
0         (-302.0,27.0,-256.0,231.0)
0         (-302.0,27.0,-255.0,231.0)
0         (-302.0,27.0,-254.0,231.0)
0         (-301.0,27.0,-254.0,231.0)
0         (-301.0,26.0,-254.0,231.0)
0         (-301.0,26.0,-254.0,232.0)
0         (-301.0,27.0,-254.0,232.0)
0         (-302.0,27.0,-254.0,232.0)
0         (-302.0,26.0,-254.0,232.0)
0         (-302.0,26.0,-254.0,231.0)
0         (-302.0,26.0,-254.0,230.0)
0         (-301.0,26.0,-254.0,230.0)
0         (-300.0,26.0,-254.0,230.0)
0         (-300.0,26.0,-253.0,230.0)
0         (-299.0,26.0,-253.0,230.0)
0         (-299.0,26.0,-252.0,230.0)
0         (-299.0,26.0,-251.0,230.0)
0         (-299.0,26.0,-251.0,231.0)
