# run = 16
occ          S   
0         (-27.0,252.0,-203.0,-256.0)
0         (-28.0,252.0,-203.0,-256.0)
0         (-28.0,252.0,-202.0,-256.0)
0         (-28.0,252.0,-201.0,-256.0)
0         (-28.0,253.0,-201.0,-256.0)
0         (-28.0,253.0,-201.0,-257.0)
0         (-28.0,253.0,-201.0,-258.0)
0         (-28.0,253.0,-200.0,-258.0)
0         (-28.0,253.0,-200.0,-257.0)
0         (-28.0,253.0,-200.0,-256.0)
0         (-28.0,252.0,-200.0,-256.0)
0         (-28.0,252.0,-200.0,-257.0)
0         (-28.0,252.0,-201.0,-257.0)
0         (-28.0,252.0,-201.0,-258.0)
0         (-28.0,252.0,-200.0,-258.0)
0         (-29.0,252.0,-200.0,-258.0)
0         (-29.0,252.0,-200.0,-257.0)
0         (-29.0,253.0,-200.0,-257.0)
0         (-29.0,253.0,-201.0,-257.0)
0         (-29.0,253.0,-201.0,-256.0)
0         (-29.0,253.0,-200.0,-256.0)
0         (-29.0,252.0,-200.0,-256.0)
0         (-29.0,252.0,-201.0,-256.0)
0         (-29.0,252.0,-201.0,-257.0)
0         (-29.0,252.0,-201.0,-258.0)
0         (-29.0,253.0,-201.0,-258.0)
0         (-29.0,253.0,-200.0,-258.0)
0         (-29.0,254.0,-200.0,-258.0)
0         (-28.0,254.0,-200.0,-258.0)
0         (-28.0,254.0,-201.0,-258.0)
0         (-28.0,254.0,-201.0,-257.0)
0         (-28.0,254.0,-201.0,-256.0)
0         (-28.0,254.0,-200.0,-256.0)
0         (-28.0,254.0,-200.0,-257.0)
0         (-29.0,254.0,-200.0,-257.0)
0         (-29.0,254.0,-201.0,-257.0)
0         (-29.0,254.0,-201.0,-256.0)
0         (-29.0,254.0,-200.0,-256.0)
0         (-29.0,254.0,-200.0,-255.0)
0         (-29.0,253.0,-200.0,-255.0)
0         (-29.0,252.0,-200.0,-255.0)
0         (-28.0,252.0,-200.0,-255.0)
0         (-28.0,252.0,-199.0,-255.0)
0         (-28.0,251.0,-199.0,-255.0)
0         (-28.0,251.0,-199.0,-254.0)
0         (-28.0,250.0,-199.0,-254.0)
0         (-28.0,250.0,-199.0,-253.0)
0         (-28.0,249.0,-199.0,-253.0)
0         (-28.0,249.0,-200.0,-253.0)
0         (-28.0,249.0,-200.0,-252.0)
0         (-28.0,249.0,-200.0,-251.0)
0         (-28.0,249.0,-201.0,-251.0)
0         (-28.0,248.0,-201.0,-251.0)
0         (-28.0,248.0,-201.0,-250.0)
0         (-28.0,249.0,-201.0,-250.0)
0         (-28.0,249.0,-200.0,-250.0)
0         (-28.0,248.0,-200.0,-250.0)
0         (-28.0,248.0,-200.0,-251.0)
0         (-29.0,248.0,-200.0,-251.0)
0         (-29.0,248.0,-201.0,-251.0)
0         (-29.0,248.0,-201.0,-250.0)
0         (-29.0,248.0,-200.0,-250.0)
0         (-29.0,248.0,-200.0,-249.0)
0         (-28.0,248.0,-200.0,-249.0)
0         (-28.0,248.0,-201.0,-249.0)
0         (-28.0,249.0,-201.0,-249.0)
0         (-28.0,249.0,-200.0,-249.0)
0         (-29.0,249.0,-200.0,-249.0)
0         (-29.0,249.0,-200.0,-250.0)
0         (-29.0,249.0,-201.0,-250.0)
0         (-29.0,249.0,-201.0,-251.0)
0         (-29.0,249.0,-200.0,-251.0)
0         (-29.0,249.0,-200.0,-252.0)
0         (-29.0,249.0,-201.0,-252.0)
0         (-28.0,249.0,-201.0,-252.0)
0         (-28.0,248.0,-201.0,-252.0)
0         (-28.0,248.0,-200.0,-252.0)
0         (-29.0,248.0,-200.0,-252.0)
0         (-29.0,248.0,-201.0,-252.0)
0         (-29.0,248.0,-202.0,-252.0)
0         (-28.0,248.0,-202.0,-252.0)
0         (-28.0,248.0,-202.0,-251.0)
0         (-28.0,249.0,-202.0,-251.0)
0         (-28.0,249.0,-202.0,-250.0)
0         (-28.0,248.0,-202.0,-250.0)
0         (-29.0,248.0,-202.0,-250.0)
0         (-29.0,248.0,-202.0,-251.0)
0         (-29.0,249.0,-202.0,-251.0)
0         (-29.0,249.0,-202.0,-250.0)
0         (-29.0,249.0,-202.0,-249.0)
0         (-29.0,249.0,-201.0,-249.0)
0         (-29.0,248.0,-201.0,-249.0)
0         (-29.0,247.0,-201.0,-249.0)
0         (-29.0,247.0,-200.0,-249.0)
0         (-29.0,247.0,-199.0,-249.0)
0         (-29.0,247.0,-199.0,-248.0)
0         (-29.0,246.0,-199.0,-248.0)
0         (-29.0,246.0,-199.0,-247.0)
0         (-29.0,245.0,-199.0,-247.0)
0         (-29.0,245.0,-199.0,-246.0)
0         (-29.0,245.0,-200.0,-246.0)
0         (-29.0,245.0,-200.0,-245.0)
0         (-29.0,244.0,-200.0,-245.0)
0         (-28.0,244.0,-200.0,-245.0)
0         (-28.0,244.0,-201.0,-245.0)
0         (-28.0,244.0,-201.0,-244.0)
0         (-28.0,244.0,-200.0,-244.0)
0         (-28.0,244.0,-200.0,-243.0)
0         (-28.0,244.0,-201.0,-243.0)
0         (-28.0,243.0,-201.0,-243.0)
0         (-28.0,243.0,-201.0,-244.0)
0         (-28.0,243.0,-200.0,-244.0)
0         (-28.0,243.0,-200.0,-243.0)
0         (-28.0,243.0,-199.0,-243.0)
0         (-28.0,243.0,-199.0,-242.0)
0         (-28.0,242.0,-199.0,-242.0)
0         (-28.0,242.0,-199.0,-241.0)
0         (-28.0,241.0,-199.0,-241.0)
0         (-28.0,241.0,-199.0,-240.0)
0         (-28.0,241.0,-200.0,-240.0)
0         (-28.0,240.0,-200.0,-240.0)
0         (-28.0,240.0,-200.0,-239.0)
0         (-28.0,240.0,-201.0,-239.0)
0         (-28.0,240.0,-201.0,-238.0)
0         (-28.0,239.0,-201.0,-238.0)
0         (-28.0,239.0,-201.0,-239.0)
0         (-28.0,239.0,-200.0,-239.0)
0         (-28.0,239.0,-200.0,-238.0)
0         (-28.0,240.0,-200.0,-238.0)
0         (-28.0,240.0,-200.0,-237.0)
0         (-28.0,240.0,-201.0,-237.0)
0         (-28.0,239.0,-201.0,-237.0)
0         (-28.0,239.0,-200.0,-237.0)
0         (-29.0,239.0,-200.0,-237.0)
0         (-29.0,239.0,-200.0,-238.0)
0         (-29.0,239.0,-201.0,-238.0)
0         (-29.0,240.0,-201.0,-238.0)
0         (-29.0,240.0,-201.0,-239.0)
0         (-29.0,239.0,-201.0,-239.0)
0         (-29.0,239.0,-200.0,-239.0)
0         (-29.0,240.0,-200.0,-239.0)
0         (-29.0,240.0,-200.0,-238.0)
0         (-29.0,240.0,-200.0,-237.0)
0         (-29.0,240.0,-201.0,-237.0)
0         (-29.0,239.0,-201.0,-237.0)
0         (-29.0,239.0,-202.0,-237.0)
0         (-28.0,239.0,-202.0,-237.0)
0         (-28.0,239.0,-202.0,-238.0)
0         (-28.0,240.0,-202.0,-238.0)
0         (-28.0,240.0,-202.0,-239.0)
0         (-28.0,239.0,-202.0,-239.0)
0         (-29.0,239.0,-202.0,-239.0)
0         (-29.0,239.0,-202.0,-238.0)
0         (-29.0,240.0,-202.0,-238.0)
0         (-29.0,240.0,-202.0,-239.0)
0         (-29.0,240.0,-202.0,-240.0)
0         (-28.0,240.0,-202.0,-240.0)
0         (-28.0,240.0,-201.0,-240.0)
0         (-28.0,239.0,-201.0,-240.0)
0         (-28.0,239.0,-200.0,-240.0)
0         (-29.0,239.0,-200.0,-240.0)
0         (-29.0,239.0,-201.0,-240.0)
0         (-29.0,240.0,-201.0,-240.0)
0         (-29.0,240.0,-200.0,-240.0)
0         (-29.0,240.0,-199.0,-240.0)
0         (-29.0,240.0,-199.0,-239.0)
0         (-29.0,240.0,-199.0,-238.0)
0         (-29.0,239.0,-199.0,-238.0)
0         (-29.0,239.0,-199.0,-237.0)
0         (-29.0,239.0,-199.0,-236.0)
0         (-29.0,238.0,-199.0,-236.0)
0         (-29.0,238.0,-199.0,-235.0)
0         (-29.0,237.0,-199.0,-235.0)
0         (-29.0,237.0,-199.0,-234.0)
0         (-29.0,236.0,-199.0,-234.0)
0         (-29.0,236.0,-199.0,-233.0)
0         (-29.0,236.0,-200.0,-233.0)
0         (-28.0,236.0,-200.0,-233.0)
0         (-28.0,236.0,-201.0,-233.0)
0         (-28.0,235.0,-201.0,-233.0)
0         (-28.0,235.0,-201.0,-232.0)
0         (-28.0,235.0,-201.0,-231.0)
0         (-28.0,235.0,-200.0,-231.0)
0         (-28.0,235.0,-200.0,-232.0)
0         (-28.0,235.0,-200.0,-233.0)
0         (-29.0,235.0,-200.0,-233.0)
0         (-29.0,235.0,-200.0,-232.0)
0         (-29.0,235.0,-201.0,-232.0)
0         (-29.0,235.0,-201.0,-231.0)
0         (-29.0,235.0,-200.0,-231.0)
0         (-29.0,234.0,-200.0,-231.0)
0         (-28.0,234.0,-200.0,-231.0)
0         (-28.0,234.0,-201.0,-231.0)
0         (-28.0,234.0,-201.0,-232.0)
0         (-28.0,234.0,-200.0,-232.0)
0         (-29.0,234.0,-200.0,-232.0)
0         (-29.0,234.0,-201.0,-232.0)
0         (-29.0,234.0,-201.0,-231.0)
0         (-29.0,234.0,-201.0,-230.0)
0         (-29.0,234.0,-200.0,-230.0)
0         (-28.0,234.0,-200.0,-230.0)
0         (-28.0,234.0,-199.0,-230.0)
0         (-28.0,233.0,-199.0,-230.0)
0         (-28.0,233.0,-199.0,-229.0)
0         (-28.0,232.0,-199.0,-229.0)
0         (-28.0,232.0,-199.0,-228.0)
0         (-28.0,232.0,-199.0,-227.0)
0         (-28.0,232.0,-200.0,-227.0)
0         (-28.0,231.0,-200.0,-227.0)
0         (-28.0,231.0,-200.0,-226.0)
0         (-28.0,231.0,-201.0,-226.0)
0         (-28.0,231.0,-201.0,-225.0)
0         (-28.0,230.0,-201.0,-225.0)
0         (-28.0,230.0,-201.0,-226.0)
0         (-28.0,230.0,-200.0,-226.0)
0         (-28.0,230.0,-200.0,-225.0)
0         (-28.0,231.0,-200.0,-225.0)
0         (-29.0,231.0,-200.0,-225.0)
0         (-29.0,231.0,-201.0,-225.0)
0         (-29.0,231.0,-201.0,-226.0)
0         (-29.0,230.0,-201.0,-226.0)
0         (-29.0,230.0,-201.0,-225.0)
0         (-29.0,230.0,-200.0,-225.0)
0         (-29.0,230.0,-200.0,-224.0)
0         (-28.0,230.0,-200.0,-224.0)
0         (-28.0,230.0,-201.0,-224.0)
0         (-28.0,231.0,-201.0,-224.0)
0         (-28.0,231.0,-200.0,-224.0)
0         (-29.0,231.0,-200.0,-224.0)
0         (-29.0,231.0,-201.0,-224.0)
0         (-29.0,230.0,-201.0,-224.0)
0         (-29.0,229.0,-201.0,-224.0)
0         (-29.0,229.0,-200.0,-224.0)
0         (-29.0,229.0,-199.0,-224.0)
0         (-29.0,229.0,-199.0,-223.0)
0         (-29.0,228.0,-199.0,-223.0)
0         (-29.0,228.0,-199.0,-222.0)
0         (-29.0,227.0,-199.0,-222.0)
0         (-29.0,227.0,-199.0,-221.0)
0         (-29.0,227.0,-200.0,-221.0)
0         (-29.0,227.0,-200.0,-220.0)
0         (-28.0,227.0,-200.0,-220.0)
0         (-28.0,227.0,-201.0,-220.0)
0         (-28.0,226.0,-201.0,-220.0)
0         (-28.0,226.0,-201.0,-219.0)
0         (-28.0,227.0,-201.0,-219.0)
0         (-28.0,227.0,-200.0,-219.0)
0         (-28.0,226.0,-200.0,-219.0)
0         (-28.0,226.0,-200.0,-220.0)
0         (-29.0,226.0,-200.0,-220.0)
0         (-29.0,226.0,-201.0,-220.0)
0         (-29.0,226.0,-201.0,-219.0)
0         (-29.0,226.0,-200.0,-219.0)
0         (-29.0,226.0,-200.0,-218.0)
0         (-28.0,226.0,-200.0,-218.0)
0         (-28.0,226.0,-201.0,-218.0)
0         (-28.0,227.0,-201.0,-218.0)
0         (-28.0,227.0,-200.0,-218.0)
0         (-29.0,227.0,-200.0,-218.0)
0         (-29.0,227.0,-200.0,-219.0)
0         (-29.0,227.0,-201.0,-219.0)
0         (-29.0,227.0,-201.0,-220.0)
0         (-29.0,227.0,-202.0,-220.0)
0         (-28.0,227.0,-202.0,-220.0)
0         (-28.0,226.0,-202.0,-220.0)
0         (-28.0,226.0,-202.0,-219.0)
0         (-28.0,227.0,-202.0,-219.0)
0         (-28.0,227.0,-202.0,-218.0)
0         (-28.0,226.0,-202.0,-218.0)
0         (-29.0,226.0,-202.0,-218.0)
0         (-29.0,226.0,-201.0,-218.0)
0         (-29.0,225.0,-201.0,-218.0)
0         (-28.0,225.0,-201.0,-218.0)
0         (-28.0,225.0,-200.0,-218.0)
0         (-28.0,225.0,-200.0,-219.0)
0         (-28.0,225.0,-201.0,-219.0)
0         (-28.0,225.0,-201.0,-220.0)
0         (-28.0,225.0,-200.0,-220.0)
0         (-29.0,225.0,-200.0,-220.0)
0         (-29.0,225.0,-200.0,-219.0)
0         (-29.0,225.0,-200.0,-218.0)
0         (-29.0,225.0,-199.0,-218.0)
0         (-29.0,225.0,-199.0,-217.0)
0         (-29.0,224.0,-199.0,-217.0)
0         (-29.0,224.0,-199.0,-216.0)
0         (-29.0,223.0,-199.0,-216.0)
0         (-29.0,223.0,-199.0,-215.0)
0         (-29.0,223.0,-200.0,-215.0)
0         (-29.0,223.0,-200.0,-214.0)
0         (-29.0,222.0,-200.0,-214.0)
0         (-28.0,222.0,-200.0,-214.0)
0         (-28.0,222.0,-201.0,-214.0)
0         (-28.0,222.0,-201.0,-213.0)
0         (-28.0,222.0,-200.0,-213.0)
0         (-28.0,222.0,-200.0,-212.0)
0         (-28.0,222.0,-201.0,-212.0)
0         (-28.0,221.0,-201.0,-212.0)
0         (-28.0,221.0,-201.0,-213.0)
0         (-28.0,221.0,-200.0,-213.0)
0         (-28.0,221.0,-200.0,-212.0)
0         (-29.0,221.0,-200.0,-212.0)
0         (-29.0,222.0,-200.0,-212.0)
0         (-29.0,222.0,-200.0,-213.0)
0         (-29.0,222.0,-201.0,-213.0)
0         (-29.0,222.0,-201.0,-214.0)
0         (-29.0,221.0,-201.0,-214.0)
0         (-28.0,221.0,-201.0,-214.0)
0         (-28.0,221.0,-200.0,-214.0)
0         (-29.0,221.0,-200.0,-214.0)
0         (-29.0,221.0,-200.0,-213.0)
0         (-29.0,221.0,-201.0,-213.0)
0         (-29.0,221.0,-201.0,-212.0)
0         (-29.0,222.0,-201.0,-212.0)
0         (-29.0,222.0,-202.0,-212.0)
0         (-28.0,222.0,-202.0,-212.0)
0         (-28.0,222.0,-202.0,-213.0)
0         (-28.0,222.0,-202.0,-214.0)
0         (-28.0,221.0,-202.0,-214.0)
0         (-28.0,221.0,-202.0,-213.0)
0         (-28.0,221.0,-202.0,-212.0)
0         (-29.0,221.0,-202.0,-212.0)
0         (-29.0,221.0,-202.0,-213.0)
0         (-29.0,222.0,-202.0,-213.0)
0         (-29.0,222.0,-202.0,-214.0)
0         (-29.0,221.0,-202.0,-214.0)
0         (-29.0,221.0,-202.0,-215.0)
0         (-29.0,221.0,-201.0,-215.0)
0         (-28.0,221.0,-201.0,-215.0)
0         (-28.0,222.0,-201.0,-215.0)
0         (-28.0,222.0,-200.0,-215.0)
0         (-28.0,221.0,-200.0,-215.0)
0         (-29.0,221.0,-200.0,-215.0)
0         (-29.0,222.0,-200.0,-215.0)
0         (-29.0,222.0,-201.0,-215.0)
0         (-29.0,222.0,-202.0,-215.0)
0         (-28.0,222.0,-202.0,-215.0)
0         (-28.0,221.0,-202.0,-215.0)
0         (-28.0,221.0,-203.0,-215.0)
0         (-28.0,221.0,-203.0,-214.0)
0         (-28.0,221.0,-203.0,-213.0)
0         (-28.0,222.0,-203.0,-213.0)
0         (-28.0,222.0,-203.0,-212.0)
0         (-28.0,221.0,-203.0,-212.0)
0         (-28.0,221.0,-203.0,-211.0)
0         (-28.0,221.0,-202.0,-211.0)
0         (-28.0,221.0,-201.0,-211.0)
0         (-28.0,221.0,-200.0,-211.0)
0         (-28.0,221.0,-199.0,-211.0)
0         (-28.0,220.0,-199.0,-211.0)
0         (-28.0,220.0,-199.0,-210.0)
0         (-28.0,219.0,-199.0,-210.0)
0         (-28.0,219.0,-199.0,-209.0)
0         (-28.0,218.0,-199.0,-209.0)
0         (-28.0,218.0,-200.0,-209.0)
0         (-28.0,218.0,-200.0,-208.0)
0         (-28.0,218.0,-201.0,-208.0)
0         (-28.0,218.0,-201.0,-207.0)
0         (-28.0,217.0,-201.0,-207.0)
0         (-28.0,217.0,-201.0,-206.0)
0         (-28.0,218.0,-201.0,-206.0)
0         (-28.0,218.0,-200.0,-206.0)
0         (-28.0,217.0,-200.0,-206.0)
0         (-28.0,217.0,-200.0,-207.0)
0         (-28.0,218.0,-200.0,-207.0)
0         (-29.0,218.0,-200.0,-207.0)
0         (-29.0,218.0,-201.0,-207.0)
0         (-29.0,217.0,-201.0,-207.0)
0         (-29.0,217.0,-201.0,-206.0)
0         (-29.0,217.0,-200.0,-206.0)
0         (-29.0,217.0,-200.0,-207.0)
0         (-29.0,217.0,-200.0,-208.0)
0         (-28.0,217.0,-200.0,-208.0)
0         (-28.0,217.0,-201.0,-208.0)
0         (-28.0,217.0,-202.0,-208.0)
0         (-28.0,217.0,-202.0,-207.0)
0         (-28.0,218.0,-202.0,-207.0)
0         (-28.0,218.0,-202.0,-206.0)
0         (-28.0,217.0,-202.0,-206.0)
0         (-29.0,217.0,-202.0,-206.0)
0         (-29.0,217.0,-202.0,-207.0)
0         (-29.0,218.0,-202.0,-207.0)
0         (-29.0,218.0,-202.0,-206.0)
0         (-29.0,218.0,-201.0,-206.0)
0         (-29.0,218.0,-200.0,-206.0)
0         (-29.0,218.0,-200.0,-205.0)
0         (-29.0,217.0,-200.0,-205.0)
0         (-28.0,217.0,-200.0,-205.0)
0         (-28.0,217.0,-201.0,-205.0)
0         (-28.0,218.0,-201.0,-205.0)
0         (-28.0,218.0,-200.0,-205.0)
0         (-28.0,218.0,-199.0,-205.0)
0         (-28.0,217.0,-199.0,-205.0)
0         (-28.0,216.0,-199.0,-205.0)
0         (-28.0,216.0,-199.0,-204.0)
0         (-28.0,215.0,-199.0,-204.0)
0         (-28.0,215.0,-199.0,-203.0)
0         (-28.0,214.0,-199.0,-203.0)
0         (-28.0,214.0,-199.0,-202.0)
0         (-28.0,214.0,-200.0,-202.0)
0         (-28.0,213.0,-200.0,-202.0)
0         (-28.0,213.0,-200.0,-201.0)
0         (-28.0,213.0,-201.0,-201.0)
0         (-28.0,213.0,-201.0,-200.0)
0         (-28.0,213.0,-200.0,-200.0)
0         (-28.0,212.0,-200.0,-200.0)
0         (-28.0,212.0,-201.0,-200.0)
0         (-28.0,212.0,-201.0,-201.0)
0         (-28.0,212.0,-200.0,-201.0)
0         (-29.0,212.0,-200.0,-201.0)
0         (-29.0,213.0,-200.0,-201.0)
0         (-29.0,213.0,-201.0,-201.0)
0         (-29.0,213.0,-201.0,-200.0)
0         (-29.0,213.0,-200.0,-200.0)
0         (-29.0,212.0,-200.0,-200.0)
0         (-29.0,212.0,-201.0,-200.0)
0         (-29.0,212.0,-201.0,-201.0)
0         (-29.0,212.0,-202.0,-201.0)
0         (-28.0,212.0,-202.0,-201.0)
0         (-28.0,213.0,-202.0,-201.0)
0         (-28.0,213.0,-202.0,-200.0)
0         (-28.0,212.0,-202.0,-200.0)
0         (-28.0,212.0,-202.0,-199.0)
0         (-28.0,212.0,-201.0,-199.0)
0         (-28.0,213.0,-201.0,-199.0)
0         (-28.0,213.0,-200.0,-199.0)
0         (-28.0,212.0,-200.0,-199.0)
0         (-28.0,212.0,-199.0,-199.0)
0         (-28.0,212.0,-199.0,-198.0)
0         (-28.0,211.0,-199.0,-198.0)
0         (-28.0,211.0,-199.0,-197.0)
0         (-28.0,210.0,-199.0,-197.0)
0         (-28.0,210.0,-199.0,-196.0)
0         (-28.0,210.0,-200.0,-196.0)
0         (-28.0,209.0,-200.0,-196.0)
0         (-28.0,209.0,-200.0,-195.0)
0         (-28.0,209.0,-201.0,-195.0)
0         (-28.0,209.0,-201.0,-194.0)
0         (-28.0,208.0,-201.0,-194.0)
0         (-28.0,208.0,-201.0,-195.0)
0         (-28.0,208.0,-200.0,-195.0)
0         (-28.0,208.0,-200.0,-194.0)
0         (-28.0,209.0,-200.0,-194.0)
0         (-28.0,209.0,-200.0,-193.0)
0         (-28.0,209.0,-201.0,-193.0)
0         (-28.0,208.0,-201.0,-193.0)
0         (-28.0,208.0,-200.0,-193.0)
0         (-29.0,208.0,-200.0,-193.0)
0         (-29.0,208.0,-200.0,-194.0)
0         (-29.0,208.0,-201.0,-194.0)
0         (-29.0,209.0,-201.0,-194.0)
0         (-29.0,209.0,-201.0,-195.0)
0         (-29.0,208.0,-201.0,-195.0)
0         (-29.0,208.0,-200.0,-195.0)
0         (-29.0,209.0,-200.0,-195.0)
0         (-29.0,209.0,-200.0,-194.0)
0         (-29.0,209.0,-200.0,-193.0)
0         (-29.0,209.0,-201.0,-193.0)
0         (-29.0,208.0,-201.0,-193.0)
0         (-29.0,208.0,-202.0,-193.0)
0         (-28.0,208.0,-202.0,-193.0)
0         (-28.0,208.0,-202.0,-194.0)
0         (-28.0,209.0,-202.0,-194.0)
0         (-28.0,209.0,-202.0,-195.0)
0         (-28.0,208.0,-202.0,-195.0)
0         (-29.0,208.0,-202.0,-195.0)
0         (-29.0,208.0,-202.0,-194.0)
0         (-29.0,209.0,-202.0,-194.0)
0         (-29.0,209.0,-202.0,-195.0)
0         (-29.0,209.0,-202.0,-196.0)
0         (-28.0,209.0,-202.0,-196.0)
0         (-28.0,209.0,-201.0,-196.0)
0         (-28.0,208.0,-201.0,-196.0)
0         (-28.0,208.0,-200.0,-196.0)
0         (-29.0,208.0,-200.0,-196.0)
0         (-29.0,208.0,-201.0,-196.0)
0         (-29.0,209.0,-201.0,-196.0)
0         (-29.0,209.0,-200.0,-196.0)
0         (-29.0,209.0,-199.0,-196.0)
0         (-29.0,209.0,-199.0,-195.0)
0         (-29.0,209.0,-199.0,-194.0)
0         (-29.0,208.0,-199.0,-194.0)
0         (-29.0,208.0,-199.0,-193.0)
0         (-29.0,207.0,-199.0,-193.0)
0         (-29.0,207.0,-199.0,-192.0)
0         (-29.0,206.0,-199.0,-192.0)
0         (-29.0,206.0,-198.0,-192.0)
0         (-29.0,205.0,-198.0,-192.0)
0         (-29.0,205.0,-197.0,-192.0)
0         (-29.0,205.0,-197.0,-193.0)
0         (-29.0,205.0,-196.0,-193.0)
0         (-28.0,205.0,-196.0,-193.0)
0         (-28.0,205.0,-196.0,-194.0)
0         (-28.0,204.0,-196.0,-194.0)
0         (-28.0,204.0,-195.0,-194.0)
0         (-28.0,204.0,-195.0,-195.0)
0         (-28.0,204.0,-196.0,-195.0)
0         (-28.0,205.0,-196.0,-195.0)
0         (-28.0,205.0,-195.0,-195.0)
0         (-28.0,205.0,-195.0,-194.0)
0         (-28.0,205.0,-195.0,-193.0)
0         (-28.0,204.0,-195.0,-193.0)
0         (-28.0,204.0,-196.0,-193.0)
0         (-28.0,203.0,-196.0,-193.0)
0         (-28.0,203.0,-196.0,-194.0)
0         (-28.0,203.0,-195.0,-194.0)
0         (-28.0,203.0,-195.0,-193.0)
0         (-28.0,203.0,-194.0,-193.0)
0         (-28.0,204.0,-194.0,-193.0)
0         (-28.0,204.0,-194.0,-194.0)
0         (-28.0,203.0,-194.0,-194.0)
0         (-29.0,203.0,-194.0,-194.0)
0         (-29.0,203.0,-195.0,-194.0)
0         (-29.0,204.0,-195.0,-194.0)
0         (-29.0,204.0,-196.0,-194.0)
0         (-29.0,204.0,-196.0,-195.0)
0         (-29.0,204.0,-195.0,-195.0)
0         (-29.0,205.0,-195.0,-195.0)
0         (-29.0,205.0,-195.0,-194.0)
0         (-29.0,205.0,-196.0,-194.0)
0         (-29.0,205.0,-196.0,-195.0)
0         (-29.0,205.0,-196.0,-196.0)
0         (-28.0,205.0,-196.0,-196.0)
0         (-28.0,204.0,-196.0,-196.0)
0         (-28.0,204.0,-195.0,-196.0)
0         (-28.0,205.0,-195.0,-196.0)
0         (-29.0,205.0,-195.0,-196.0)
0         (-29.0,204.0,-195.0,-196.0)
0         (-29.0,204.0,-196.0,-196.0)
0         (-29.0,203.0,-196.0,-196.0)
0         (-29.0,203.0,-196.0,-195.0)
0         (-28.0,203.0,-196.0,-195.0)
0         (-28.0,203.0,-195.0,-195.0)
0         (-29.0,203.0,-195.0,-195.0)
0         (-29.0,203.0,-194.0,-195.0)
0         (-28.0,203.0,-194.0,-195.0)
0         (-28.0,204.0,-194.0,-195.0)
0         (-29.0,204.0,-194.0,-195.0)
0         (-29.0,204.0,-194.0,-194.0)
0         (-29.0,204.0,-194.0,-193.0)
0         (-29.0,204.0,-195.0,-193.0)
0         (-29.0,204.0,-196.0,-193.0)
0         (-29.0,203.0,-196.0,-193.0)
0         (-29.0,203.0,-195.0,-193.0)
0         (-29.0,203.0,-194.0,-193.0)
0         (-29.0,203.0,-194.0,-192.0)
0         (-29.0,202.0,-194.0,-192.0)
0         (-29.0,202.0,-194.0,-191.0)
0         (-29.0,201.0,-194.0,-191.0)
0         (-29.0,201.0,-194.0,-190.0)
0         (-29.0,200.0,-194.0,-190.0)
0         (-29.0,200.0,-194.0,-189.0)
0         (-29.0,200.0,-195.0,-189.0)
0         (-28.0,200.0,-195.0,-189.0)
0         (-28.0,200.0,-195.0,-188.0)
0         (-28.0,200.0,-196.0,-188.0)
0         (-28.0,199.0,-196.0,-188.0)
0         (-28.0,199.0,-195.0,-188.0)
0         (-28.0,199.0,-195.0,-187.0)
0         (-28.0,200.0,-195.0,-187.0)
0         (-28.0,200.0,-196.0,-187.0)
0         (-28.0,199.0,-196.0,-187.0)
0         (-29.0,199.0,-196.0,-187.0)
0         (-29.0,199.0,-196.0,-188.0)
0         (-29.0,200.0,-196.0,-188.0)
0         (-29.0,200.0,-195.0,-188.0)
0         (-29.0,199.0,-195.0,-188.0)
0         (-29.0,199.0,-195.0,-187.0)
0         (-29.0,200.0,-195.0,-187.0)
0         (-29.0,200.0,-196.0,-187.0)
0         (-29.0,200.0,-197.0,-187.0)
0         (-28.0,200.0,-197.0,-187.0)
0         (-28.0,200.0,-197.0,-188.0)
0         (-28.0,199.0,-197.0,-188.0)
0         (-28.0,199.0,-197.0,-187.0)
0         (-29.0,199.0,-197.0,-187.0)
0         (-29.0,199.0,-197.0,-188.0)
0         (-29.0,200.0,-197.0,-188.0)
0         (-29.0,200.0,-197.0,-189.0)
0         (-29.0,200.0,-196.0,-189.0)
0         (-28.0,200.0,-196.0,-189.0)
0         (-28.0,199.0,-196.0,-189.0)
0         (-28.0,199.0,-195.0,-189.0)
0         (-29.0,199.0,-195.0,-189.0)
0         (-29.0,199.0,-196.0,-189.0)
0         (-29.0,199.0,-197.0,-189.0)
0         (-28.0,199.0,-197.0,-189.0)
0         (-28.0,200.0,-197.0,-189.0)
0         (-28.0,200.0,-197.0,-190.0)
0         (-28.0,200.0,-196.0,-190.0)
0         (-28.0,200.0,-195.0,-190.0)
0         (-28.0,199.0,-195.0,-190.0)
0         (-28.0,199.0,-196.0,-190.0)
0         (-29.0,199.0,-196.0,-190.0)
0         (-29.0,199.0,-195.0,-190.0)
0         (-29.0,200.0,-195.0,-190.0)
0         (-29.0,200.0,-196.0,-190.0)
0         (-29.0,200.0,-197.0,-190.0)
0         (-29.0,199.0,-197.0,-190.0)
0         (-28.0,199.0,-197.0,-190.0)
0         (-28.0,198.0,-197.0,-190.0)
0         (-28.0,198.0,-197.0,-189.0)
0         (-28.0,198.0,-196.0,-189.0)
0         (-28.0,198.0,-196.0,-188.0)
0         (-28.0,198.0,-195.0,-188.0)
0         (-28.0,198.0,-195.0,-187.0)
0         (-28.0,198.0,-194.0,-187.0)
0         (-28.0,199.0,-194.0,-187.0)
0         (-28.0,199.0,-194.0,-188.0)
0         (-28.0,200.0,-194.0,-188.0)
0         (-28.0,200.0,-194.0,-187.0)
0         (-29.0,200.0,-194.0,-187.0)
0         (-29.0,199.0,-194.0,-187.0)
0         (-29.0,199.0,-194.0,-186.0)
0         (-28.0,199.0,-194.0,-186.0)
0         (-28.0,198.0,-194.0,-186.0)
0         (-28.0,198.0,-193.0,-186.0)
0         (-28.0,197.0,-193.0,-186.0)
0         (-28.0,197.0,-192.0,-186.0)
0         (-28.0,196.0,-192.0,-186.0)
0         (-28.0,196.0,-191.0,-186.0)
0         (-28.0,196.0,-191.0,-187.0)
0         (-28.0,196.0,-191.0,-188.0)
0         (-28.0,196.0,-190.0,-188.0)
0         (-28.0,195.0,-190.0,-188.0)
0         (-28.0,195.0,-190.0,-189.0)
0         (-28.0,196.0,-190.0,-189.0)
0         (-28.0,196.0,-191.0,-189.0)
0         (-28.0,195.0,-191.0,-189.0)
0         (-28.0,195.0,-191.0,-188.0)
0         (-28.0,195.0,-191.0,-187.0)
0         (-28.0,195.0,-190.0,-187.0)
0         (-28.0,196.0,-190.0,-187.0)
0         (-28.0,196.0,-189.0,-187.0)
0         (-28.0,195.0,-189.0,-187.0)
0         (-28.0,195.0,-189.0,-188.0)
0         (-28.0,195.0,-189.0,-189.0)
0         (-28.0,196.0,-189.0,-189.0)
0         (-28.0,196.0,-189.0,-188.0)
0         (-29.0,196.0,-189.0,-188.0)
0         (-29.0,196.0,-190.0,-188.0)
0         (-29.0,195.0,-190.0,-188.0)
0         (-29.0,195.0,-190.0,-187.0)
0         (-29.0,195.0,-189.0,-187.0)
0         (-29.0,195.0,-189.0,-188.0)
0         (-29.0,195.0,-189.0,-189.0)
0         (-29.0,195.0,-190.0,-189.0)
0         (-29.0,196.0,-190.0,-189.0)
0         (-29.0,196.0,-189.0,-189.0)
0         (-29.0,196.0,-189.0,-190.0)
0         (-28.0,196.0,-189.0,-190.0)
0         (-28.0,195.0,-189.0,-190.0)
0         (-28.0,195.0,-190.0,-190.0)
0         (-28.0,196.0,-190.0,-190.0)
0         (-28.0,196.0,-191.0,-190.0)
0         (-28.0,195.0,-191.0,-190.0)
0         (-29.0,195.0,-191.0,-190.0)
0         (-29.0,195.0,-191.0,-189.0)
0         (-29.0,195.0,-191.0,-188.0)
0         (-29.0,195.0,-191.0,-187.0)
0         (-29.0,196.0,-191.0,-187.0)
0         (-29.0,196.0,-190.0,-187.0)
0         (-29.0,196.0,-189.0,-187.0)
0         (-29.0,196.0,-189.0,-186.0)
0         (-29.0,195.0,-189.0,-186.0)
0         (-28.0,195.0,-189.0,-186.0)
0         (-28.0,194.0,-189.0,-186.0)
0         (-28.0,194.0,-189.0,-187.0)
0         (-28.0,194.0,-190.0,-187.0)
0         (-28.0,194.0,-190.0,-188.0)
0         (-28.0,194.0,-189.0,-188.0)
0         (-29.0,194.0,-189.0,-188.0)
0         (-29.0,194.0,-189.0,-187.0)
0         (-29.0,194.0,-189.0,-186.0)
0         (-29.0,194.0,-188.0,-186.0)
0         (-29.0,193.0,-188.0,-186.0)
0         (-29.0,193.0,-187.0,-186.0)
0         (-29.0,192.0,-187.0,-186.0)
0         (-29.0,192.0,-186.0,-186.0)
0         (-29.0,191.0,-186.0,-186.0)
0         (-29.0,191.0,-186.0,-187.0)
0         (-29.0,191.0,-185.0,-187.0)
0         (-28.0,191.0,-185.0,-187.0)
0         (-28.0,191.0,-185.0,-188.0)
0         (-28.0,191.0,-184.0,-188.0)
0         (-28.0,191.0,-184.0,-189.0)
0         (-28.0,191.0,-185.0,-189.0)
0         (-28.0,190.0,-185.0,-189.0)
0         (-28.0,190.0,-185.0,-188.0)
0         (-28.0,190.0,-184.0,-188.0)
0         (-28.0,190.0,-184.0,-187.0)
0         (-28.0,191.0,-184.0,-187.0)
0         (-29.0,191.0,-184.0,-187.0)
0         (-29.0,191.0,-184.0,-188.0)
0         (-29.0,191.0,-185.0,-188.0)
0         (-29.0,190.0,-185.0,-188.0)
0         (-29.0,190.0,-184.0,-188.0)
0         (-29.0,190.0,-184.0,-187.0)
0         (-29.0,190.0,-185.0,-187.0)
0         (-28.0,190.0,-185.0,-187.0)
0         (-28.0,190.0,-186.0,-187.0)
0         (-28.0,191.0,-186.0,-187.0)
0         (-28.0,191.0,-186.0,-188.0)
0         (-28.0,191.0,-186.0,-189.0)
0         (-28.0,190.0,-186.0,-189.0)
0         (-28.0,190.0,-186.0,-188.0)
0         (-29.0,190.0,-186.0,-188.0)
0         (-29.0,191.0,-186.0,-188.0)
0         (-29.0,191.0,-186.0,-189.0)
0         (-29.0,191.0,-185.0,-189.0)
0         (-29.0,191.0,-184.0,-189.0)
0         (-29.0,190.0,-184.0,-189.0)
0         (-28.0,190.0,-184.0,-189.0)
0         (-28.0,190.0,-183.0,-189.0)
0         (-28.0,190.0,-183.0,-188.0)
0         (-28.0,190.0,-183.0,-187.0)
0         (-28.0,191.0,-183.0,-187.0)
0         (-28.0,191.0,-183.0,-188.0)
0         (-28.0,191.0,-183.0,-189.0)
0         (-29.0,191.0,-183.0,-189.0)
0         (-29.0,191.0,-183.0,-188.0)
0         (-29.0,191.0,-183.0,-187.0)
0         (-29.0,190.0,-183.0,-187.0)
0         (-29.0,190.0,-183.0,-186.0)
0         (-29.0,189.0,-183.0,-186.0)
0         (-29.0,189.0,-182.0,-186.0)
0         (-29.0,188.0,-182.0,-186.0)
0         (-29.0,188.0,-181.0,-186.0)
0         (-29.0,187.0,-181.0,-186.0)
0         (-29.0,187.0,-180.0,-186.0)
0         (-29.0,187.0,-180.0,-187.0)
0         (-28.0,187.0,-180.0,-187.0)
0         (-28.0,187.0,-180.0,-188.0)
0         (-28.0,187.0,-179.0,-188.0)
0         (-28.0,186.0,-179.0,-188.0)
0         (-28.0,186.0,-180.0,-188.0)
0         (-28.0,186.0,-180.0,-189.0)
0         (-28.0,186.0,-179.0,-189.0)
0         (-28.0,187.0,-179.0,-189.0)
0         (-28.0,187.0,-180.0,-189.0)
0         (-29.0,187.0,-180.0,-189.0)
0         (-29.0,187.0,-180.0,-188.0)
0         (-29.0,187.0,-179.0,-188.0)
0         (-29.0,186.0,-179.0,-188.0)
0         (-29.0,186.0,-179.0,-187.0)
0         (-28.0,186.0,-179.0,-187.0)
0         (-28.0,187.0,-179.0,-187.0)
0         (-28.0,187.0,-178.0,-187.0)
0         (-28.0,186.0,-178.0,-187.0)
0         (-28.0,186.0,-178.0,-188.0)
0         (-28.0,187.0,-178.0,-188.0)
0         (-28.0,187.0,-178.0,-189.0)
0         (-28.0,186.0,-178.0,-189.0)
0         (-29.0,186.0,-178.0,-189.0)
0         (-29.0,186.0,-179.0,-189.0)
0         (-29.0,187.0,-179.0,-189.0)
0         (-29.0,187.0,-178.0,-189.0)
0         (-29.0,187.0,-178.0,-188.0)
0         (-29.0,186.0,-178.0,-188.0)
0         (-29.0,186.0,-178.0,-187.0)
0         (-29.0,185.0,-178.0,-187.0)
0         (-28.0,185.0,-178.0,-187.0)
0         (-28.0,185.0,-179.0,-187.0)
0         (-28.0,185.0,-179.0,-188.0)
0         (-28.0,185.0,-178.0,-188.0)
0         (-29.0,185.0,-178.0,-188.0)
0         (-29.0,185.0,-179.0,-188.0)
0         (-29.0,185.0,-179.0,-187.0)
0         (-29.0,185.0,-179.0,-186.0)
0         (-29.0,185.0,-178.0,-186.0)
0         (-29.0,185.0,-177.0,-186.0)
0         (-29.0,185.0,-177.0,-185.0)
0         (-29.0,185.0,-176.0,-185.0)
0         (-29.0,185.0,-176.0,-184.0)
0         (-29.0,185.0,-175.0,-184.0)
0         (-29.0,185.0,-175.0,-183.0)
0         (-29.0,186.0,-175.0,-183.0)
0         (-28.0,186.0,-175.0,-183.0)
0         (-28.0,186.0,-174.0,-183.0)
0         (-28.0,186.0,-174.0,-182.0)
0         (-28.0,187.0,-174.0,-182.0)
0         (-28.0,187.0,-174.0,-181.0)
0         (-28.0,186.0,-174.0,-181.0)
0         (-28.0,186.0,-173.0,-181.0)
0         (-28.0,186.0,-173.0,-182.0)
0         (-28.0,187.0,-173.0,-182.0)
0         (-28.0,187.0,-173.0,-181.0)
0         (-29.0,187.0,-173.0,-181.0)
0         (-29.0,186.0,-173.0,-181.0)
0         (-29.0,186.0,-174.0,-181.0)
0         (-29.0,186.0,-174.0,-182.0)
0         (-29.0,186.0,-173.0,-182.0)
0         (-29.0,187.0,-173.0,-182.0)
0         (-29.0,187.0,-174.0,-182.0)
0         (-29.0,187.0,-174.0,-181.0)
0         (-29.0,187.0,-175.0,-181.0)
0         (-28.0,187.0,-175.0,-181.0)
0         (-28.0,186.0,-175.0,-181.0)
0         (-28.0,186.0,-175.0,-182.0)
0         (-28.0,187.0,-175.0,-182.0)
0         (-28.0,187.0,-175.0,-183.0)
0         (-28.0,187.0,-174.0,-183.0)
0         (-28.0,187.0,-173.0,-183.0)
0         (-28.0,186.0,-173.0,-183.0)
0         (-29.0,186.0,-173.0,-183.0)
0         (-29.0,186.0,-174.0,-183.0)
0         (-29.0,187.0,-174.0,-183.0)
0         (-29.0,187.0,-173.0,-183.0)
0         (-29.0,187.0,-172.0,-183.0)
0         (-29.0,187.0,-172.0,-182.0)
0         (-28.0,187.0,-172.0,-182.0)
0         (-28.0,186.0,-172.0,-182.0)
0         (-28.0,186.0,-172.0,-181.0)
0         (-28.0,186.0,-172.0,-180.0)
0         (-28.0,186.0,-173.0,-180.0)
0         (-28.0,186.0,-174.0,-180.0)
0         (-28.0,187.0,-174.0,-180.0)
0         (-28.0,187.0,-173.0,-180.0)
0         (-29.0,187.0,-173.0,-180.0)
0         (-29.0,186.0,-173.0,-180.0)
0         (-29.0,186.0,-174.0,-180.0)
0         (-29.0,185.0,-174.0,-180.0)
0         (-29.0,185.0,-173.0,-180.0)
0         (-28.0,185.0,-173.0,-180.0)
0         (-28.0,185.0,-173.0,-181.0)
0         (-28.0,185.0,-174.0,-181.0)
0         (-28.0,185.0,-174.0,-182.0)
0         (-28.0,185.0,-173.0,-182.0)
0         (-29.0,185.0,-173.0,-182.0)
0         (-29.0,185.0,-173.0,-181.0)
0         (-29.0,185.0,-172.0,-181.0)
0         (-29.0,185.0,-172.0,-180.0)
0         (-29.0,185.0,-172.0,-179.0)
0         (-29.0,184.0,-172.0,-179.0)
0         (-29.0,184.0,-172.0,-178.0)
0         (-29.0,183.0,-172.0,-178.0)
0         (-29.0,183.0,-172.0,-177.0)
0         (-29.0,183.0,-173.0,-177.0)
0         (-29.0,182.0,-173.0,-177.0)
0         (-29.0,182.0,-173.0,-176.0)
0         (-28.0,182.0,-173.0,-176.0)
0         (-28.0,182.0,-174.0,-176.0)
0         (-28.0,182.0,-174.0,-175.0)
0         (-28.0,182.0,-173.0,-175.0)
0         (-28.0,181.0,-173.0,-175.0)
0         (-28.0,181.0,-174.0,-175.0)
0         (-28.0,181.0,-174.0,-176.0)
0         (-28.0,181.0,-173.0,-176.0)
0         (-29.0,181.0,-173.0,-176.0)
0         (-29.0,181.0,-173.0,-175.0)
0         (-29.0,182.0,-173.0,-175.0)
0         (-29.0,182.0,-174.0,-175.0)
0         (-29.0,182.0,-174.0,-176.0)
0         (-29.0,181.0,-174.0,-176.0)
0         (-29.0,181.0,-174.0,-175.0)
0         (-29.0,181.0,-174.0,-174.0)
0         (-28.0,181.0,-174.0,-174.0)
0         (-28.0,182.0,-174.0,-174.0)
0         (-28.0,182.0,-173.0,-174.0)
0         (-28.0,181.0,-173.0,-174.0)
0         (-29.0,181.0,-173.0,-174.0)
0         (-29.0,182.0,-173.0,-174.0)
0         (-29.0,182.0,-174.0,-174.0)
0         (-29.0,182.0,-175.0,-174.0)
0         (-29.0,182.0,-175.0,-175.0)
0         (-28.0,182.0,-175.0,-175.0)
0         (-28.0,182.0,-175.0,-176.0)
0         (-28.0,181.0,-175.0,-176.0)
0         (-28.0,181.0,-175.0,-175.0)
0         (-28.0,181.0,-175.0,-174.0)
0         (-28.0,182.0,-175.0,-174.0)
0         (-28.0,183.0,-175.0,-174.0)
0         (-28.0,183.0,-174.0,-174.0)
0         (-28.0,183.0,-174.0,-175.0)
0         (-28.0,183.0,-174.0,-176.0)
0         (-28.0,183.0,-173.0,-176.0)
0         (-28.0,183.0,-173.0,-175.0)
0         (-28.0,183.0,-173.0,-174.0)
0         (-29.0,183.0,-173.0,-174.0)
0         (-29.0,183.0,-173.0,-175.0)
0         (-29.0,183.0,-174.0,-175.0)
0         (-29.0,183.0,-174.0,-176.0)
0         (-29.0,183.0,-173.0,-176.0)
0         (-29.0,183.0,-172.0,-176.0)
0         (-29.0,182.0,-172.0,-176.0)
0         (-28.0,182.0,-172.0,-176.0)
0         (-28.0,182.0,-172.0,-175.0)
0         (-28.0,181.0,-172.0,-175.0)
0         (-28.0,181.0,-172.0,-174.0)
0         (-28.0,181.0,-172.0,-173.0)
0         (-28.0,180.0,-172.0,-173.0)
0         (-28.0,180.0,-171.0,-173.0)
0         (-28.0,179.0,-171.0,-173.0)
0         (-28.0,179.0,-170.0,-173.0)
0         (-28.0,178.0,-170.0,-173.0)
0         (-28.0,178.0,-170.0,-174.0)
0         (-28.0,178.0,-169.0,-174.0)
0         (-28.0,178.0,-169.0,-175.0)
0         (-28.0,178.0,-168.0,-175.0)
0         (-28.0,177.0,-168.0,-175.0)
0         (-28.0,177.0,-168.0,-176.0)
0         (-28.0,178.0,-168.0,-176.0)
0         (-28.0,178.0,-169.0,-176.0)
0         (-28.0,177.0,-169.0,-176.0)
0         (-28.0,177.0,-169.0,-175.0)
0         (-29.0,177.0,-169.0,-175.0)
0         (-29.0,177.0,-168.0,-175.0)
0         (-29.0,178.0,-168.0,-175.0)
0         (-29.0,178.0,-168.0,-176.0)
0         (-29.0,177.0,-168.0,-176.0)
0         (-29.0,177.0,-169.0,-176.0)
0         (-29.0,178.0,-169.0,-176.0)
0         (-29.0,178.0,-169.0,-175.0)
0         (-29.0,178.0,-169.0,-174.0)
0         (-29.0,178.0,-168.0,-174.0)
0         (-28.0,178.0,-168.0,-174.0)
0         (-28.0,177.0,-168.0,-174.0)
0         (-28.0,177.0,-169.0,-174.0)
0         (-29.0,177.0,-169.0,-174.0)
0         (-29.0,177.0,-168.0,-174.0)
0         (-29.0,177.0,-167.0,-174.0)
0         (-28.0,177.0,-167.0,-174.0)
0         (-28.0,177.0,-167.0,-175.0)
0         (-28.0,177.0,-167.0,-176.0)
0         (-28.0,178.0,-167.0,-176.0)
0         (-28.0,178.0,-167.0,-175.0)
0         (-28.0,178.0,-167.0,-174.0)
0         (-29.0,178.0,-167.0,-174.0)
0         (-29.0,178.0,-167.0,-175.0)
0         (-29.0,177.0,-167.0,-175.0)
0         (-29.0,177.0,-167.0,-176.0)
0         (-29.0,178.0,-167.0,-176.0)
0         (-29.0,178.0,-167.0,-177.0)
0         (-29.0,178.0,-168.0,-177.0)
0         (-28.0,178.0,-168.0,-177.0)
0         (-28.0,177.0,-168.0,-177.0)
0         (-28.0,177.0,-169.0,-177.0)
0         (-28.0,178.0,-169.0,-177.0)
0         (-29.0,178.0,-169.0,-177.0)
0         (-29.0,177.0,-169.0,-177.0)
0         (-29.0,177.0,-168.0,-177.0)
0         (-29.0,177.0,-167.0,-177.0)
0         (-28.0,177.0,-167.0,-177.0)
0         (-28.0,178.0,-167.0,-177.0)
0         (-28.0,179.0,-167.0,-177.0)
0         (-28.0,179.0,-167.0,-176.0)
0         (-28.0,179.0,-168.0,-176.0)
0         (-28.0,179.0,-168.0,-175.0)
0         (-28.0,179.0,-169.0,-175.0)
0         (-28.0,179.0,-169.0,-176.0)
0         (-29.0,179.0,-169.0,-176.0)
0         (-29.0,179.0,-168.0,-176.0)
0         (-29.0,179.0,-168.0,-175.0)
0         (-29.0,179.0,-168.0,-174.0)
0         (-28.0,179.0,-168.0,-174.0)
0         (-28.0,179.0,-167.0,-174.0)
0         (-28.0,179.0,-167.0,-175.0)
0         (-29.0,179.0,-167.0,-175.0)
0         (-29.0,179.0,-167.0,-174.0)
0         (-29.0,179.0,-167.0,-173.0)
0         (-29.0,178.0,-167.0,-173.0)
0         (-29.0,177.0,-167.0,-173.0)
0         (-29.0,176.0,-167.0,-173.0)
0         (-29.0,176.0,-166.0,-173.0)
0         (-29.0,175.0,-166.0,-173.0)
0         (-29.0,175.0,-165.0,-173.0)
0         (-29.0,174.0,-165.0,-173.0)
0         (-29.0,174.0,-164.0,-173.0)
0         (-29.0,174.0,-164.0,-174.0)
0         (-29.0,173.0,-164.0,-174.0)
0         (-29.0,173.0,-164.0,-175.0)
0         (-28.0,173.0,-164.0,-175.0)
0         (-28.0,173.0,-163.0,-175.0)
0         (-28.0,173.0,-163.0,-176.0)
0         (-28.0,173.0,-162.0,-176.0)
0         (-28.0,173.0,-162.0,-175.0)
0         (-28.0,173.0,-162.0,-174.0)
0         (-28.0,173.0,-163.0,-174.0)
0         (-28.0,172.0,-163.0,-174.0)
0         (-28.0,172.0,-163.0,-175.0)
0         (-28.0,172.0,-163.0,-176.0)
0         (-28.0,172.0,-162.0,-176.0)
0         (-28.0,172.0,-162.0,-175.0)
0         (-28.0,172.0,-162.0,-174.0)
0         (-29.0,172.0,-162.0,-174.0)
0         (-29.0,173.0,-162.0,-174.0)
0         (-29.0,173.0,-162.0,-175.0)
0         (-29.0,173.0,-163.0,-175.0)
0         (-29.0,173.0,-163.0,-176.0)
0         (-29.0,173.0,-162.0,-176.0)
0         (-29.0,172.0,-162.0,-176.0)
0         (-29.0,172.0,-162.0,-175.0)
0         (-29.0,172.0,-163.0,-175.0)
0         (-29.0,172.0,-163.0,-176.0)
0         (-29.0,172.0,-164.0,-176.0)
0         (-29.0,173.0,-164.0,-176.0)
0         (-28.0,173.0,-164.0,-176.0)
0         (-28.0,174.0,-164.0,-176.0)
0         (-28.0,174.0,-163.0,-176.0)
0         (-28.0,174.0,-163.0,-175.0)
0         (-28.0,174.0,-162.0,-175.0)
