# run = 17
ltot         F            S   
0         -1.3168e+02    (368.0,179.0,565.0,-193.0)
1         -1.3141e+02    (368.0,178.0,565.0,-193.0)
2         -1.3126e+02    (367.0,178.0,565.0,-193.0)
3         -1.3115e+02    (367.0,178.0,565.0,-194.0)
4         -1.3113e+02    (367.0,177.0,565.0,-194.0)
5         -1.3113e+02    (367.0,177.0,564.0,-194.0)
6         -1.3113e+02    (367.0,177.0,564.0,-193.0)
7         -1.3111e+02    (367.0,177.0,563.0,-193.0)
8         -1.3088e+02    (366.0,177.0,563.0,-193.0)
9         -1.3060e+02    (366.0,177.0,562.0,-193.0)
10        -1.3012e+02    (365.0,177.0,562.0,-193.0)
11        -1.2969e+02    (365.0,177.0,561.0,-193.0)
12        -1.2940e+02    (365.0,177.0,560.0,-193.0)
13        -1.2918e+02    (364.0,177.0,560.0,-193.0)
14        -1.2905e+02    (364.0,177.0,560.0,-194.0)
15        -1.2900e+02    (364.0,177.0,559.0,-194.0)
16        -1.2903e+02    (364.0,178.0,559.0,-194.0)
17        -1.2906e+02    (364.0,178.0,560.0,-194.0)
18        -1.2910e+02    (364.0,178.0,560.0,-195.0)
19        -1.2908e+02    (364.0,178.0,559.0,-195.0)
20        -1.2906e+02    (364.0,177.0,559.0,-195.0)
21        -1.2910e+02    (364.0,177.0,560.0,-195.0)
22        -1.2933e+02    (364.0,177.0,560.0,-196.0)
23        -1.2925e+02    (364.0,177.0,559.0,-196.0)
24        -1.2928e+02    (364.0,178.0,559.0,-196.0)
25        -1.2934e+02    (364.0,178.0,560.0,-196.0)
26        -1.2958e+02    (365.0,178.0,560.0,-196.0)
27        -1.2935e+02    (365.0,178.0,560.0,-195.0)
28        -1.2930e+02    (365.0,178.0,560.0,-194.0)
29        -1.2925e+02    (365.0,178.0,559.0,-194.0)
30        -1.2922e+02    (365.0,177.0,559.0,-194.0)
31        -1.2926e+02    (365.0,177.0,559.0,-193.0)
32        -1.2906e+02    (364.0,177.0,559.0,-193.0)
33        -1.2904e+02    (364.0,177.0,558.0,-193.0)
34        -1.2892e+02    (363.0,177.0,558.0,-193.0)
35        -1.2868e+02    (363.0,177.0,557.0,-193.0)
36        -1.2829e+02    (362.0,177.0,557.0,-193.0)
37        -1.2784e+02    (362.0,177.0,556.0,-193.0)
38        -1.2750e+02    (362.0,177.0,555.0,-193.0)
39        -1.2720e+02    (361.0,177.0,555.0,-193.0)
40        -1.2701e+02    (361.0,177.0,554.0,-193.0)
41        -1.2691e+02    (361.0,177.0,554.0,-194.0)
42        -1.2692e+02    (361.0,178.0,554.0,-194.0)
43        -1.2696e+02    (361.0,178.0,554.0,-195.0)
44        -1.2695e+02    (361.0,177.0,554.0,-195.0)
45        -1.2704e+02    (361.0,177.0,553.0,-195.0)
46        -1.2697e+02    (361.0,177.0,553.0,-194.0)
47        -1.2697e+02    (361.0,177.0,553.0,-193.0)
48        -1.2694e+02    (360.0,177.0,553.0,-193.0)
49        -1.2675e+02    (360.0,177.0,552.0,-193.0)
50        -1.2648e+02    (359.0,177.0,552.0,-193.0)
51        -1.2602e+02    (359.0,177.0,551.0,-193.0)
52        -1.2564e+02    (359.0,177.0,550.0,-193.0)
53        -1.2528e+02    (358.0,177.0,550.0,-193.0)
54        -1.2502e+02    (358.0,177.0,549.0,-193.0)
55        -1.2488e+02    (358.0,177.0,549.0,-194.0)
56        -1.2487e+02    (358.0,177.0,548.0,-194.0)
57        -1.2490e+02    (358.0,178.0,548.0,-194.0)
58        -1.2487e+02    (358.0,178.0,549.0,-194.0)
59        -1.2491e+02    (358.0,178.0,549.0,-195.0)
60        -1.2492e+02    (358.0,177.0,549.0,-195.0)
61        -1.2493e+02    (358.0,177.0,548.0,-195.0)
62        -1.2495e+02    (358.0,178.0,548.0,-195.0)
63        -1.2512e+02    (357.0,178.0,548.0,-195.0)
64        -1.2504e+02    (357.0,178.0,548.0,-194.0)
65        -1.2496e+02    (357.0,178.0,547.0,-194.0)
66        -1.2486e+02    (356.0,178.0,547.0,-194.0)
67        -1.2431e+02    (356.0,178.0,546.0,-194.0)
68        -1.2384e+02    (356.0,178.0,545.0,-194.0)
69        -1.2330e+02    (355.0,178.0,545.0,-194.0)
70        -1.2292e+02    (355.0,178.0,544.0,-194.0)
71        -1.2283e+02    (355.0,178.0,543.0,-194.0)
72        -1.2282e+02    (355.0,177.0,543.0,-194.0)
73        -1.2287e+02    (355.0,177.0,543.0,-195.0)
74        -1.2288e+02    (355.0,178.0,543.0,-195.0)
75        -1.2295e+02    (355.0,178.0,544.0,-195.0)
76        -1.2296e+02    (355.0,177.0,544.0,-195.0)
77        -1.2292e+02    (355.0,177.0,544.0,-194.0)
78        -1.2309e+02    (355.0,177.0,544.0,-193.0)
79        -1.2293e+02    (355.0,177.0,543.0,-193.0)
80        -1.2291e+02    (355.0,177.0,542.0,-193.0)
81        -1.2282e+02    (354.0,177.0,542.0,-193.0)
82        -1.2272e+02    (354.0,177.0,541.0,-193.0)
83        -1.2241e+02    (353.0,177.0,541.0,-193.0)
84        -1.2203e+02    (353.0,177.0,540.0,-193.0)
85        -1.2162e+02    (352.0,177.0,540.0,-193.0)
86        -1.2121e+02    (352.0,177.0,539.0,-193.0)
87        -1.2098e+02    (352.0,177.0,538.0,-193.0)
88        -1.2084e+02    (352.0,177.0,538.0,-194.0)
89        -1.2084e+02    (352.0,178.0,538.0,-194.0)
90        -1.2088e+02    (352.0,178.0,538.0,-195.0)
91        -1.2088e+02    (352.0,177.0,538.0,-195.0)
92        -1.2093e+02    (352.0,177.0,537.0,-195.0)
93        -1.2086e+02    (352.0,177.0,537.0,-194.0)
94        -1.2084e+02    (351.0,177.0,537.0,-194.0)
95        -1.2084e+02    (351.0,177.0,537.0,-193.0)
96        -1.2076e+02    (351.0,177.0,536.0,-193.0)
97        -1.2060e+02    (350.0,177.0,536.0,-193.0)
98        -1.2024e+02    (350.0,177.0,535.0,-193.0)
99        -1.1987e+02    (349.0,177.0,535.0,-193.0)
100       -1.1940e+02    (349.0,177.0,534.0,-193.0)
101       -1.1909e+02    (349.0,177.0,533.0,-193.0)
102       -1.1895e+02    (349.0,177.0,533.0,-194.0)
103       -1.1887e+02    (349.0,177.0,532.0,-194.0)
104       -1.1882e+02    (348.0,177.0,532.0,-194.0)
105       -1.1885e+02    (348.0,177.0,531.0,-194.0)
106       -1.1880e+02    (348.0,177.0,531.0,-193.0)
107       -1.1876e+02    (347.0,177.0,531.0,-193.0)
108       -1.1845e+02    (347.0,177.0,530.0,-193.0)
109       -1.1814e+02    (347.0,177.0,529.0,-193.0)
110       -1.1764e+02    (346.0,177.0,529.0,-193.0)
111       -1.1727e+02    (346.0,177.0,528.0,-193.0)
112       -1.1706e+02    (346.0,177.0,527.0,-193.0)
113       -1.1692e+02    (345.0,177.0,527.0,-193.0)
114       -1.1682e+02    (345.0,177.0,527.0,-194.0)
115       -1.1683e+02    (345.0,177.0,526.0,-194.0)
116       -1.1684e+02    (345.0,177.0,526.0,-193.0)
117       -1.1683e+02    (345.0,177.0,525.0,-193.0)
118       -1.1663e+02    (344.0,177.0,525.0,-193.0)
119       -1.1637e+02    (344.0,177.0,524.0,-193.0)
120       -1.1593e+02    (343.0,177.0,524.0,-193.0)
121       -1.1550e+02    (343.0,177.0,523.0,-193.0)
122       -1.1522e+02    (343.0,177.0,522.0,-193.0)
123       -1.1502e+02    (342.0,177.0,522.0,-193.0)
124       -1.1489e+02    (342.0,177.0,522.0,-194.0)
125       -1.1483e+02    (342.0,177.0,521.0,-194.0)
126       -1.1485e+02    (342.0,178.0,521.0,-194.0)
127       -1.1489e+02    (342.0,178.0,522.0,-194.0)
128       -1.1493e+02    (342.0,178.0,522.0,-195.0)
129       -1.1491e+02    (342.0,178.0,521.0,-195.0)
130       -1.1489e+02    (342.0,177.0,521.0,-195.0)
131       -1.1493e+02    (342.0,177.0,522.0,-195.0)
132       -1.1516e+02    (343.0,177.0,522.0,-195.0)
133       -1.1510e+02    (343.0,177.0,521.0,-195.0)
134       -1.1503e+02    (343.0,177.0,521.0,-194.0)
135       -1.1507e+02    (343.0,178.0,521.0,-194.0)
136       -1.1512e+02    (343.0,178.0,522.0,-194.0)
137       -1.1511e+02    (343.0,177.0,522.0,-194.0)
138       -1.1540e+02    (343.0,177.0,523.0,-194.0)
139       -1.1518e+02    (342.0,177.0,523.0,-194.0)
140       -1.1518e+02    (342.0,178.0,523.0,-194.0)
141       -1.1522e+02    (342.0,178.0,523.0,-195.0)
142       -1.1522e+02    (342.0,177.0,523.0,-195.0)
143       -1.1545e+02    (343.0,177.0,523.0,-195.0)
144       -1.1545e+02    (343.0,178.0,523.0,-195.0)
145       -1.1516e+02    (343.0,178.0,522.0,-195.0)
146       -1.1512e+02    (343.0,178.0,521.0,-195.0)
147       -1.1528e+02    (343.0,178.0,520.0,-195.0)
148       -1.1509e+02    (342.0,178.0,520.0,-195.0)
149       -1.1501e+02    (342.0,178.0,520.0,-194.0)
150       -1.1494e+02    (342.0,177.0,520.0,-194.0)
151       -1.1489e+02    (342.0,177.0,520.0,-193.0)
152       -1.1480e+02    (341.0,177.0,520.0,-193.0)
153       -1.1458e+02    (341.0,177.0,519.0,-193.0)
154       -1.1423e+02    (340.0,177.0,519.0,-193.0)
155       -1.1378e+02    (340.0,177.0,518.0,-193.0)
156       -1.1345e+02    (340.0,177.0,517.0,-193.0)
157       -1.1317e+02    (339.0,177.0,517.0,-193.0)
158       -1.1299e+02    (339.0,177.0,516.0,-193.0)
159       -1.1287e+02    (339.0,177.0,516.0,-194.0)
160       -1.1288e+02    (339.0,178.0,516.0,-194.0)
161       -1.1292e+02    (339.0,178.0,516.0,-195.0)
162       -1.1292e+02    (339.0,177.0,516.0,-195.0)
163       -1.1301e+02    (339.0,177.0,515.0,-195.0)
164       -1.1294e+02    (339.0,177.0,515.0,-194.0)
165       -1.1295e+02    (339.0,177.0,515.0,-193.0)
166       -1.1295e+02    (338.0,177.0,515.0,-193.0)
167       -1.1277e+02    (338.0,177.0,514.0,-193.0)
168       -1.1254e+02    (337.0,177.0,514.0,-193.0)
169       -1.1209e+02    (337.0,177.0,513.0,-193.0)
170       -1.1172e+02    (337.0,177.0,512.0,-193.0)
171       -1.1138e+02    (336.0,177.0,512.0,-193.0)
172       -1.1113e+02    (336.0,177.0,511.0,-193.0)
173       -1.1098e+02    (336.0,177.0,511.0,-194.0)
174       -1.1097e+02    (336.0,177.0,510.0,-194.0)
175       -1.1100e+02    (336.0,178.0,510.0,-194.0)
176       -1.1097e+02    (336.0,178.0,511.0,-194.0)
177       -1.1101e+02    (336.0,178.0,511.0,-195.0)
178       -1.1102e+02    (336.0,177.0,511.0,-195.0)
179       -1.1103e+02    (336.0,177.0,510.0,-195.0)
180       -1.1105e+02    (336.0,178.0,510.0,-195.0)
181       -1.1125e+02    (335.0,178.0,510.0,-195.0)
182       -1.1117e+02    (335.0,178.0,510.0,-194.0)
183       -1.1111e+02    (335.0,177.0,510.0,-194.0)
184       -1.1102e+02    (335.0,177.0,509.0,-194.0)
185       -1.1094e+02    (335.0,177.0,509.0,-193.0)
186       -1.1081e+02    (335.0,177.0,508.0,-193.0)
187       -1.1042e+02    (334.0,177.0,508.0,-193.0)
188       -1.1004e+02    (334.0,177.0,507.0,-193.0)
189       -1.0966e+02    (333.0,177.0,507.0,-193.0)
190       -1.0933e+02    (333.0,177.0,506.0,-193.0)
191       -1.0916e+02    (333.0,177.0,506.0,-194.0)
192       -1.0905e+02    (333.0,177.0,505.0,-194.0)
193       -1.0906e+02    (333.0,178.0,505.0,-194.0)
194       -1.0911e+02    (333.0,178.0,505.0,-195.0)
195       -1.0910e+02    (333.0,177.0,505.0,-195.0)
196       -1.0920e+02    (333.0,177.0,506.0,-195.0)
197       -1.0919e+02    (333.0,178.0,506.0,-195.0)
198       -1.0916e+02    (333.0,178.0,506.0,-194.0)
199       -1.0935e+02    (333.0,178.0,506.0,-193.0)
200       -1.0920e+02    (333.0,178.0,505.0,-193.0)
201       -1.0917e+02    (333.0,177.0,505.0,-193.0)
202       -1.0916e+02    (333.0,177.0,504.0,-193.0)
203       -1.0909e+02    (332.0,177.0,504.0,-193.0)
204       -1.0901e+02    (332.0,177.0,503.0,-193.0)
205       -1.0874e+02    (331.0,177.0,503.0,-193.0)
206       -1.0837e+02    (331.0,177.0,502.0,-193.0)
207       -1.0799e+02    (330.0,177.0,502.0,-193.0)
208       -1.0759e+02    (330.0,177.0,501.0,-193.0)
209       -1.0736e+02    (330.0,177.0,500.0,-193.0)
210       -1.0721e+02    (330.0,177.0,500.0,-194.0)
211       -1.0721e+02    (330.0,178.0,500.0,-194.0)
212       -1.0725e+02    (330.0,178.0,500.0,-195.0)
213       -1.0725e+02    (330.0,177.0,500.0,-195.0)
214       -1.0730e+02    (330.0,177.0,499.0,-195.0)
215       -1.0724e+02    (330.0,177.0,499.0,-194.0)
216       -1.0724e+02    (329.0,177.0,499.0,-194.0)
217       -1.0724e+02    (329.0,177.0,499.0,-193.0)
218       -1.0718e+02    (329.0,177.0,498.0,-193.0)
219       -1.0705e+02    (328.0,177.0,498.0,-193.0)
220       -1.0671e+02    (328.0,177.0,497.0,-193.0)
221       -1.0637e+02    (327.0,177.0,497.0,-193.0)
222       -1.0591e+02    (327.0,177.0,496.0,-193.0)
223       -1.0561e+02    (327.0,177.0,495.0,-193.0)
224       -1.0545e+02    (327.0,177.0,495.0,-194.0)
225       -1.0537e+02    (327.0,177.0,494.0,-194.0)
226       -1.0535e+02    (326.0,177.0,494.0,-194.0)
227       -1.0538e+02    (326.0,178.0,494.0,-194.0)
228       -1.0539e+02    (327.0,178.0,494.0,-194.0)
229       -1.0544e+02    (327.0,178.0,494.0,-195.0)
230       -1.0543e+02    (327.0,177.0,494.0,-195.0)
231       -1.0541e+02    (326.0,177.0,494.0,-195.0)
232       -1.0544e+02    (326.0,178.0,494.0,-195.0)
233       -1.0553e+02    (326.0,178.0,495.0,-195.0)
234       -1.0548e+02    (326.0,178.0,495.0,-194.0)
235       -1.0545e+02    (327.0,178.0,495.0,-194.0)
236       -1.0548e+02    (327.0,178.0,495.0,-195.0)
237       -1.0549e+02    (327.0,177.0,495.0,-195.0)
238       -1.0552e+02    (326.0,177.0,495.0,-195.0)
239       -1.0546e+02    (326.0,177.0,495.0,-194.0)
240       -1.0556e+02    (326.0,177.0,495.0,-193.0)
241       -1.0540e+02    (326.0,177.0,494.0,-193.0)
242       -1.0535e+02    (326.0,177.0,493.0,-193.0)
243       -1.0533e+02    (326.0,177.0,492.0,-193.0)
244       -1.0505e+02    (325.0,177.0,492.0,-193.0)
245       -1.0476e+02    (325.0,177.0,491.0,-193.0)
246       -1.0429e+02    (324.0,177.0,491.0,-193.0)
247       -1.0392e+02    (324.0,177.0,490.0,-193.0)
248       -1.0371e+02    (324.0,177.0,489.0,-193.0)
249       -1.0359e+02    (323.0,177.0,489.0,-193.0)
250       -1.0349e+02    (323.0,177.0,489.0,-194.0)
251       -1.0349e+02    (323.0,177.0,488.0,-194.0)
252       -1.0351e+02    (323.0,177.0,488.0,-193.0)
253       -1.0352e+02    (323.0,177.0,487.0,-193.0)
254       -1.0336e+02    (322.0,177.0,487.0,-193.0)
255       -1.0311e+02    (322.0,177.0,486.0,-193.0)
256       -1.0270e+02    (321.0,177.0,486.0,-193.0)
257       -1.0228e+02    (321.0,177.0,485.0,-193.0)
258       -1.0201e+02    (321.0,177.0,484.0,-193.0)
259       -1.0182e+02    (320.0,177.0,484.0,-193.0)
260       -1.0168e+02    (320.0,177.0,484.0,-194.0)
261       -1.0162e+02    (320.0,177.0,483.0,-194.0)
262       -1.0165e+02    (320.0,178.0,483.0,-194.0)
263       -1.0169e+02    (320.0,178.0,484.0,-194.0)
264       -1.0172e+02    (320.0,178.0,484.0,-195.0)
265       -1.0170e+02    (320.0,178.0,483.0,-195.0)
266       -1.0168e+02    (320.0,177.0,483.0,-195.0)
267       -1.0173e+02    (320.0,177.0,484.0,-195.0)
268       -1.0193e+02    (321.0,177.0,484.0,-195.0)
269       -1.0188e+02    (321.0,177.0,483.0,-195.0)
270       -1.0182e+02    (321.0,177.0,483.0,-194.0)
271       -1.0185e+02    (321.0,178.0,483.0,-194.0)
272       -1.0190e+02    (321.0,178.0,484.0,-194.0)
273       -1.0189e+02    (321.0,177.0,484.0,-194.0)
274       -1.0218e+02    (321.0,177.0,485.0,-194.0)
275       -1.0198e+02    (320.0,177.0,485.0,-194.0)
276       -1.0199e+02    (320.0,178.0,485.0,-194.0)
277       -1.0203e+02    (320.0,178.0,485.0,-195.0)
278       -1.0203e+02    (320.0,177.0,485.0,-195.0)
279       -1.0223e+02    (321.0,177.0,485.0,-195.0)
280       -1.0224e+02    (321.0,178.0,485.0,-195.0)
281       -1.0194e+02    (321.0,178.0,484.0,-195.0)
282       -1.0190e+02    (321.0,178.0,483.0,-195.0)
283       -1.0206e+02    (321.0,178.0,482.0,-195.0)
284       -1.0189e+02    (320.0,178.0,482.0,-195.0)
285       -1.0181e+02    (320.0,178.0,482.0,-194.0)
286       -1.0174e+02    (320.0,177.0,482.0,-194.0)
287       -1.0170e+02    (320.0,177.0,482.0,-193.0)
288       -1.0165e+02    (319.0,177.0,482.0,-193.0)
289       -1.0145e+02    (319.0,177.0,481.0,-193.0)
290       -1.0113e+02    (318.0,177.0,481.0,-193.0)
291       -1.0069e+02    (318.0,177.0,480.0,-193.0)
292       -1.0037e+02    (318.0,177.0,479.0,-193.0)
293       -1.0010e+02    (317.0,177.0,479.0,-193.0)
294       -9.9923e+01    (317.0,177.0,478.0,-193.0)
295       -9.9801e+01    (317.0,177.0,478.0,-194.0)
296       -9.9808e+01    (317.0,178.0,478.0,-194.0)
297       -9.9848e+01    (317.0,178.0,478.0,-195.0)
298       -9.9848e+01    (317.0,177.0,478.0,-195.0)
299       -9.9940e+01    (317.0,177.0,477.0,-195.0)
300       -9.9871e+01    (317.0,177.0,477.0,-194.0)
301       -9.9894e+01    (317.0,177.0,477.0,-193.0)
302       -9.9919e+01    (316.0,177.0,477.0,-193.0)
303       -9.9763e+01    (316.0,177.0,476.0,-193.0)
304       -9.9569e+01    (315.0,177.0,476.0,-193.0)
305       -9.9135e+01    (315.0,177.0,475.0,-193.0)
306       -9.8774e+01    (315.0,177.0,474.0,-193.0)
307       -9.8451e+01    (314.0,177.0,474.0,-193.0)
308       -9.8196e+01    (314.0,177.0,473.0,-193.0)
309       -9.8045e+01    (314.0,177.0,473.0,-194.0)
310       -9.8035e+01    (314.0,177.0,472.0,-194.0)
311       -9.8057e+01    (314.0,178.0,472.0,-194.0)
312       -9.8040e+01    (314.0,178.0,473.0,-194.0)
313       -9.8073e+01    (314.0,178.0,473.0,-195.0)
314       -9.8084e+01    (314.0,177.0,473.0,-195.0)
315       -9.8091e+01    (314.0,177.0,472.0,-195.0)
316       -9.8109e+01    (314.0,178.0,472.0,-195.0)
317       -9.8323e+01    (314.0,178.0,472.0,-196.0)
318       -9.8293e+01    (314.0,177.0,472.0,-196.0)
319       -9.8329e+01    (314.0,177.0,473.0,-196.0)
320       -9.8335e+01    (314.0,178.0,473.0,-196.0)
321       -9.8597e+01    (314.0,178.0,474.0,-196.0)
322       -9.8341e+01    (314.0,178.0,474.0,-195.0)
323       -9.8306e+01    (314.0,178.0,474.0,-194.0)
324       -9.8307e+01    (314.0,177.0,474.0,-194.0)
325       -9.8349e+01    (314.0,177.0,474.0,-195.0)
326       -9.8588e+01    (314.0,177.0,474.0,-196.0)
327       -9.8828e+01    (313.0,177.0,474.0,-196.0)
328       -9.8582e+01    (313.0,177.0,473.0,-196.0)
329       -9.8424e+01    (313.0,177.0,473.0,-195.0)
330       -9.8287e+01    (313.0,177.0,472.0,-195.0)
331       -9.8206e+01    (313.0,177.0,472.0,-194.0)
332       -9.8135e+01    (313.0,177.0,471.0,-194.0)
333       -9.8057e+01    (313.0,177.0,471.0,-193.0)
334       -9.7946e+01    (313.0,177.0,470.0,-193.0)
335       -9.7588e+01    (312.0,177.0,470.0,-193.0)
336       -9.7218e+01    (312.0,177.0,469.0,-193.0)
337       -9.6860e+01    (311.0,177.0,469.0,-193.0)
338       -9.6530e+01    (311.0,177.0,468.0,-193.0)
339       -9.6368e+01    (311.0,177.0,468.0,-194.0)
340       -9.6256e+01    (311.0,177.0,467.0,-194.0)
341       -9.6262e+01    (311.0,178.0,467.0,-194.0)
342       -9.6302e+01    (311.0,178.0,467.0,-195.0)
343       -9.6302e+01    (311.0,177.0,467.0,-195.0)
344       -9.6406e+01    (311.0,177.0,468.0,-195.0)
345       -9.6390e+01    (311.0,178.0,468.0,-195.0)
346       -9.6360e+01    (311.0,178.0,468.0,-194.0)
347       -9.6553e+01    (311.0,178.0,468.0,-193.0)
348       -9.6411e+01    (311.0,178.0,467.0,-193.0)
349       -9.6379e+01    (311.0,177.0,467.0,-193.0)
350       -9.6380e+01    (311.0,177.0,466.0,-193.0)
351       -9.6335e+01    (310.0,177.0,466.0,-193.0)
352       -9.6266e+01    (310.0,177.0,465.0,-193.0)
353       -9.6038e+01    (309.0,177.0,465.0,-193.0)
354       -9.5683e+01    (309.0,177.0,464.0,-193.0)
355       -9.5326e+01    (308.0,177.0,464.0,-193.0)
356       -9.4927e+01    (308.0,177.0,463.0,-193.0)
357       -9.4699e+01    (308.0,177.0,462.0,-193.0)
358       -9.4551e+01    (308.0,177.0,462.0,-194.0)
359       -9.4547e+01    (308.0,178.0,462.0,-194.0)
360       -9.4581e+01    (308.0,178.0,462.0,-195.0)
361       -9.4591e+01    (308.0,177.0,462.0,-195.0)
362       -9.4633e+01    (308.0,177.0,461.0,-195.0)
363       -9.4574e+01    (308.0,177.0,461.0,-194.0)
364       -9.4601e+01    (308.0,178.0,461.0,-194.0)
365       -9.4651e+01    (307.0,178.0,461.0,-194.0)
366       -9.4602e+01    (307.0,177.0,461.0,-194.0)
367       -9.4611e+01    (307.0,177.0,461.0,-193.0)
368       -9.4566e+01    (307.0,177.0,460.0,-193.0)
369       -9.4473e+01    (306.0,177.0,460.0,-193.0)
370       -9.4150e+01    (306.0,177.0,459.0,-193.0)
371       -9.3835e+01    (305.0,177.0,459.0,-193.0)
372       -9.3384e+01    (305.0,177.0,458.0,-193.0)
373       -9.3082e+01    (305.0,177.0,457.0,-193.0)
374       -9.2930e+01    (305.0,177.0,457.0,-194.0)
375       -9.2847e+01    (305.0,177.0,456.0,-194.0)
376       -9.2841e+01    (304.0,177.0,456.0,-194.0)
377       -9.2871e+01    (304.0,178.0,456.0,-194.0)
378       -9.2859e+01    (305.0,178.0,456.0,-194.0)
379       -9.2904e+01    (305.0,178.0,456.0,-195.0)
380       -9.2897e+01    (305.0,177.0,456.0,-195.0)
381       -9.2902e+01    (304.0,177.0,456.0,-195.0)
382       -9.2928e+01    (304.0,178.0,456.0,-195.0)
383       -9.3022e+01    (304.0,178.0,457.0,-195.0)
384       -9.2957e+01    (305.0,178.0,457.0,-195.0)
385       -9.2925e+01    (305.0,178.0,457.0,-194.0)
386       -9.2974e+01    (304.0,178.0,457.0,-194.0)
387       -9.2957e+01    (304.0,177.0,457.0,-194.0)
388       -9.3010e+01    (304.0,177.0,457.0,-195.0)
389       -9.2969e+01    (305.0,177.0,457.0,-195.0)
390       -9.3214e+01    (305.0,177.0,457.0,-196.0)
391       -9.3115e+01    (305.0,177.0,456.0,-196.0)
392       -9.3092e+01    (304.0,177.0,456.0,-196.0)
393       -9.3103e+01    (304.0,177.0,455.0,-196.0)
394       -9.2965e+01    (304.0,177.0,455.0,-195.0)
395       -9.2883e+01    (304.0,177.0,455.0,-194.0)
396       -9.2856e+01    (304.0,177.0,455.0,-193.0)
397       -9.2857e+01    (304.0,176.0,455.0,-193.0)
398       -9.2723e+01    (304.0,176.0,454.0,-193.0)
399       -9.2530e+01    (303.0,176.0,454.0,-193.0)
400       -9.2285e+01    (303.0,176.0,453.0,-193.0)
401       -9.2016e+01    (302.0,176.0,453.0,-193.0)
402       -9.1735e+01    (302.0,176.0,452.0,-193.0)
403       -9.1518e+01    (302.0,176.0,451.0,-193.0)
404       -9.1323e+01    (302.0,177.0,451.0,-193.0)
405       -9.1199e+01    (302.0,177.0,451.0,-194.0)
406       -9.1115e+01    (301.0,177.0,451.0,-194.0)
407       -9.1123e+01    (301.0,177.0,450.0,-194.0)
408       -9.1152e+01    (301.0,177.0,450.0,-193.0)
409       -9.1173e+01    (301.0,177.0,449.0,-193.0)
410       -9.1045e+01    (300.0,177.0,449.0,-193.0)
411       -9.0814e+01    (300.0,177.0,448.0,-193.0)
412       -9.0434e+01    (299.0,177.0,448.0,-193.0)
413       -9.0027e+01    (299.0,177.0,447.0,-193.0)
414       -8.9757e+01    (299.0,177.0,446.0,-193.0)
415       -8.9582e+01    (298.0,177.0,446.0,-193.0)
416       -8.9448e+01    (298.0,177.0,446.0,-194.0)
417       -8.9387e+01    (298.0,177.0,445.0,-194.0)
418       -8.9408e+01    (298.0,178.0,445.0,-194.0)
419       -8.9449e+01    (298.0,178.0,446.0,-194.0)
420       -8.9487e+01    (298.0,178.0,446.0,-195.0)
421       -8.9459e+01    (298.0,178.0,445.0,-195.0)
422       -8.9442e+01    (298.0,177.0,445.0,-195.0)
423       -8.9491e+01    (298.0,177.0,446.0,-195.0)
424       -8.9681e+01    (299.0,177.0,446.0,-195.0)
425       -8.9623e+01    (299.0,177.0,445.0,-195.0)
426       -8.9565e+01    (299.0,177.0,445.0,-194.0)
427       -8.9590e+01    (299.0,178.0,445.0,-194.0)
428       -8.9641e+01    (299.0,178.0,446.0,-194.0)
429       -8.9634e+01    (299.0,177.0,446.0,-194.0)
430       -8.9927e+01    (299.0,177.0,447.0,-194.0)
431       -8.9743e+01    (298.0,177.0,447.0,-194.0)
432       -8.9754e+01    (298.0,178.0,447.0,-194.0)
433       -8.9797e+01    (298.0,178.0,447.0,-195.0)
434       -8.9792e+01    (298.0,177.0,447.0,-195.0)
435       -8.9978e+01    (299.0,177.0,447.0,-195.0)
436       -8.9987e+01    (299.0,178.0,447.0,-195.0)
437       -8.9681e+01    (299.0,178.0,446.0,-195.0)
438       -8.9643e+01    (299.0,178.0,445.0,-195.0)
439       -8.9813e+01    (299.0,178.0,444.0,-195.0)
440       -8.9650e+01    (298.0,178.0,444.0,-195.0)
441       -8.9571e+01    (298.0,178.0,444.0,-194.0)
442       -8.9508e+01    (298.0,177.0,444.0,-194.0)
443       -8.9481e+01    (298.0,177.0,444.0,-193.0)
444       -8.9461e+01    (297.0,177.0,444.0,-193.0)
445       -8.9277e+01    (297.0,177.0,443.0,-193.0)
446       -8.8996e+01    (296.0,177.0,443.0,-193.0)
447       -8.8570e+01    (296.0,177.0,442.0,-193.0)
448       -8.8248e+01    (296.0,177.0,441.0,-193.0)
449       -8.8001e+01    (295.0,177.0,441.0,-193.0)
450       -8.7825e+01    (295.0,177.0,440.0,-193.0)
451       -8.7698e+01    (295.0,177.0,440.0,-194.0)
452       -8.7703e+01    (295.0,178.0,440.0,-194.0)
453       -8.7742e+01    (295.0,178.0,440.0,-195.0)
454       -8.7744e+01    (295.0,177.0,440.0,-195.0)
455       -8.7836e+01    (295.0,177.0,439.0,-195.0)
456       -8.7769e+01    (295.0,177.0,439.0,-194.0)
457       -8.7803e+01    (295.0,177.0,439.0,-193.0)
458       -8.7858e+01    (295.0,178.0,439.0,-193.0)
459       -8.7809e+01    (295.0,178.0,439.0,-194.0)
460       -8.7872e+01    (295.0,178.0,439.0,-195.0)
461       -8.8056e+01    (295.0,178.0,439.0,-196.0)
462       -8.7988e+01    (295.0,178.0,440.0,-196.0)
463       -8.7973e+01    (295.0,177.0,440.0,-196.0)
464       -8.8011e+01    (295.0,177.0,439.0,-196.0)
465       -8.8127e+01    (294.0,177.0,439.0,-196.0)
466       -8.8009e+01    (294.0,177.0,439.0,-195.0)
467       -8.7913e+01    (294.0,177.0,438.0,-195.0)
468       -8.7751e+01    (293.0,177.0,438.0,-195.0)
469       -8.7214e+01    (293.0,177.0,437.0,-195.0)
470       -8.6785e+01    (293.0,177.0,436.0,-195.0)
471       -8.6388e+01    (292.0,177.0,436.0,-195.0)
472       -8.6117e+01    (292.0,177.0,435.0,-195.0)
473       -8.6079e+01    (292.0,177.0,435.0,-194.0)
474       -8.6067e+01    (292.0,177.0,434.0,-194.0)
475       -8.6086e+01    (292.0,178.0,434.0,-194.0)
476       -8.6073e+01    (292.0,178.0,435.0,-194.0)
477       -8.6105e+01    (292.0,178.0,435.0,-195.0)
478       -8.6135e+01    (292.0,178.0,434.0,-195.0)
479       -8.6121e+01    (292.0,177.0,434.0,-195.0)
480       -8.6326e+01    (292.0,177.0,433.0,-195.0)
481       -8.6243e+01    (292.0,177.0,433.0,-194.0)
482       -8.6206e+01    (292.0,177.0,433.0,-193.0)
483       -8.6136e+01    (291.0,177.0,433.0,-193.0)
484       -8.6043e+01    (291.0,177.0,432.0,-193.0)
485       -8.5722e+01    (290.0,177.0,432.0,-193.0)
486       -8.5363e+01    (290.0,177.0,431.0,-193.0)
487       -8.5027e+01    (289.0,177.0,431.0,-193.0)
488       -8.4701e+01    (289.0,177.0,430.0,-193.0)
489       -8.4540e+01    (289.0,177.0,430.0,-194.0)
490       -8.4423e+01    (289.0,177.0,429.0,-194.0)
491       -8.4426e+01    (289.0,178.0,429.0,-194.0)
492       -8.4465e+01    (289.0,178.0,429.0,-195.0)
493       -8.4467e+01    (289.0,177.0,429.0,-195.0)
494       -8.4577e+01    (289.0,177.0,430.0,-195.0)
495       -8.4562e+01    (289.0,178.0,430.0,-195.0)
496       -8.4532e+01    (289.0,178.0,430.0,-194.0)
497       -8.4723e+01    (289.0,178.0,430.0,-193.0)
498       -8.4583e+01    (289.0,178.0,429.0,-193.0)
499       -8.4552e+01    (289.0,177.0,429.0,-193.0)
500       -8.4561e+01    (289.0,177.0,428.0,-193.0)
501       -8.4536e+01    (289.0,177.0,428.0,-194.0)
502       -8.4576e+01    (288.0,177.0,428.0,-194.0)
503       -8.4542e+01    (288.0,177.0,428.0,-193.0)
504       -8.4487e+01    (288.0,177.0,427.0,-193.0)
505       -8.4298e+01    (287.0,177.0,427.0,-193.0)
506       -8.3956e+01    (287.0,177.0,426.0,-193.0)
507       -8.3625e+01    (286.0,177.0,426.0,-193.0)
508       -8.3232e+01    (286.0,177.0,425.0,-193.0)
509       -8.3007e+01    (286.0,177.0,424.0,-193.0)
510       -8.2855e+01    (286.0,177.0,424.0,-194.0)
511       -8.2850e+01    (286.0,178.0,424.0,-194.0)
512       -8.2882e+01    (286.0,178.0,424.0,-195.0)
513       -8.2894e+01    (286.0,177.0,424.0,-195.0)
514       -8.2934e+01    (286.0,177.0,423.0,-195.0)
515       -8.2877e+01    (286.0,177.0,423.0,-194.0)
516       -8.2900e+01    (286.0,178.0,423.0,-194.0)
517       -8.2952e+01    (286.0,178.0,423.0,-195.0)
518       -8.3047e+01    (285.0,178.0,423.0,-195.0)
519       -8.2979e+01    (285.0,178.0,423.0,-194.0)
520       -8.2932e+01    (285.0,177.0,423.0,-194.0)
521       -8.2946e+01    (285.0,177.0,423.0,-193.0)
522       -8.2913e+01    (285.0,177.0,422.0,-193.0)
523       -8.2858e+01    (284.0,177.0,422.0,-193.0)
524       -8.2551e+01    (284.0,177.0,421.0,-193.0)
525       -8.2265e+01    (283.0,177.0,421.0,-193.0)
526       -8.1822e+01    (283.0,177.0,420.0,-193.0)
527       -8.1524e+01    (283.0,177.0,419.0,-193.0)
528       -8.1371e+01    (283.0,177.0,419.0,-194.0)
529       -8.1286e+01    (283.0,177.0,418.0,-194.0)
530       -8.1295e+01    (283.0,178.0,418.0,-194.0)
531       -8.1330e+01    (282.0,178.0,418.0,-194.0)
532       -8.1302e+01    (282.0,177.0,418.0,-194.0)
533       -8.1350e+01    (282.0,177.0,417.0,-194.0)
534       -8.1331e+01    (282.0,177.0,417.0,-193.0)
535       -8.1343e+01    (282.0,176.0,417.0,-193.0)
536       -8.1226e+01    (282.0,176.0,416.0,-193.0)
537       -8.1055e+01    (281.0,176.0,416.0,-193.0)
538       -8.0827e+01    (281.0,176.0,415.0,-193.0)
539       -8.0577e+01    (280.0,176.0,415.0,-193.0)
540       -8.0309e+01    (280.0,176.0,414.0,-193.0)
541       -8.0103e+01    (280.0,177.0,414.0,-193.0)
542       -7.9904e+01    (280.0,177.0,413.0,-193.0)
543       -7.9774e+01    (280.0,177.0,413.0,-194.0)
544       -7.9710e+01    (279.0,177.0,413.0,-194.0)
545       -7.9719e+01    (279.0,177.0,412.0,-194.0)
546       -7.9756e+01    (279.0,177.0,412.0,-193.0)
547       -7.9789e+01    (279.0,177.0,411.0,-193.0)
548       -7.9698e+01    (278.0,177.0,411.0,-193.0)
549       -7.9483e+01    (278.0,177.0,410.0,-193.0)
550       -7.9135e+01    (277.0,177.0,410.0,-193.0)
551       -7.8736e+01    (277.0,177.0,409.0,-193.0)
552       -7.8471e+01    (277.0,177.0,408.0,-193.0)
553       -7.8312e+01    (276.0,177.0,408.0,-193.0)
554       -7.8177e+01    (276.0,177.0,408.0,-194.0)
555       -7.8115e+01    (276.0,177.0,407.0,-194.0)
556       -7.8134e+01    (276.0,178.0,407.0,-194.0)
557       -7.8179e+01    (276.0,178.0,408.0,-194.0)
558       -7.8216e+01    (276.0,178.0,408.0,-195.0)
559       -7.8183e+01    (276.0,178.0,407.0,-195.0)
560       -7.8169e+01    (276.0,177.0,407.0,-195.0)
561       -7.8221e+01    (276.0,177.0,408.0,-195.0)
562       -7.8392e+01    (277.0,177.0,408.0,-195.0)
563       -7.8334e+01    (277.0,177.0,407.0,-195.0)
564       -7.8278e+01    (277.0,177.0,407.0,-194.0)
565       -7.8300e+01    (277.0,178.0,407.0,-194.0)
566       -7.8351e+01    (277.0,178.0,407.0,-195.0)
567       -7.8392e+01    (277.0,178.0,408.0,-195.0)
568       -7.8352e+01    (277.0,178.0,408.0,-194.0)
569       -7.8347e+01    (277.0,177.0,408.0,-194.0)
570       -7.8640e+01    (277.0,177.0,409.0,-194.0)
571       -7.8475e+01    (276.0,177.0,409.0,-194.0)
572       -7.8488e+01    (276.0,178.0,409.0,-194.0)
573       -7.8533e+01    (276.0,178.0,409.0,-195.0)
574       -7.8525e+01    (276.0,177.0,409.0,-195.0)
575       -7.8693e+01    (277.0,177.0,409.0,-195.0)
576       -7.8704e+01    (277.0,178.0,409.0,-195.0)
577       -7.8656e+01    (277.0,178.0,409.0,-194.0)
578       -7.8775e+01    (277.0,178.0,409.0,-193.0)
579       -7.8503e+01    (277.0,178.0,408.0,-193.0)
580       -7.8341e+01    (276.0,178.0,408.0,-193.0)
581       -7.8245e+01    (276.0,178.0,407.0,-193.0)
582       -7.8204e+01    (276.0,177.0,407.0,-193.0)
583       -7.8226e+01    (276.0,177.0,406.0,-193.0)
584       -7.8239e+01    (275.0,177.0,406.0,-193.0)
585       -7.8070e+01    (275.0,177.0,405.0,-193.0)
586       -7.7826e+01    (274.0,177.0,405.0,-193.0)
587       -7.7411e+01    (274.0,177.0,404.0,-193.0)
588       -7.7096e+01    (274.0,177.0,403.0,-193.0)
589       -7.6865e+01    (273.0,177.0,403.0,-193.0)
590       -7.6692e+01    (273.0,177.0,402.0,-193.0)
591       -7.6562e+01    (273.0,177.0,402.0,-194.0)
592       -7.6565e+01    (273.0,178.0,402.0,-194.0)
593       -7.6603e+01    (273.0,178.0,402.0,-195.0)
594       -7.6606e+01    (273.0,177.0,402.0,-195.0)
595       -7.6698e+01    (273.0,177.0,401.0,-195.0)
596       -7.6633e+01    (273.0,177.0,401.0,-194.0)
597       -7.6669e+01    (273.0,178.0,401.0,-194.0)
598       -7.6730e+01    (273.0,178.0,401.0,-195.0)
599       -7.6921e+01    (273.0,178.0,401.0,-196.0)
600       -7.6851e+01    (273.0,178.0,402.0,-196.0)
601       -7.6838e+01    (273.0,177.0,402.0,-196.0)
602       -7.6879e+01    (273.0,177.0,401.0,-196.0)
603       -7.7024e+01    (273.0,176.0,401.0,-196.0)
604       -7.6893e+01    (273.0,176.0,401.0,-195.0)
605       -7.6809e+01    (273.0,176.0,401.0,-194.0)
606       -7.6769e+01    (273.0,176.0,401.0,-193.0)
607       -7.6677e+01    (273.0,177.0,401.0,-193.0)
608       -7.6730e+01    (273.0,178.0,401.0,-193.0)
609       -7.6723e+01    (273.0,178.0,402.0,-193.0)
610       -7.6893e+01    (273.0,178.0,403.0,-193.0)
611       -7.6720e+01    (273.0,178.0,403.0,-194.0)
612       -7.6722e+01    (273.0,177.0,403.0,-194.0)
613       -7.6763e+01    (273.0,177.0,403.0,-195.0)
614       -7.6754e+01    (273.0,178.0,403.0,-195.0)
615       -7.7011e+01    (273.0,178.0,403.0,-196.0)
616       -7.7003e+01    (273.0,177.0,403.0,-196.0)
617       -7.7261e+01    (274.0,177.0,403.0,-196.0)
618       -7.7047e+01    (274.0,177.0,403.0,-195.0)
619       -7.6882e+01    (274.0,177.0,402.0,-195.0)
620       -7.6828e+01    (274.0,177.0,402.0,-194.0)
621       -7.6847e+01    (274.0,178.0,402.0,-194.0)
622       -7.6896e+01    (274.0,178.0,401.0,-194.0)
623       -7.6850e+01    (274.0,177.0,401.0,-194.0)
624       -7.6868e+01    (274.0,177.0,401.0,-193.0)
625       -7.6899e+01    (274.0,177.0,400.0,-193.0)
626       -7.6760e+01    (273.0,177.0,400.0,-193.0)
627       -7.6636e+01    (272.0,177.0,400.0,-193.0)
628       -7.6512e+01    (272.0,177.0,399.0,-193.0)
629       -7.6111e+01    (271.0,177.0,399.0,-193.0)
630       -7.5768e+01    (271.0,177.0,398.0,-193.0)
631       -7.5482e+01    (270.0,177.0,398.0,-193.0)
632       -7.5234e+01    (270.0,177.0,397.0,-193.0)
633       -7.5078e+01    (270.0,177.0,397.0,-194.0)
634       -7.5064e+01    (270.0,177.0,396.0,-194.0)
635       -7.5080e+01    (270.0,178.0,396.0,-194.0)
636       -7.5072e+01    (270.0,178.0,397.0,-194.0)
637       -7.5104e+01    (270.0,178.0,397.0,-195.0)
638       -7.5117e+01    (270.0,177.0,397.0,-195.0)
639       -7.5116e+01    (270.0,177.0,396.0,-195.0)
640       -7.5126e+01    (270.0,178.0,396.0,-195.0)
641       -7.5353e+01    (270.0,178.0,396.0,-196.0)
642       -7.5328e+01    (270.0,177.0,396.0,-196.0)
643       -7.5364e+01    (270.0,177.0,397.0,-196.0)
644       -7.5368e+01    (270.0,178.0,397.0,-196.0)
645       -7.5639e+01    (270.0,178.0,398.0,-196.0)
646       -7.5390e+01    (270.0,178.0,398.0,-195.0)
647       -7.5352e+01    (270.0,178.0,398.0,-194.0)
648       -7.5350e+01    (270.0,177.0,398.0,-194.0)
649       -7.5394e+01    (270.0,177.0,398.0,-195.0)
650       -7.5627e+01    (270.0,177.0,398.0,-196.0)
651       -7.5880e+01    (269.0,177.0,398.0,-196.0)
652       -7.5656e+01    (269.0,177.0,397.0,-196.0)
653       -7.5500e+01    (269.0,177.0,397.0,-195.0)
654       -7.5379e+01    (269.0,177.0,396.0,-195.0)
655       -7.5299e+01    (269.0,177.0,396.0,-194.0)
656       -7.5250e+01    (269.0,177.0,395.0,-194.0)
657       -7.5181e+01    (269.0,177.0,395.0,-193.0)
658       -7.5104e+01    (269.0,177.0,394.0,-193.0)
659       -7.4820e+01    (268.0,177.0,394.0,-193.0)
660       -7.4473e+01    (268.0,177.0,393.0,-193.0)
661       -7.4159e+01    (267.0,177.0,393.0,-193.0)
662       -7.3837e+01    (267.0,177.0,392.0,-193.0)
663       -7.3677e+01    (267.0,177.0,392.0,-194.0)
664       -7.3556e+01    (267.0,177.0,391.0,-194.0)
665       -7.3557e+01    (267.0,178.0,391.0,-194.0)
666       -7.3594e+01    (267.0,178.0,391.0,-195.0)
667       -7.3599e+01    (267.0,177.0,391.0,-195.0)
668       -7.3715e+01    (267.0,177.0,392.0,-195.0)
669       -7.3700e+01    (267.0,178.0,392.0,-195.0)
670       -7.3670e+01    (267.0,178.0,392.0,-194.0)
671       -7.3860e+01    (267.0,178.0,392.0,-193.0)
672       -7.3721e+01    (267.0,178.0,391.0,-193.0)
673       -7.3691e+01    (267.0,177.0,391.0,-193.0)
674       -7.3707e+01    (267.0,177.0,390.0,-193.0)
675       -7.3671e+01    (267.0,177.0,390.0,-194.0)
676       -7.3709e+01    (267.0,178.0,390.0,-194.0)
677       -7.3762e+01    (267.0,178.0,390.0,-193.0)
678       -7.3785e+01    (266.0,178.0,390.0,-193.0)
679       -7.3713e+01    (266.0,177.0,390.0,-193.0)
680       -7.3674e+01    (266.0,177.0,389.0,-193.0)
681       -7.3522e+01    (265.0,177.0,389.0,-193.0)
682       -7.3195e+01    (265.0,177.0,388.0,-193.0)
683       -7.2890e+01    (264.0,177.0,388.0,-193.0)
684       -7.2502e+01    (264.0,177.0,387.0,-193.0)
685       -7.2280e+01    (264.0,177.0,386.0,-193.0)
686       -7.2125e+01    (264.0,177.0,386.0,-194.0)
687       -7.2119e+01    (264.0,178.0,386.0,-194.0)
688       -7.2150e+01    (264.0,178.0,386.0,-195.0)
689       -7.2163e+01    (264.0,177.0,386.0,-195.0)
690       -7.2200e+01    (264.0,177.0,385.0,-195.0)
691       -7.2146e+01    (264.0,177.0,385.0,-194.0)
692       -7.2165e+01    (264.0,178.0,385.0,-194.0)
693       -7.2215e+01    (264.0,178.0,385.0,-195.0)
694       -7.2339e+01    (263.0,178.0,385.0,-195.0)
695       -7.2272e+01    (263.0,178.0,385.0,-194.0)
696       -7.2227e+01    (263.0,177.0,385.0,-194.0)
697       -7.2246e+01    (263.0,177.0,385.0,-193.0)
698       -7.2225e+01    (263.0,177.0,384.0,-193.0)
699       -7.2182e+01    (263.0,176.0,384.0,-193.0)
700       -7.2069e+01    (263.0,176.0,383.0,-193.0)
701       -7.1865e+01    (262.0,176.0,383.0,-193.0)
702       -7.1642e+01    (262.0,176.0,382.0,-193.0)
703       -7.1395e+01    (261.0,176.0,382.0,-193.0)
704       -7.1163e+01    (261.0,176.0,381.0,-193.0)
705       -7.0932e+01    (261.0,177.0,381.0,-193.0)
706       -7.0778e+01    (261.0,177.0,381.0,-194.0)
707       -7.0690e+01    (261.0,177.0,380.0,-194.0)
708       -7.0697e+01    (261.0,178.0,380.0,-194.0)
709       -7.0737e+01    (261.0,178.0,380.0,-195.0)
710       -7.0737e+01    (261.0,177.0,380.0,-195.0)
711       -7.0787e+01    (260.0,177.0,380.0,-195.0)
712       -7.0728e+01    (260.0,177.0,380.0,-194.0)
713       -7.0755e+01    (260.0,178.0,380.0,-194.0)
714       -7.0810e+01    (260.0,178.0,380.0,-195.0)
715       -7.0908e+01    (260.0,178.0,381.0,-195.0)
716       -7.0805e+01    (261.0,178.0,381.0,-195.0)
717       -7.0773e+01    (261.0,178.0,381.0,-194.0)
718       -7.0859e+01    (260.0,178.0,381.0,-194.0)
719       -7.0842e+01    (260.0,177.0,381.0,-194.0)
720       -7.0895e+01    (260.0,177.0,381.0,-195.0)
721       -7.0818e+01    (261.0,177.0,381.0,-195.0)
722       -7.1063e+01    (261.0,177.0,381.0,-196.0)
723       -7.0963e+01    (261.0,177.0,380.0,-196.0)
724       -7.0979e+01    (261.0,178.0,380.0,-196.0)
725       -7.1016e+01    (260.0,178.0,380.0,-196.0)
726       -7.0982e+01    (260.0,177.0,380.0,-196.0)
727       -7.1007e+01    (260.0,177.0,379.0,-196.0)
728       -7.0858e+01    (260.0,177.0,379.0,-195.0)
729       -7.0781e+01    (260.0,177.0,379.0,-194.0)
730       -7.0771e+01    (260.0,177.0,379.0,-193.0)
731       -7.0793e+01    (260.0,176.0,379.0,-193.0)
732       -7.0694e+01    (260.0,176.0,378.0,-193.0)
733       -7.0543e+01    (259.0,176.0,378.0,-193.0)
734       -7.0334e+01    (259.0,176.0,377.0,-193.0)
735       -7.0101e+01    (258.0,176.0,377.0,-193.0)
736       -6.9847e+01    (258.0,176.0,376.0,-193.0)
737       -6.9645e+01    (258.0,177.0,376.0,-193.0)
738       -6.9450e+01    (258.0,177.0,375.0,-193.0)
739       -6.9316e+01    (258.0,177.0,375.0,-194.0)
740       -6.9270e+01    (257.0,177.0,375.0,-194.0)
741       -6.9280e+01    (257.0,177.0,374.0,-194.0)
742       -6.9316e+01    (257.0,178.0,374.0,-194.0)
743       -6.9281e+01    (257.0,178.0,375.0,-194.0)
744       -6.9318e+01    (258.0,178.0,375.0,-194.0)
745       -6.9355e+01    (258.0,178.0,375.0,-195.0)
746       -6.9325e+01    (257.0,178.0,375.0,-195.0)
747       -6.9319e+01    (257.0,177.0,375.0,-195.0)
748       -6.9345e+01    (257.0,177.0,374.0,-195.0)
749       -6.9376e+01    (257.0,178.0,374.0,-195.0)
750       -6.9436e+01    (258.0,178.0,374.0,-195.0)
751       -6.9381e+01    (258.0,178.0,374.0,-194.0)
752       -6.9352e+01    (258.0,177.0,374.0,-194.0)
753       -6.9412e+01    (258.0,177.0,374.0,-195.0)
754       -6.9359e+01    (258.0,177.0,375.0,-195.0)
755       -6.9558e+01    (258.0,177.0,376.0,-195.0)
756       -6.9514e+01    (258.0,177.0,376.0,-194.0)
757       -6.9467e+01    (257.0,177.0,376.0,-194.0)
758       -6.9480e+01    (257.0,178.0,376.0,-194.0)
759       -6.9517e+01    (258.0,178.0,376.0,-194.0)
760       -6.9555e+01    (258.0,178.0,376.0,-195.0)
761       -6.9525e+01    (257.0,178.0,376.0,-195.0)
762       -6.9517e+01    (257.0,177.0,376.0,-195.0)
763       -6.9734e+01    (257.0,177.0,376.0,-196.0)
764       -6.9538e+01    (257.0,177.0,375.0,-196.0)
765       -6.9526e+01    (257.0,177.0,374.0,-196.0)
766       -6.9568e+01    (257.0,178.0,374.0,-196.0)
767       -6.9558e+01    (257.0,178.0,375.0,-196.0)
768       -6.9605e+01    (258.0,178.0,375.0,-196.0)
769       -6.9593e+01    (258.0,177.0,375.0,-196.0)
770       -6.9604e+01    (258.0,177.0,374.0,-196.0)
771       -6.9640e+01    (258.0,178.0,374.0,-196.0)
772       -6.9835e+01    (258.0,178.0,373.0,-196.0)
773       -6.9714e+01    (258.0,178.0,373.0,-195.0)
774       -6.9600e+01    (257.0,178.0,373.0,-195.0)
775       -6.9512e+01    (257.0,178.0,373.0,-194.0)
776       -6.9435e+01    (257.0,177.0,373.0,-194.0)
777       -6.9370e+01    (257.0,177.0,373.0,-193.0)
778       -6.9314e+01    (256.0,177.0,373.0,-193.0)
779       -6.9115e+01    (256.0,177.0,372.0,-193.0)
780       -6.8801e+01    (255.0,177.0,372.0,-193.0)
781       -6.8411e+01    (255.0,177.0,371.0,-193.0)
782       -6.8151e+01    (255.0,177.0,370.0,-193.0)
783       -6.8007e+01    (254.0,177.0,370.0,-193.0)
784       -6.7873e+01    (254.0,177.0,370.0,-194.0)
785       -6.7809e+01    (254.0,177.0,369.0,-194.0)
786       -6.7826e+01    (254.0,178.0,369.0,-194.0)
787       -6.7873e+01    (254.0,178.0,369.0,-195.0)
788       -6.7862e+01    (254.0,177.0,369.0,-195.0)
789       -6.7917e+01    (254.0,177.0,370.0,-195.0)
790       -6.7913e+01    (254.0,178.0,370.0,-195.0)
791       -6.7875e+01    (254.0,178.0,370.0,-194.0)
792       -6.8030e+01    (255.0,178.0,370.0,-194.0)
793       -6.7975e+01    (255.0,178.0,369.0,-194.0)
794       -6.7956e+01    (255.0,177.0,369.0,-194.0)
795       -6.8010e+01    (255.0,177.0,369.0,-195.0)
796       -6.8024e+01    (255.0,178.0,369.0,-195.0)
797       -6.8069e+01    (255.0,178.0,370.0,-195.0)
798       -6.8070e+01    (255.0,177.0,370.0,-195.0)
799       -6.8025e+01    (255.0,177.0,370.0,-194.0)
800       -6.8320e+01    (255.0,177.0,371.0,-194.0)
801       -6.8172e+01    (254.0,177.0,371.0,-194.0)
802       -6.8188e+01    (254.0,178.0,371.0,-194.0)
803       -6.8234e+01    (254.0,178.0,371.0,-195.0)
804       -6.8224e+01    (254.0,177.0,371.0,-195.0)
805       -6.8373e+01    (255.0,177.0,371.0,-195.0)
806       -6.8386e+01    (255.0,178.0,371.0,-195.0)
807       -6.8338e+01    (255.0,178.0,371.0,-194.0)
808       -6.8451e+01    (255.0,178.0,371.0,-193.0)
809       -6.8182e+01    (255.0,178.0,370.0,-193.0)
810       -6.8037e+01    (254.0,178.0,370.0,-193.0)
811       -6.7944e+01    (254.0,178.0,369.0,-193.0)
812       -6.7904e+01    (254.0,177.0,369.0,-193.0)
813       -6.7935e+01    (254.0,177.0,368.0,-193.0)
814       -6.7940e+01    (254.0,177.0,368.0,-194.0)
815       -6.7995e+01    (254.0,178.0,368.0,-194.0)
816       -6.8000e+01    (254.0,178.0,368.0,-193.0)
817       -6.8059e+01    (254.0,178.0,368.0,-192.0)
818       -6.7965e+01    (254.0,178.0,367.0,-192.0)
819       -6.7796e+01    (254.0,178.0,367.0,-191.0)
820       -6.7473e+01    (254.0,178.0,366.0,-191.0)
821       -6.7130e+01    (254.0,178.0,366.0,-190.0)
822       -6.6762e+01    (254.0,178.0,365.0,-190.0)
823       -6.6466e+01    (254.0,178.0,365.0,-189.0)
824       -6.6304e+01    (254.0,178.0,364.0,-189.0)
825       -6.6209e+01    (254.0,178.0,364.0,-188.0)
826       -6.6206e+01    (254.0,177.0,364.0,-188.0)
827       -6.6274e+01    (254.0,177.0,363.0,-188.0)
828       -6.6294e+01    (254.0,177.0,363.0,-187.0)
829       -6.6287e+01    (254.0,177.0,364.0,-187.0)
830       -6.6310e+01    (254.0,178.0,364.0,-187.0)
831       -6.6341e+01    (254.0,178.0,363.0,-187.0)
832       -6.6307e+01    (254.0,178.0,363.0,-188.0)
833       -6.6402e+01    (254.0,178.0,363.0,-189.0)
834       -6.6369e+01    (254.0,177.0,363.0,-189.0)
835       -6.6301e+01    (254.0,177.0,364.0,-189.0)
836       -6.6452e+01    (255.0,177.0,364.0,-189.0)
837       -6.6357e+01    (255.0,177.0,364.0,-188.0)
838       -6.6363e+01    (255.0,178.0,364.0,-188.0)
839       -6.6452e+01    (255.0,178.0,363.0,-188.0)
840       -6.6417e+01    (255.0,177.0,363.0,-188.0)
841       -6.6433e+01    (255.0,177.0,363.0,-187.0)
842       -6.6432e+01    (255.0,177.0,364.0,-187.0)
843       -6.6458e+01    (255.0,178.0,364.0,-187.0)
844       -6.6481e+01    (255.0,178.0,363.0,-187.0)
845       -6.6604e+01    (255.0,178.0,363.0,-186.0)
846       -6.6471e+01    (254.0,178.0,363.0,-186.0)
847       -6.6400e+01    (254.0,177.0,363.0,-186.0)
848       -6.6350e+01    (254.0,177.0,362.0,-186.0)
849       -6.6242e+01    (253.0,177.0,362.0,-186.0)
850       -6.6077e+01    (253.0,177.0,361.0,-186.0)
851       -6.5835e+01    (252.0,177.0,361.0,-186.0)
852       -6.5567e+01    (252.0,177.0,360.0,-186.0)
853       -6.5361e+01    (252.0,177.0,359.0,-186.0)
854       -6.5171e+01    (252.0,177.0,359.0,-187.0)
855       -6.4939e+01    (251.0,177.0,359.0,-187.0)
856       -6.4838e+01    (251.0,177.0,359.0,-188.0)
857       -6.4822e+01    (251.0,177.0,358.0,-188.0)
858       -6.4834e+01    (251.0,178.0,358.0,-188.0)
859       -6.4831e+01    (251.0,178.0,359.0,-188.0)
860       -6.4926e+01    (251.0,178.0,359.0,-189.0)
861       -6.4929e+01    (251.0,178.0,358.0,-189.0)
862       -6.4917e+01    (251.0,177.0,358.0,-189.0)
863       -6.4933e+01    (251.0,177.0,359.0,-189.0)
864       -6.5198e+01    (252.0,177.0,359.0,-189.0)
865       -6.5103e+01    (252.0,177.0,359.0,-188.0)
866       -6.5059e+01    (252.0,177.0,358.0,-188.0)
867       -6.5084e+01    (252.0,178.0,358.0,-188.0)
868       -6.5112e+01    (252.0,178.0,359.0,-188.0)
869       -6.5199e+01    (252.0,178.0,359.0,-187.0)
870       -6.4956e+01    (251.0,178.0,359.0,-187.0)
871       -6.4915e+01    (251.0,178.0,358.0,-187.0)
872       -6.4884e+01    (251.0,177.0,358.0,-187.0)
873       -6.4985e+01    (251.0,177.0,357.0,-187.0)
874       -6.5006e+01    (251.0,177.0,357.0,-186.0)
875       -6.4946e+01    (250.0,177.0,357.0,-186.0)
876       -6.4806e+01    (250.0,177.0,356.0,-186.0)
877       -6.4621e+01    (249.0,177.0,356.0,-186.0)
878       -6.4349e+01    (249.0,177.0,355.0,-186.0)
879       -6.4123e+01    (249.0,177.0,354.0,-186.0)
880       -6.3918e+01    (248.0,177.0,354.0,-186.0)
881       -6.3659e+01    (248.0,177.0,354.0,-187.0)
882       -6.3522e+01    (248.0,177.0,353.0,-187.0)
883       -6.3428e+01    (248.0,177.0,353.0,-188.0)
884       -6.3425e+01    (248.0,178.0,353.0,-188.0)
885       -6.3520e+01    (248.0,178.0,353.0,-189.0)
886       -6.3524e+01    (248.0,177.0,353.0,-189.0)
887       -6.3648e+01    (248.0,177.0,352.0,-189.0)
888       -6.3553e+01    (248.0,177.0,352.0,-188.0)
889       -6.3573e+01    (248.0,177.0,352.0,-187.0)
890       -6.3620e+01    (248.0,178.0,352.0,-187.0)
891       -6.3541e+01    (248.0,178.0,353.0,-187.0)
892       -6.3673e+01    (248.0,178.0,354.0,-187.0)
893       -6.3543e+01    (248.0,178.0,354.0,-188.0)
894       -6.3553e+01    (248.0,177.0,354.0,-188.0)
895       -6.3648e+01    (248.0,177.0,354.0,-189.0)
896       -6.3639e+01    (248.0,178.0,354.0,-189.0)
897       -6.3959e+01    (248.0,178.0,354.0,-190.0)
898       -6.3826e+01    (248.0,178.0,353.0,-190.0)
899       -6.3807e+01    (248.0,177.0,353.0,-190.0)
900       -6.3858e+01    (248.0,177.0,352.0,-190.0)
901       -6.3904e+01    (248.0,178.0,352.0,-190.0)
902       -6.3681e+01    (248.0,178.0,352.0,-189.0)
903       -6.3586e+01    (248.0,178.0,352.0,-188.0)
904       -6.3785e+01    (247.0,178.0,352.0,-188.0)
905       -6.3718e+01    (247.0,177.0,352.0,-188.0)
906       -6.3668e+01    (247.0,177.0,352.0,-187.0)
907       -6.3623e+01    (247.0,177.0,351.0,-187.0)
908       -6.3510e+01    (246.0,177.0,351.0,-187.0)
909       -6.3132e+01    (246.0,177.0,350.0,-187.0)
910       -6.2818e+01    (246.0,177.0,349.0,-187.0)
911       -6.2450e+01    (245.0,177.0,349.0,-187.0)
912       -6.2223e+01    (245.0,177.0,348.0,-187.0)
913       -6.2112e+01    (245.0,177.0,348.0,-188.0)
914       -6.2100e+01    (245.0,178.0,348.0,-188.0)
915       -6.2153e+01    (245.0,178.0,347.0,-188.0)
916       -6.2141e+01    (245.0,177.0,347.0,-188.0)
917       -6.2202e+01    (245.0,177.0,347.0,-187.0)
918       -6.2233e+01    (245.0,178.0,347.0,-187.0)
919       -6.2235e+01    (245.0,178.0,348.0,-187.0)
920       -6.2466e+01    (244.0,178.0,348.0,-187.0)
921       -6.2378e+01    (244.0,178.0,347.0,-187.0)
922       -6.2319e+01    (244.0,177.0,347.0,-187.0)
923       -6.2301e+01    (244.0,177.0,346.0,-187.0)
924       -6.2257e+01    (244.0,177.0,346.0,-186.0)
925       -6.2163e+01    (244.0,177.0,345.0,-186.0)
926       -6.1962e+01    (243.0,177.0,345.0,-186.0)
927       -6.1730e+01    (243.0,177.0,344.0,-186.0)
928       -6.1493e+01    (242.0,177.0,344.0,-186.0)
929       -6.1260e+01    (242.0,177.0,343.0,-186.0)
930       -6.0993e+01    (242.0,177.0,343.0,-187.0)
931       -6.0883e+01    (242.0,177.0,343.0,-188.0)
932       -6.0796e+01    (242.0,177.0,342.0,-188.0)
933       -6.0795e+01    (242.0,178.0,342.0,-188.0)
934       -6.0871e+01    (242.0,178.0,343.0,-188.0)
935       -6.0966e+01    (242.0,178.0,343.0,-189.0)
936       -6.0890e+01    (242.0,178.0,342.0,-189.0)
937       -6.0892e+01    (242.0,177.0,342.0,-189.0)
938       -6.0978e+01    (242.0,177.0,343.0,-189.0)
939       -6.1173e+01    (241.0,177.0,343.0,-189.0)
940       -6.1055e+01    (241.0,177.0,342.0,-189.0)
941       -6.0960e+01    (241.0,177.0,342.0,-188.0)
942       -6.0981e+01    (241.0,177.0,342.0,-187.0)
943       -6.0886e+01    (242.0,177.0,342.0,-187.0)
944       -6.0907e+01    (242.0,178.0,342.0,-187.0)
945       -6.1006e+01    (242.0,178.0,343.0,-187.0)
946       -6.1153e+01    (241.0,178.0,343.0,-187.0)
947       -6.1027e+01    (241.0,178.0,342.0,-187.0)
948       -6.0993e+01    (241.0,178.0,342.0,-188.0)
949       -6.1052e+01    (241.0,178.0,341.0,-188.0)
950       -6.0993e+01    (242.0,178.0,341.0,-188.0)
951       -6.0955e+01    (242.0,177.0,341.0,-188.0)
952       -6.0965e+01    (242.0,177.0,341.0,-187.0)
953       -6.0965e+01    (241.0,177.0,341.0,-187.0)
954       -6.0985e+01    (241.0,177.0,341.0,-186.0)
955       -6.0910e+01    (241.0,177.0,340.0,-186.0)
956       -6.0777e+01    (240.0,177.0,340.0,-186.0)
957       -6.0558e+01    (240.0,177.0,339.0,-186.0)
958       -6.0333e+01    (239.0,177.0,339.0,-186.0)
959       -6.0071e+01    (239.0,177.0,338.0,-186.0)
960       -5.9834e+01    (239.0,177.0,338.0,-187.0)
961       -5.9638e+01    (239.0,177.0,337.0,-187.0)
962       -5.9535e+01    (239.0,177.0,337.0,-188.0)
963       -5.9527e+01    (239.0,178.0,337.0,-188.0)
964       -5.9611e+01    (239.0,178.0,336.0,-188.0)
965       -5.9592e+01    (239.0,177.0,336.0,-188.0)
966       -5.9621e+01    (238.0,177.0,336.0,-188.0)
967       -5.9621e+01    (238.0,177.0,337.0,-188.0)
968       -5.9638e+01    (238.0,178.0,337.0,-188.0)
969       -5.9657e+01    (238.0,178.0,336.0,-188.0)
970       -5.9682e+01    (238.0,178.0,336.0,-187.0)
971       -5.9632e+01    (238.0,177.0,336.0,-187.0)
972       -5.9640e+01    (239.0,177.0,336.0,-187.0)
973       -5.9676e+01    (239.0,178.0,336.0,-187.0)
974       -5.9653e+01    (239.0,178.0,337.0,-187.0)
975       -5.9708e+01    (238.0,178.0,337.0,-187.0)
976       -5.9674e+01    (238.0,177.0,337.0,-187.0)
977       -5.9838e+01    (238.0,177.0,337.0,-186.0)
978       -5.9725e+01    (238.0,177.0,336.0,-186.0)
979       -5.9658e+01    (238.0,177.0,335.0,-186.0)
980       -5.9590e+01    (237.0,177.0,335.0,-186.0)
981       -5.9393e+01    (237.0,177.0,334.0,-186.0)
982       -5.9200e+01    (236.0,177.0,334.0,-186.0)
983       -5.8918e+01    (236.0,177.0,333.0,-186.0)
984       -5.8704e+01    (236.0,177.0,332.0,-186.0)
985       -5.8459e+01    (236.0,177.0,332.0,-187.0)
986       -5.8362e+01    (236.0,177.0,332.0,-188.0)
987       -5.8305e+01    (236.0,177.0,331.0,-188.0)
988       -5.8270e+01    (235.0,177.0,331.0,-188.0)
989       -5.8288e+01    (235.0,178.0,331.0,-188.0)
990       -5.8312e+01    (236.0,178.0,331.0,-188.0)
991       -5.8356e+01    (236.0,178.0,332.0,-188.0)
992       -5.8347e+01    (235.0,178.0,332.0,-188.0)
993       -5.8341e+01    (235.0,177.0,332.0,-188.0)
994       -5.8415e+01    (235.0,177.0,332.0,-187.0)
995       -5.8322e+01    (235.0,177.0,331.0,-187.0)
996       -5.8356e+01    (235.0,178.0,331.0,-187.0)
997       -5.8403e+01    (236.0,178.0,331.0,-187.0)
998       -5.8376e+01    (236.0,177.0,331.0,-187.0)
999       -5.8459e+01    (236.0,177.0,330.0,-187.0)
