# run = 23
ltot         F            S   
0         -6.1328e+01    (407.0,-11.0,-22.0,274.0)
1         -6.1148e+01    (406.0,-11.0,-22.0,274.0)
2         -6.0951e+01    (405.0,-11.0,-22.0,274.0)
3         -6.0732e+01    (404.0,-11.0,-22.0,274.0)
4         -6.0506e+01    (403.0,-11.0,-22.0,274.0)
5         -6.0296e+01    (402.0,-11.0,-22.0,274.0)
6         -6.0084e+01    (402.0,-10.0,-22.0,274.0)
7         -5.9937e+01    (402.0,-10.0,-22.0,275.0)
8         -5.9718e+01    (402.0,-9.0,-22.0,275.0)
9         -5.9632e+01    (402.0,-9.0,-22.0,276.0)
10        -5.9705e+01    (402.0,-9.0,-21.0,276.0)
11        -5.9772e+01    (402.0,-9.0,-21.0,275.0)
12        -5.9892e+01    (402.0,-8.0,-21.0,275.0)
13        -5.9851e+01    (402.0,-8.0,-22.0,275.0)
14        -5.9806e+01    (402.0,-8.0,-22.0,276.0)
15        -5.9864e+01    (402.0,-8.0,-21.0,276.0)
16        -6.0009e+01    (402.0,-8.0,-21.0,277.0)
17        -5.9852e+01    (402.0,-9.0,-21.0,277.0)
18        -5.9780e+01    (402.0,-9.0,-22.0,277.0)
19        -5.9953e+01    (402.0,-8.0,-22.0,277.0)
20        -6.0145e+01    (402.0,-8.0,-23.0,277.0)
21        -6.0001e+01    (402.0,-8.0,-23.0,276.0)
22        -5.9869e+01    (402.0,-9.0,-23.0,276.0)
23        -5.9902e+01    (402.0,-9.0,-23.0,275.0)
24        -6.0002e+01    (402.0,-8.0,-23.0,275.0)
25        -6.0057e+01    (401.0,-8.0,-23.0,275.0)
26        -5.9985e+01    (401.0,-8.0,-22.0,275.0)
27        -5.9930e+01    (401.0,-9.0,-22.0,275.0)
28        -5.9947e+01    (401.0,-9.0,-21.0,275.0)
29        -5.9970e+01    (401.0,-9.0,-21.0,274.0)
30        -5.9968e+01    (401.0,-9.0,-22.0,274.0)
31        -5.9984e+01    (402.0,-9.0,-22.0,274.0)
32        -6.0002e+01    (402.0,-9.0,-21.0,274.0)
33        -6.0053e+01    (402.0,-8.0,-21.0,274.0)
34        -5.9990e+01    (401.0,-8.0,-21.0,274.0)
35        -5.9990e+01    (401.0,-8.0,-22.0,274.0)
36        -6.0025e+01    (401.0,-8.0,-22.0,273.0)
37        -5.9702e+01    (400.0,-8.0,-22.0,273.0)
38        -5.9375e+01    (400.0,-8.0,-22.0,272.0)
39        -5.8942e+01    (399.0,-8.0,-22.0,272.0)
40        -5.8562e+01    (399.0,-8.0,-22.0,271.0)
41        -5.8363e+01    (399.0,-8.0,-22.0,270.0)
42        -5.8183e+01    (399.0,-9.0,-22.0,270.0)
43        -5.8210e+01    (399.0,-9.0,-22.0,269.0)
44        -5.8272e+01    (399.0,-9.0,-21.0,269.0)
45        -5.8258e+01    (399.0,-9.0,-21.0,270.0)
46        -5.8422e+01    (399.0,-8.0,-21.0,270.0)
47        -5.8408e+01    (399.0,-8.0,-21.0,269.0)
48        -5.8360e+01    (399.0,-8.0,-22.0,269.0)
49        -5.8458e+01    (398.0,-8.0,-22.0,269.0)
50        -5.8377e+01    (398.0,-9.0,-22.0,269.0)
51        -5.8406e+01    (398.0,-9.0,-21.0,269.0)
52        -5.8456e+01    (398.0,-9.0,-21.0,268.0)
53        -5.8444e+01    (398.0,-9.0,-22.0,268.0)
54        -5.8440e+01    (399.0,-9.0,-22.0,268.0)
55        -5.8469e+01    (399.0,-9.0,-21.0,268.0)
56        -5.8543e+01    (399.0,-8.0,-21.0,268.0)
57        -5.8495e+01    (398.0,-8.0,-21.0,268.0)
58        -5.8479e+01    (398.0,-8.0,-21.0,269.0)
59        -5.8547e+01    (398.0,-8.0,-21.0,270.0)
60        -5.8458e+01    (398.0,-9.0,-21.0,270.0)
61        -5.8421e+01    (398.0,-9.0,-22.0,270.0)
62        -5.8519e+01    (398.0,-8.0,-22.0,270.0)
63        -5.8635e+01    (398.0,-8.0,-23.0,270.0)
64        -5.8556e+01    (398.0,-8.0,-23.0,269.0)
65        -5.8495e+01    (398.0,-9.0,-23.0,269.0)
66        -5.8416e+01    (399.0,-9.0,-23.0,269.0)
67        -5.8427e+01    (399.0,-9.0,-23.0,270.0)
68        -5.8562e+01    (398.0,-9.0,-23.0,270.0)
69        -5.8688e+01    (398.0,-10.0,-23.0,270.0)
70        -5.8586e+01    (398.0,-10.0,-22.0,270.0)
71        -5.8475e+01    (399.0,-10.0,-22.0,270.0)
72        -5.8455e+01    (399.0,-10.0,-22.0,269.0)
73        -5.8495e+01    (399.0,-10.0,-21.0,269.0)
74        -5.8526e+01    (399.0,-10.0,-21.0,270.0)
75        -5.8609e+01    (398.0,-10.0,-21.0,270.0)
76        -5.8532e+01    (398.0,-10.0,-21.0,269.0)
77        -5.8514e+01    (398.0,-10.0,-22.0,269.0)
78        -5.8523e+01    (398.0,-10.0,-22.0,268.0)
79        -5.8528e+01    (398.0,-10.0,-21.0,268.0)
80        -5.8565e+01    (398.0,-10.0,-21.0,267.0)
81        -5.8355e+01    (397.0,-10.0,-21.0,267.0)
82        -5.8100e+01    (397.0,-10.0,-21.0,266.0)
83        -5.7717e+01    (396.0,-10.0,-21.0,266.0)
84        -5.7360e+01    (396.0,-10.0,-21.0,265.0)
85        -5.7134e+01    (396.0,-9.0,-21.0,265.0)
86        -5.6870e+01    (396.0,-9.0,-21.0,264.0)
87        -5.6795e+01    (396.0,-9.0,-22.0,264.0)
88        -5.6758e+01    (396.0,-9.0,-22.0,263.0)
89        -5.6825e+01    (396.0,-9.0,-21.0,263.0)
90        -5.6887e+01    (395.0,-9.0,-21.0,263.0)
91        -5.6846e+01    (395.0,-9.0,-22.0,263.0)
92        -5.6914e+01    (395.0,-9.0,-22.0,264.0)
93        -5.6961e+01    (395.0,-9.0,-21.0,264.0)
94        -5.7069e+01    (395.0,-8.0,-21.0,264.0)
95        -5.6984e+01    (395.0,-8.0,-21.0,263.0)
96        -5.6953e+01    (395.0,-8.0,-22.0,263.0)
97        -5.6919e+01    (396.0,-8.0,-22.0,263.0)
98        -5.6971e+01    (396.0,-8.0,-21.0,263.0)
99        -5.7032e+01    (396.0,-8.0,-21.0,264.0)
100       -5.6974e+01    (396.0,-8.0,-22.0,264.0)
101       -5.7033e+01    (395.0,-8.0,-22.0,264.0)
102       -5.7170e+01    (395.0,-8.0,-23.0,264.0)
103       -5.7078e+01    (395.0,-8.0,-23.0,263.0)
104       -5.6997e+01    (395.0,-9.0,-23.0,263.0)
105       -5.6977e+01    (396.0,-9.0,-23.0,263.0)
106       -5.7037e+01    (396.0,-9.0,-23.0,264.0)
107       -5.7081e+01    (395.0,-9.0,-23.0,264.0)
108       -5.7232e+01    (395.0,-10.0,-23.0,264.0)
109       -5.7111e+01    (395.0,-10.0,-22.0,264.0)
110       -5.7024e+01    (395.0,-10.0,-22.0,263.0)
111       -5.7020e+01    (396.0,-10.0,-22.0,263.0)
112       -5.7064e+01    (396.0,-10.0,-21.0,263.0)
113       -5.7050e+01    (395.0,-10.0,-21.0,263.0)
114       -5.7054e+01    (395.0,-10.0,-21.0,262.0)
115       -5.6947e+01    (395.0,-9.0,-21.0,262.0)
116       -5.6924e+01    (395.0,-9.0,-22.0,262.0)
117       -5.6937e+01    (396.0,-9.0,-22.0,262.0)
118       -5.6976e+01    (396.0,-9.0,-21.0,262.0)
119       -5.7069e+01    (396.0,-8.0,-21.0,262.0)
120       -5.7008e+01    (395.0,-8.0,-21.0,262.0)
121       -5.6992e+01    (395.0,-8.0,-22.0,262.0)
122       -5.7039e+01    (396.0,-8.0,-22.0,262.0)
123       -5.7160e+01    (396.0,-8.0,-23.0,262.0)
124       -5.7077e+01    (395.0,-8.0,-23.0,262.0)
125       -5.7026e+01    (395.0,-9.0,-23.0,262.0)
126       -5.7083e+01    (396.0,-9.0,-23.0,262.0)
127       -5.7214e+01    (396.0,-10.0,-23.0,262.0)
128       -5.7108e+01    (396.0,-10.0,-22.0,262.0)
129       -5.7041e+01    (395.0,-10.0,-22.0,262.0)
130       -5.7117e+01    (395.0,-10.0,-23.0,262.0)
131       -5.7135e+01    (395.0,-10.0,-23.0,263.0)
132       -5.7178e+01    (396.0,-10.0,-23.0,263.0)
133       -5.7259e+01    (396.0,-10.0,-23.0,264.0)
134       -5.7085e+01    (396.0,-10.0,-22.0,264.0)
135       -5.7135e+01    (396.0,-10.0,-21.0,264.0)
136       -5.7141e+01    (395.0,-10.0,-21.0,264.0)
137       -5.7309e+01    (395.0,-10.0,-20.0,264.0)
138       -5.7201e+01    (395.0,-10.0,-20.0,263.0)
139       -5.7105e+01    (395.0,-9.0,-20.0,263.0)
140       -5.7084e+01    (395.0,-9.0,-20.0,262.0)
141       -5.7114e+01    (395.0,-9.0,-20.0,261.0)
142       -5.6977e+01    (394.0,-9.0,-20.0,261.0)
143       -5.6778e+01    (394.0,-9.0,-20.0,260.0)
144       -5.6449e+01    (393.0,-9.0,-20.0,260.0)
145       -5.6120e+01    (393.0,-9.0,-20.0,259.0)
146       -5.5852e+01    (393.0,-9.0,-21.0,259.0)
147       -5.5539e+01    (393.0,-9.0,-21.0,258.0)
148       -5.5434e+01    (393.0,-9.0,-21.0,257.0)
149       -5.5366e+01    (393.0,-9.0,-22.0,257.0)
150       -5.5349e+01    (392.0,-9.0,-22.0,257.0)
151       -5.5401e+01    (392.0,-9.0,-21.0,257.0)
152       -5.5453e+01    (392.0,-9.0,-21.0,256.0)
153       -5.5417e+01    (392.0,-9.0,-22.0,256.0)
154       -5.5484e+01    (393.0,-9.0,-22.0,256.0)
155       -5.5531e+01    (393.0,-9.0,-21.0,256.0)
156       -5.5638e+01    (393.0,-8.0,-21.0,256.0)
157       -5.5538e+01    (392.0,-8.0,-21.0,256.0)
158       -5.5511e+01    (392.0,-8.0,-22.0,256.0)
159       -5.5479e+01    (392.0,-8.0,-22.0,257.0)
160       -5.5520e+01    (392.0,-8.0,-21.0,257.0)
161       -5.5584e+01    (393.0,-8.0,-21.0,257.0)
162       -5.5530e+01    (393.0,-8.0,-22.0,257.0)
163       -5.5602e+01    (393.0,-8.0,-22.0,256.0)
164       -5.5739e+01    (393.0,-8.0,-23.0,256.0)
165       -5.5623e+01    (392.0,-8.0,-23.0,256.0)
166       -5.5553e+01    (392.0,-9.0,-23.0,256.0)
167       -5.5530e+01    (392.0,-9.0,-23.0,257.0)
168       -5.5590e+01    (393.0,-9.0,-23.0,257.0)
169       -5.5650e+01    (393.0,-9.0,-23.0,256.0)
170       -5.5800e+01    (393.0,-10.0,-23.0,256.0)
171       -5.5674e+01    (392.0,-10.0,-23.0,256.0)
172       -5.5575e+01    (392.0,-10.0,-22.0,256.0)
173       -5.5564e+01    (392.0,-10.0,-22.0,257.0)
174       -5.5598e+01    (392.0,-10.0,-21.0,257.0)
175       -5.5597e+01    (392.0,-10.0,-21.0,256.0)
176       -5.5679e+01    (392.0,-10.0,-21.0,255.0)
177       -5.5622e+01    (392.0,-9.0,-21.0,255.0)
178       -5.5615e+01    (392.0,-9.0,-22.0,255.0)
179       -5.5648e+01    (392.0,-8.0,-22.0,255.0)
180       -5.5640e+01    (391.0,-8.0,-22.0,255.0)
181       -5.5462e+01    (391.0,-8.0,-22.0,254.0)
182       -5.5122e+01    (390.0,-8.0,-22.0,254.0)
183       -5.4678e+01    (390.0,-8.0,-22.0,253.0)
184       -5.4353e+01    (390.0,-8.0,-22.0,252.0)
185       -5.4197e+01    (390.0,-8.0,-22.0,251.0)
186       -5.4036e+01    (390.0,-9.0,-22.0,251.0)
187       -5.3895e+01    (389.0,-9.0,-22.0,251.0)
188       -5.3936e+01    (389.0,-9.0,-22.0,250.0)
189       -5.3983e+01    (389.0,-9.0,-21.0,250.0)
190       -5.3957e+01    (389.0,-9.0,-21.0,251.0)
191       -5.4094e+01    (389.0,-8.0,-21.0,251.0)
192       -5.4045e+01    (389.0,-8.0,-22.0,251.0)
193       -5.4056e+01    (389.0,-8.0,-22.0,250.0)
194       -5.4092e+01    (389.0,-8.0,-21.0,250.0)
195       -5.4211e+01    (389.0,-8.0,-21.0,249.0)
196       -5.4158e+01    (389.0,-9.0,-21.0,249.0)
197       -5.4140e+01    (389.0,-9.0,-22.0,249.0)
198       -5.4198e+01    (389.0,-8.0,-22.0,249.0)
199       -5.4269e+01    (388.0,-8.0,-22.0,249.0)
200       -5.4150e+01    (388.0,-8.0,-22.0,248.0)
201       -5.3893e+01    (387.0,-8.0,-22.0,248.0)
202       -5.3457e+01    (387.0,-8.0,-22.0,247.0)
203       -5.3114e+01    (387.0,-8.0,-22.0,246.0)
204       -5.2863e+01    (386.0,-8.0,-22.0,246.0)
205       -5.2658e+01    (386.0,-8.0,-22.0,245.0)
206       -5.2493e+01    (386.0,-9.0,-22.0,245.0)
207       -5.2491e+01    (386.0,-9.0,-22.0,244.0)
208       -5.2549e+01    (386.0,-9.0,-21.0,244.0)
209       -5.2562e+01    (386.0,-9.0,-21.0,245.0)
210       -5.2712e+01    (386.0,-8.0,-21.0,245.0)
211       -5.2679e+01    (386.0,-8.0,-21.0,244.0)
212       -5.2633e+01    (386.0,-8.0,-22.0,244.0)
213       -5.2765e+01    (386.0,-8.0,-22.0,243.0)
214       -5.2681e+01    (386.0,-9.0,-22.0,243.0)
215       -5.2712e+01    (386.0,-9.0,-21.0,243.0)
216       -5.2788e+01    (386.0,-8.0,-21.0,243.0)
217       -5.2886e+01    (385.0,-8.0,-21.0,243.0)
218       -5.2818e+01    (385.0,-8.0,-21.0,242.0)
219       -5.2658e+01    (384.0,-8.0,-21.0,242.0)
220       -5.2272e+01    (384.0,-8.0,-21.0,241.0)
221       -5.1944e+01    (384.0,-8.0,-21.0,240.0)
222       -5.1625e+01    (383.0,-8.0,-21.0,240.0)
223       -5.1379e+01    (383.0,-8.0,-21.0,239.0)
224       -5.1222e+01    (383.0,-9.0,-21.0,239.0)
225       -5.1150e+01    (383.0,-9.0,-22.0,239.0)
226       -5.1092e+01    (383.0,-9.0,-22.0,238.0)
227       -5.1158e+01    (383.0,-9.0,-21.0,238.0)
228       -5.1293e+01    (383.0,-9.0,-21.0,237.0)
229       -5.1250e+01    (383.0,-9.0,-22.0,237.0)
230       -5.1359e+01    (383.0,-8.0,-22.0,237.0)
231       -5.1253e+01    (383.0,-8.0,-22.0,238.0)
232       -5.1305e+01    (383.0,-8.0,-21.0,238.0)
233       -5.1392e+01    (383.0,-8.0,-21.0,237.0)
234       -5.1513e+01    (382.0,-8.0,-21.0,237.0)
235       -5.1486e+01    (382.0,-9.0,-21.0,237.0)
236       -5.1481e+01    (382.0,-9.0,-22.0,237.0)
237       -5.1492e+01    (382.0,-9.0,-22.0,236.0)
238       -5.1476e+01    (381.0,-9.0,-22.0,236.0)
239       -5.1043e+01    (381.0,-9.0,-22.0,235.0)
240       -5.0658e+01    (381.0,-9.0,-22.0,234.0)
241       -5.0221e+01    (380.0,-9.0,-22.0,234.0)
242       -4.9868e+01    (380.0,-9.0,-22.0,233.0)
243       -4.9746e+01    (380.0,-9.0,-22.0,232.0)
244       -4.9819e+01    (380.0,-9.0,-21.0,232.0)
245       -4.9911e+01    (380.0,-9.0,-21.0,231.0)
246       -4.9858e+01    (380.0,-9.0,-22.0,231.0)
247       -4.9989e+01    (380.0,-8.0,-22.0,231.0)
248       -4.9920e+01    (380.0,-8.0,-22.0,232.0)
249       -4.9977e+01    (380.0,-8.0,-21.0,232.0)
250       -5.0030e+01    (380.0,-8.0,-21.0,231.0)
251       -5.0147e+01    (379.0,-8.0,-21.0,231.0)
252       -5.0099e+01    (379.0,-9.0,-21.0,231.0)
253       -5.0082e+01    (379.0,-9.0,-22.0,231.0)
254       -5.0100e+01    (379.0,-9.0,-22.0,232.0)
255       -5.0125e+01    (379.0,-9.0,-21.0,232.0)
256       -5.0191e+01    (379.0,-8.0,-21.0,232.0)
257       -5.0172e+01    (379.0,-8.0,-22.0,232.0)
258       -5.0136e+01    (379.0,-8.0,-22.0,231.0)
259       -5.0161e+01    (379.0,-8.0,-22.0,230.0)
260       -5.0140e+01    (379.0,-9.0,-22.0,230.0)
261       -5.0141e+01    (379.0,-9.0,-21.0,230.0)
262       -5.0160e+01    (379.0,-8.0,-21.0,230.0)
263       -5.0193e+01    (379.0,-8.0,-20.0,230.0)
264       -5.0136e+01    (378.0,-8.0,-20.0,230.0)
265       -4.9909e+01    (378.0,-8.0,-20.0,229.0)
266       -4.9688e+01    (377.0,-8.0,-20.0,229.0)
267       -4.9381e+01    (377.0,-8.0,-20.0,228.0)
268       -4.9140e+01    (377.0,-8.0,-20.0,227.0)
269       -4.8867e+01    (377.0,-8.0,-21.0,227.0)
270       -4.8699e+01    (377.0,-8.0,-21.0,226.0)
271       -4.8535e+01    (377.0,-9.0,-21.0,226.0)
272       -4.8460e+01    (377.0,-9.0,-22.0,226.0)
273       -4.8513e+01    (377.0,-9.0,-22.0,225.0)
274       -4.8574e+01    (377.0,-9.0,-21.0,225.0)
275       -4.8709e+01    (377.0,-8.0,-21.0,225.0)
276       -4.8662e+01    (377.0,-8.0,-22.0,225.0)
277       -4.8639e+01    (377.0,-8.0,-22.0,226.0)
278       -4.8812e+01    (376.0,-8.0,-22.0,226.0)
279       -4.8716e+01    (376.0,-9.0,-22.0,226.0)
280       -4.8694e+01    (376.0,-9.0,-22.0,225.0)
281       -4.8723e+01    (376.0,-9.0,-21.0,225.0)
282       -4.8752e+01    (376.0,-9.0,-21.0,226.0)
283       -4.8840e+01    (376.0,-8.0,-21.0,226.0)
284       -4.8795e+01    (376.0,-8.0,-21.0,225.0)
285       -4.8774e+01    (376.0,-8.0,-22.0,225.0)
286       -4.8825e+01    (376.0,-8.0,-22.0,224.0)
287       -4.8783e+01    (376.0,-9.0,-22.0,224.0)
288       -4.8767e+01    (377.0,-9.0,-22.0,224.0)
289       -4.8796e+01    (377.0,-9.0,-21.0,224.0)
290       -4.8794e+01    (376.0,-9.0,-21.0,224.0)
291       -4.8831e+01    (376.0,-8.0,-21.0,224.0)
292       -4.8869e+01    (377.0,-8.0,-21.0,224.0)
293       -4.8847e+01    (377.0,-8.0,-22.0,224.0)
294       -4.8945e+01    (377.0,-8.0,-23.0,224.0)
295       -4.8830e+01    (377.0,-8.0,-23.0,225.0)
296       -4.8718e+01    (377.0,-9.0,-23.0,225.0)
297       -4.8703e+01    (377.0,-9.0,-23.0,226.0)
298       -4.8839e+01    (377.0,-8.0,-23.0,226.0)
299       -4.8927e+01    (376.0,-8.0,-23.0,226.0)
300       -4.8854e+01    (376.0,-9.0,-23.0,226.0)
301       -4.8811e+01    (376.0,-9.0,-23.0,225.0)
302       -4.8852e+01    (376.0,-9.0,-23.0,224.0)
303       -4.8883e+01    (376.0,-8.0,-23.0,224.0)
304       -4.8871e+01    (376.0,-8.0,-23.0,225.0)
305       -4.9059e+01    (376.0,-8.0,-24.0,225.0)
306       -4.8992e+01    (376.0,-8.0,-24.0,224.0)
307       -4.8902e+01    (375.0,-8.0,-24.0,224.0)
308       -4.8746e+01    (375.0,-8.0,-24.0,223.0)
309       -4.8555e+01    (374.0,-8.0,-24.0,223.0)
310       -4.8339e+01    (374.0,-8.0,-24.0,222.0)
311       -4.8134e+01    (374.0,-8.0,-23.0,222.0)
312       -4.7809e+01    (374.0,-8.0,-23.0,221.0)
313       -4.7612e+01    (374.0,-8.0,-23.0,220.0)
314       -4.7413e+01    (374.0,-8.0,-22.0,220.0)
315       -4.7235e+01    (374.0,-9.0,-22.0,220.0)
316       -4.7224e+01    (374.0,-9.0,-22.0,219.0)
317       -4.7290e+01    (374.0,-9.0,-21.0,219.0)
318       -4.7310e+01    (374.0,-9.0,-21.0,220.0)
319       -4.7418e+01    (373.0,-9.0,-21.0,220.0)
320       -4.7369e+01    (373.0,-9.0,-21.0,219.0)
321       -4.7328e+01    (373.0,-9.0,-22.0,219.0)
322       -4.7372e+01    (373.0,-9.0,-22.0,220.0)
323       -4.7490e+01    (373.0,-8.0,-22.0,220.0)
324       -4.7434e+01    (373.0,-8.0,-22.0,219.0)
325       -4.7384e+01    (374.0,-8.0,-22.0,219.0)
326       -4.7435e+01    (374.0,-8.0,-21.0,219.0)
327       -4.7465e+01    (373.0,-8.0,-21.0,219.0)
328       -4.7511e+01    (373.0,-8.0,-21.0,218.0)
329       -4.7450e+01    (373.0,-9.0,-21.0,218.0)
330       -4.7428e+01    (373.0,-9.0,-22.0,218.0)
331       -4.7428e+01    (374.0,-9.0,-22.0,218.0)
332       -4.7467e+01    (374.0,-9.0,-21.0,218.0)
333       -4.7559e+01    (374.0,-8.0,-21.0,218.0)
334       -4.7529e+01    (374.0,-8.0,-22.0,218.0)
335       -4.7494e+01    (373.0,-8.0,-22.0,218.0)
336       -4.7578e+01    (373.0,-8.0,-23.0,218.0)
337       -4.7528e+01    (373.0,-9.0,-23.0,218.0)
338       -4.7478e+01    (373.0,-9.0,-23.0,219.0)
339       -4.7442e+01    (374.0,-9.0,-23.0,219.0)
340       -4.7477e+01    (374.0,-9.0,-23.0,220.0)
341       -4.7537e+01    (373.0,-9.0,-23.0,220.0)
342       -4.7626e+01    (373.0,-8.0,-23.0,220.0)
343       -4.7557e+01    (373.0,-8.0,-23.0,219.0)
344       -4.7563e+01    (374.0,-8.0,-23.0,219.0)
345       -4.7648e+01    (374.0,-8.0,-23.0,218.0)
346       -4.7572e+01    (374.0,-9.0,-23.0,218.0)
347       -4.7703e+01    (374.0,-10.0,-23.0,218.0)
348       -4.7597e+01    (374.0,-10.0,-22.0,218.0)
349       -4.7485e+01    (374.0,-10.0,-22.0,219.0)
350       -4.7504e+01    (373.0,-10.0,-22.0,219.0)
351       -4.7530e+01    (373.0,-10.0,-21.0,219.0)
352       -4.7529e+01    (374.0,-10.0,-21.0,219.0)
353       -4.7575e+01    (374.0,-10.0,-21.0,220.0)
354       -4.7525e+01    (374.0,-10.0,-22.0,220.0)
355       -4.7567e+01    (373.0,-10.0,-22.0,220.0)
356       -4.7597e+01    (373.0,-10.0,-21.0,220.0)
357       -4.7764e+01    (373.0,-10.0,-20.0,220.0)
358       -4.7658e+01    (373.0,-9.0,-20.0,220.0)
359       -4.7583e+01    (373.0,-9.0,-20.0,219.0)
360       -4.7584e+01    (373.0,-9.0,-20.0,218.0)
361       -4.7617e+01    (373.0,-8.0,-20.0,218.0)
362       -4.7637e+01    (373.0,-8.0,-20.0,219.0)
363       -4.7698e+01    (374.0,-8.0,-20.0,219.0)
364       -4.7616e+01    (374.0,-9.0,-20.0,219.0)
365       -4.7672e+01    (374.0,-9.0,-20.0,218.0)
366       -4.7724e+01    (374.0,-8.0,-20.0,218.0)
367       -4.7809e+01    (374.0,-8.0,-20.0,217.0)
368       -4.7638e+01    (373.0,-8.0,-20.0,217.0)
369       -4.7498e+01    (372.0,-8.0,-20.0,217.0)
370       -4.7332e+01    (372.0,-8.0,-20.0,216.0)
371       -4.7038e+01    (371.0,-8.0,-20.0,216.0)
372       -4.6768e+01    (371.0,-8.0,-20.0,215.0)
373       -4.6550e+01    (371.0,-8.0,-21.0,215.0)
374       -4.6296e+01    (371.0,-8.0,-21.0,214.0)
375       -4.6142e+01    (371.0,-9.0,-21.0,214.0)
376       -4.6062e+01    (371.0,-9.0,-21.0,213.0)
377       -4.5994e+01    (371.0,-9.0,-22.0,213.0)
378       -4.5995e+01    (370.0,-9.0,-22.0,213.0)
379       -4.6047e+01    (370.0,-9.0,-21.0,213.0)
380       -4.6122e+01    (370.0,-9.0,-21.0,212.0)
381       -4.6087e+01    (370.0,-9.0,-22.0,212.0)
382       -4.6138e+01    (371.0,-9.0,-22.0,212.0)
383       -4.6184e+01    (371.0,-9.0,-21.0,212.0)
384       -4.6291e+01    (371.0,-8.0,-21.0,212.0)
385       -4.6205e+01    (370.0,-8.0,-21.0,212.0)
386       -4.6164e+01    (370.0,-8.0,-21.0,213.0)
387       -4.6124e+01    (370.0,-8.0,-22.0,213.0)
388       -4.6158e+01    (371.0,-8.0,-22.0,213.0)
389       -4.6212e+01    (371.0,-8.0,-21.0,213.0)
390       -4.6482e+01    (371.0,-8.0,-20.0,213.0)
391       -4.6377e+01    (370.0,-8.0,-20.0,213.0)
392       -4.6310e+01    (370.0,-9.0,-20.0,213.0)
393       -4.6309e+01    (370.0,-9.0,-20.0,212.0)
394       -4.6356e+01    (370.0,-8.0,-20.0,212.0)
395       -4.6389e+01    (370.0,-8.0,-20.0,211.0)
396       -4.6301e+01    (369.0,-8.0,-20.0,211.0)
397       -4.6167e+01    (369.0,-8.0,-20.0,210.0)
398       -4.5904e+01    (368.0,-8.0,-20.0,210.0)
399       -4.5632e+01    (368.0,-8.0,-20.0,209.0)
400       -4.5423e+01    (368.0,-8.0,-20.0,208.0)
401       -4.5169e+01    (368.0,-8.0,-21.0,208.0)
402       -4.5028e+01    (368.0,-9.0,-21.0,208.0)
403       -4.4893e+01    (368.0,-9.0,-21.0,207.0)
404       -4.4766e+01    (367.0,-9.0,-21.0,207.0)
405       -4.4705e+01    (367.0,-9.0,-22.0,207.0)
406       -4.4771e+01    (367.0,-9.0,-22.0,206.0)
407       -4.4817e+01    (367.0,-9.0,-21.0,206.0)
408       -4.4924e+01    (367.0,-8.0,-21.0,206.0)
409       -4.4888e+01    (367.0,-8.0,-22.0,206.0)
410       -4.4854e+01    (367.0,-8.0,-22.0,207.0)
411       -4.4902e+01    (367.0,-8.0,-21.0,207.0)
412       -4.5029e+01    (367.0,-8.0,-21.0,208.0)
413       -4.4899e+01    (367.0,-9.0,-21.0,208.0)
414       -4.4840e+01    (367.0,-9.0,-22.0,208.0)
415       -4.4965e+01    (368.0,-9.0,-22.0,208.0)
416       -4.4827e+01    (368.0,-9.0,-22.0,207.0)
417       -4.4905e+01    (368.0,-9.0,-22.0,206.0)
418       -4.4956e+01    (368.0,-9.0,-21.0,206.0)
419       -4.5071e+01    (368.0,-8.0,-21.0,206.0)
420       -4.5032e+01    (368.0,-8.0,-22.0,206.0)
421       -4.4988e+01    (368.0,-8.0,-22.0,207.0)
422       -4.5040e+01    (368.0,-8.0,-21.0,207.0)
423       -4.5305e+01    (368.0,-8.0,-20.0,207.0)
424       -4.5148e+01    (367.0,-8.0,-20.0,207.0)
425       -4.5071e+01    (367.0,-9.0,-20.0,207.0)
426       -4.5057e+01    (367.0,-9.0,-20.0,206.0)
427       -4.5117e+01    (367.0,-8.0,-20.0,206.0)
428       -4.5156e+01    (367.0,-8.0,-20.0,205.0)
429       -4.5065e+01    (367.0,-8.0,-21.0,205.0)
430       -4.5014e+01    (367.0,-9.0,-21.0,205.0)
431       -4.4997e+01    (367.0,-9.0,-22.0,205.0)
432       -4.5053e+01    (367.0,-8.0,-22.0,205.0)
433       -4.5126e+01    (367.0,-8.0,-23.0,205.0)
434       -4.5025e+01    (367.0,-8.0,-23.0,206.0)
435       -4.4936e+01    (367.0,-9.0,-23.0,206.0)
436       -4.4910e+01    (367.0,-9.0,-23.0,207.0)
437       -4.5023e+01    (367.0,-8.0,-23.0,207.0)
438       -4.5147e+01    (367.0,-8.0,-23.0,208.0)
439       -4.4984e+01    (367.0,-8.0,-22.0,208.0)
440       -4.5119e+01    (368.0,-8.0,-22.0,208.0)
441       -4.5294e+01    (368.0,-8.0,-23.0,208.0)
442       -4.5169e+01    (368.0,-8.0,-23.0,207.0)
443       -4.5047e+01    (368.0,-9.0,-23.0,207.0)
444       -4.5082e+01    (368.0,-9.0,-23.0,206.0)
445       -4.5178e+01    (368.0,-8.0,-23.0,206.0)
446       -4.5295e+01    (368.0,-8.0,-23.0,205.0)
447       -4.5217e+01    (368.0,-8.0,-22.0,205.0)
448       -4.5156e+01    (368.0,-9.0,-22.0,205.0)
449       -4.5176e+01    (368.0,-9.0,-21.0,205.0)
450       -4.5231e+01    (368.0,-8.0,-21.0,205.0)
451       -4.5329e+01    (368.0,-8.0,-20.0,205.0)
452       -4.5280e+01    (368.0,-8.0,-20.0,206.0)
453       -4.5215e+01    (368.0,-9.0,-20.0,206.0)
454       -4.5222e+01    (368.0,-9.0,-20.0,207.0)
455       -4.5344e+01    (368.0,-9.0,-20.0,208.0)
456       -4.5191e+01    (367.0,-9.0,-20.0,208.0)
457       -4.5265e+01    (367.0,-8.0,-20.0,208.0)
458       -4.5419e+01    (366.0,-8.0,-20.0,208.0)
459       -4.5315e+01    (366.0,-8.0,-20.0,207.0)
460       -4.5212e+01    (366.0,-8.0,-20.0,206.0)
461       -4.5111e+01    (366.0,-8.0,-20.0,205.0)
462       -4.5009e+01    (366.0,-8.0,-20.0,204.0)
463       -4.4790e+01    (365.0,-8.0,-20.0,204.0)
464       -4.4523e+01    (365.0,-8.0,-20.0,203.0)
465       -4.4306e+01    (365.0,-8.0,-20.0,202.0)
466       -4.4085e+01    (365.0,-8.0,-21.0,202.0)
467       -4.3856e+01    (364.0,-8.0,-21.0,202.0)
468       -4.3684e+01    (364.0,-8.0,-21.0,201.0)
469       -4.3534e+01    (364.0,-9.0,-21.0,201.0)
470       -4.3466e+01    (364.0,-9.0,-22.0,201.0)
471       -4.3489e+01    (364.0,-9.0,-22.0,200.0)
472       -4.3547e+01    (364.0,-9.0,-21.0,200.0)
473       -4.3675e+01    (364.0,-8.0,-21.0,200.0)
474       -4.3630e+01    (364.0,-8.0,-22.0,200.0)
475       -4.3630e+01    (364.0,-8.0,-22.0,201.0)
476       -4.3809e+01    (364.0,-8.0,-22.0,202.0)
477       -4.3664e+01    (364.0,-9.0,-22.0,202.0)
478       -4.3723e+01    (364.0,-9.0,-21.0,202.0)
479       -4.3942e+01    (364.0,-10.0,-21.0,202.0)
480       -4.3779e+01    (364.0,-10.0,-21.0,201.0)
481       -4.3734e+01    (364.0,-10.0,-22.0,201.0)
482       -4.3721e+01    (364.0,-10.0,-22.0,200.0)
483       -4.3758e+01    (364.0,-10.0,-21.0,200.0)
484       -4.3861e+01    (364.0,-10.0,-21.0,199.0)
485       -4.3733e+01    (364.0,-9.0,-21.0,199.0)
486       -4.3703e+01    (364.0,-9.0,-22.0,199.0)
487       -4.3785e+01    (364.0,-8.0,-22.0,199.0)
488       -4.3807e+01    (364.0,-8.0,-21.0,199.0)
489       -4.3914e+01    (363.0,-8.0,-21.0,199.0)
490       -4.3865e+01    (363.0,-8.0,-21.0,198.0)
491       -4.3710e+01    (362.0,-8.0,-21.0,198.0)
492       -4.3344e+01    (362.0,-8.0,-21.0,197.0)
493       -4.3039e+01    (362.0,-8.0,-21.0,196.0)
494       -4.2734e+01    (361.0,-8.0,-21.0,196.0)
495       -4.2514e+01    (361.0,-8.0,-21.0,195.0)
496       -4.2357e+01    (361.0,-9.0,-21.0,195.0)
497       -4.2285e+01    (361.0,-9.0,-22.0,195.0)
498       -4.2253e+01    (361.0,-9.0,-22.0,194.0)
499       -4.2319e+01    (361.0,-9.0,-21.0,194.0)
500       -4.2465e+01    (361.0,-8.0,-21.0,194.0)
501       -4.2413e+01    (361.0,-8.0,-22.0,194.0)
502       -4.2457e+01    (361.0,-8.0,-22.0,195.0)
503       -4.2650e+01    (361.0,-8.0,-23.0,195.0)
504       -4.2519e+01    (361.0,-9.0,-23.0,195.0)
505       -4.2472e+01    (361.0,-9.0,-23.0,194.0)
506       -4.2589e+01    (361.0,-9.0,-23.0,193.0)
507       -4.2436e+01    (361.0,-9.0,-22.0,193.0)
508       -4.2478e+01    (361.0,-9.0,-21.0,193.0)
509       -4.2576e+01    (361.0,-8.0,-21.0,193.0)
510       -4.2544e+01    (361.0,-8.0,-22.0,193.0)
511       -4.2670e+01    (361.0,-8.0,-23.0,193.0)
512       -4.2593e+01    (361.0,-8.0,-23.0,194.0)
513       -4.2796e+01    (360.0,-8.0,-23.0,194.0)
514       -4.2735e+01    (360.0,-8.0,-22.0,194.0)
515       -4.2691e+01    (360.0,-9.0,-22.0,194.0)
516       -4.2677e+01    (360.0,-9.0,-22.0,193.0)
517       -4.2682e+01    (360.0,-9.0,-21.0,193.0)
518       -4.2700e+01    (360.0,-9.0,-21.0,192.0)
519       -4.2673e+01    (359.0,-9.0,-21.0,192.0)
520       -4.2287e+01    (359.0,-9.0,-21.0,191.0)
521       -4.1946e+01    (359.0,-9.0,-21.0,190.0)
522       -4.1545e+01    (358.0,-9.0,-21.0,190.0)
523       -4.1238e+01    (358.0,-9.0,-21.0,189.0)
524       -4.1143e+01    (358.0,-9.0,-21.0,188.0)
525       -4.1070e+01    (358.0,-9.0,-22.0,188.0)
526       -4.1166e+01    (358.0,-9.0,-22.0,189.0)
527       -4.1339e+01    (358.0,-8.0,-22.0,189.0)
528       -4.1243e+01    (358.0,-8.0,-22.0,188.0)
529       -4.1300e+01    (358.0,-8.0,-21.0,188.0)
530       -4.1378e+01    (358.0,-8.0,-21.0,187.0)
531       -4.1260e+01    (358.0,-9.0,-21.0,187.0)
532       -4.1208e+01    (358.0,-9.0,-22.0,187.0)
533       -4.1337e+01    (358.0,-8.0,-22.0,187.0)
534       -4.1486e+01    (358.0,-8.0,-23.0,187.0)
535       -4.1388e+01    (358.0,-9.0,-23.0,187.0)
536       -4.1306e+01    (358.0,-9.0,-23.0,188.0)
537       -4.1401e+01    (358.0,-9.0,-23.0,189.0)
538       -4.1532e+01    (358.0,-8.0,-23.0,189.0)
539       -4.1437e+01    (358.0,-8.0,-23.0,188.0)
540       -4.1599e+01    (357.0,-8.0,-23.0,188.0)
541       -4.1511e+01    (357.0,-8.0,-22.0,188.0)
542       -4.1441e+01    (357.0,-9.0,-22.0,188.0)
543       -4.1444e+01    (357.0,-9.0,-22.0,187.0)
544       -4.1460e+01    (357.0,-9.0,-21.0,187.0)
545       -4.1465e+01    (357.0,-9.0,-21.0,188.0)
546       -4.1529e+01    (357.0,-8.0,-21.0,188.0)
547       -4.1507e+01    (357.0,-8.0,-21.0,187.0)
548       -4.1496e+01    (357.0,-8.0,-22.0,187.0)
549       -4.1542e+01    (357.0,-8.0,-22.0,186.0)
550       -4.1522e+01    (357.0,-9.0,-22.0,186.0)
551       -4.1521e+01    (358.0,-9.0,-22.0,186.0)
552       -4.1537e+01    (358.0,-9.0,-21.0,186.0)
553       -4.1523e+01    (357.0,-9.0,-21.0,186.0)
554       -4.1541e+01    (357.0,-8.0,-21.0,186.0)
555       -4.1571e+01    (357.0,-8.0,-20.0,186.0)
556       -4.1522e+01    (356.0,-8.0,-20.0,186.0)
557       -4.1316e+01    (356.0,-8.0,-20.0,185.0)
558       -4.1104e+01    (355.0,-8.0,-20.0,185.0)
559       -4.0820e+01    (355.0,-8.0,-20.0,184.0)
560       -4.0602e+01    (355.0,-8.0,-20.0,183.0)
561       -4.0328e+01    (355.0,-8.0,-21.0,183.0)
562       -4.0177e+01    (355.0,-9.0,-21.0,183.0)
563       -4.0022e+01    (355.0,-9.0,-21.0,182.0)
564       -3.9946e+01    (355.0,-9.0,-22.0,182.0)
565       -4.0026e+01    (355.0,-9.0,-22.0,181.0)
566       -4.0087e+01    (355.0,-9.0,-21.0,181.0)
567       -4.0221e+01    (355.0,-8.0,-21.0,181.0)
568       -4.0174e+01    (355.0,-8.0,-22.0,181.0)
569       -4.0126e+01    (355.0,-8.0,-22.0,182.0)
570       -4.0185e+01    (355.0,-8.0,-21.0,182.0)
571       -4.0343e+01    (354.0,-8.0,-21.0,182.0)
572       -4.0256e+01    (354.0,-9.0,-21.0,182.0)
573       -4.0221e+01    (354.0,-9.0,-22.0,182.0)
574       -4.0222e+01    (354.0,-9.0,-22.0,181.0)
575       -4.0250e+01    (354.0,-9.0,-21.0,181.0)
576       -4.0320e+01    (354.0,-8.0,-21.0,181.0)
577       -4.0300e+01    (354.0,-8.0,-22.0,181.0)
578       -4.0316e+01    (354.0,-8.0,-22.0,182.0)
579       -4.0429e+01    (354.0,-8.0,-23.0,182.0)
580       -4.0326e+01    (355.0,-8.0,-23.0,182.0)
581       -4.0190e+01    (355.0,-9.0,-23.0,182.0)
582       -4.0229e+01    (355.0,-9.0,-23.0,181.0)
583       -4.0337e+01    (354.0,-9.0,-23.0,181.0)
584       -4.0357e+01    (354.0,-9.0,-23.0,182.0)
585       -4.0477e+01    (354.0,-9.0,-23.0,183.0)
586       -4.0335e+01    (355.0,-9.0,-23.0,183.0)
587       -4.0108e+01    (355.0,-9.0,-22.0,183.0)
588       -4.0274e+01    (355.0,-8.0,-22.0,183.0)
589       -4.0438e+01    (354.0,-8.0,-22.0,183.0)
590       -4.0350e+01    (354.0,-9.0,-22.0,183.0)
591       -4.0382e+01    (354.0,-9.0,-21.0,183.0)
592       -4.0462e+01    (354.0,-8.0,-21.0,183.0)
593       -4.0605e+01    (354.0,-8.0,-20.0,183.0)
594       -4.0498e+01    (354.0,-8.0,-20.0,182.0)
595       -4.0447e+01    (354.0,-8.0,-20.0,181.0)
596       -4.0408e+01    (354.0,-9.0,-20.0,181.0)
597       -4.0388e+01    (355.0,-9.0,-20.0,181.0)
598       -4.0388e+01    (355.0,-9.0,-20.0,182.0)
599       -4.0450e+01    (354.0,-9.0,-20.0,182.0)
600       -4.0536e+01    (354.0,-10.0,-20.0,182.0)
601       -4.0403e+01    (354.0,-10.0,-21.0,182.0)
602       -4.0288e+01    (355.0,-10.0,-21.0,182.0)
603       -4.0238e+01    (355.0,-10.0,-22.0,182.0)
604       -4.0268e+01    (355.0,-10.0,-22.0,181.0)
605       -4.0308e+01    (355.0,-10.0,-21.0,181.0)
606       -4.0371e+01    (354.0,-10.0,-21.0,181.0)
607       -4.0355e+01    (354.0,-10.0,-22.0,181.0)
608       -4.0380e+01    (354.0,-10.0,-22.0,182.0)
609       -4.0480e+01    (354.0,-10.0,-23.0,182.0)
610       -4.0414e+01    (355.0,-10.0,-23.0,182.0)
611       -4.0415e+01    (355.0,-10.0,-23.0,181.0)
612       -4.0440e+01    (354.0,-10.0,-23.0,181.0)
613       -4.0457e+01    (354.0,-10.0,-23.0,180.0)
614       -4.0399e+01    (354.0,-9.0,-23.0,180.0)
615       -4.0331e+01    (354.0,-9.0,-22.0,180.0)
616       -4.0305e+01    (355.0,-9.0,-22.0,180.0)
617       -4.0333e+01    (355.0,-9.0,-21.0,180.0)
618       -4.0341e+01    (354.0,-9.0,-21.0,180.0)
619       -4.0378e+01    (354.0,-8.0,-21.0,180.0)
620       -4.0372e+01    (354.0,-8.0,-22.0,180.0)
621       -4.0383e+01    (355.0,-8.0,-22.0,180.0)
622       -4.0404e+01    (355.0,-8.0,-21.0,180.0)
623       -4.0532e+01    (355.0,-8.0,-20.0,180.0)
624       -4.0442e+01    (354.0,-8.0,-20.0,180.0)
625       -4.0423e+01    (354.0,-9.0,-20.0,180.0)
626       -4.0465e+01    (354.0,-10.0,-20.0,180.0)
627       -4.0410e+01    (354.0,-10.0,-21.0,180.0)
628       -4.0406e+01    (354.0,-10.0,-22.0,180.0)
629       -4.0439e+01    (355.0,-10.0,-22.0,180.0)
630       -4.0456e+01    (355.0,-10.0,-21.0,180.0)
631       -4.0566e+01    (355.0,-10.0,-20.0,180.0)
632       -4.0492e+01    (355.0,-9.0,-20.0,180.0)
633       -4.0655e+01    (355.0,-9.0,-20.0,179.0)
634       -4.0469e+01    (354.0,-9.0,-20.0,179.0)
635       -4.0275e+01    (353.0,-9.0,-20.0,179.0)
636       -4.0083e+01    (353.0,-9.0,-20.0,178.0)
637       -3.9754e+01    (352.0,-9.0,-20.0,178.0)
638       -3.9484e+01    (352.0,-9.0,-20.0,177.0)
639       -3.9172e+01    (352.0,-9.0,-21.0,177.0)
640       -3.8959e+01    (352.0,-9.0,-21.0,176.0)
641       -3.8884e+01    (352.0,-9.0,-22.0,176.0)
642       -3.8899e+01    (352.0,-9.0,-22.0,175.0)
643       -3.8965e+01    (352.0,-9.0,-21.0,175.0)
644       -3.9060e+01    (351.0,-9.0,-21.0,175.0)
645       -3.9021e+01    (351.0,-9.0,-22.0,175.0)
646       -3.9040e+01    (351.0,-9.0,-22.0,176.0)
647       -3.9086e+01    (351.0,-9.0,-21.0,176.0)
648       -3.9192e+01    (351.0,-8.0,-21.0,176.0)
649       -3.9122e+01    (352.0,-8.0,-21.0,176.0)
650       -3.9063e+01    (352.0,-8.0,-22.0,176.0)
651       -3.9059e+01    (352.0,-8.0,-22.0,175.0)
652       -3.9110e+01    (352.0,-8.0,-21.0,175.0)
653       -3.9155e+01    (351.0,-8.0,-21.0,175.0)
654       -3.9124e+01    (351.0,-8.0,-22.0,175.0)
655       -3.9157e+01    (351.0,-8.0,-22.0,176.0)
656       -3.9292e+01    (351.0,-8.0,-23.0,176.0)
657       -3.9204e+01    (351.0,-9.0,-23.0,176.0)
658       -3.9126e+01    (352.0,-9.0,-23.0,176.0)
659       -3.9117e+01    (352.0,-9.0,-23.0,175.0)
660       -3.9168e+01    (351.0,-9.0,-23.0,175.0)
661       -3.9241e+01    (351.0,-9.0,-23.0,174.0)
662       -3.9143e+01    (351.0,-9.0,-22.0,174.0)
663       -3.9129e+01    (352.0,-9.0,-22.0,174.0)
664       -3.9167e+01    (352.0,-9.0,-21.0,174.0)
665       -3.9164e+01    (351.0,-9.0,-21.0,174.0)
666       -3.9223e+01    (351.0,-8.0,-21.0,174.0)
667       -3.9207e+01    (351.0,-8.0,-22.0,174.0)
668       -3.9229e+01    (352.0,-8.0,-22.0,174.0)
669       -3.9258e+01    (352.0,-8.0,-21.0,174.0)
670       -3.9422e+01    (352.0,-8.0,-20.0,174.0)
671       -3.9327e+01    (351.0,-8.0,-20.0,174.0)
672       -3.9295e+01    (351.0,-9.0,-20.0,174.0)
673       -3.9272e+01    (351.0,-9.0,-20.0,175.0)
674       -3.9290e+01    (352.0,-9.0,-20.0,175.0)
675       -3.9324e+01    (352.0,-9.0,-20.0,176.0)
676       -3.9323e+01    (351.0,-9.0,-20.0,176.0)
677       -3.9383e+01    (351.0,-8.0,-20.0,176.0)
678       -3.9325e+01    (351.0,-8.0,-20.0,175.0)
679       -3.9373e+01    (352.0,-8.0,-20.0,175.0)
680       -3.9416e+01    (352.0,-8.0,-20.0,176.0)
681       -3.9563e+01    (352.0,-8.0,-20.0,177.0)
682       -3.9311e+01    (352.0,-8.0,-21.0,177.0)
683       -3.9262e+01    (352.0,-8.0,-22.0,177.0)
684       -3.9109e+01    (352.0,-9.0,-22.0,177.0)
685       -3.9218e+01    (351.0,-9.0,-22.0,177.0)
686       -3.9257e+01    (351.0,-9.0,-21.0,177.0)
687       -3.9347e+01    (351.0,-8.0,-21.0,177.0)
688       -3.9318e+01    (351.0,-8.0,-22.0,177.0)
689       -3.9436e+01    (351.0,-8.0,-23.0,177.0)
690       -3.9361e+01    (351.0,-9.0,-23.0,177.0)
691       -3.9319e+01    (352.0,-9.0,-23.0,177.0)
692       -3.9435e+01    (352.0,-8.0,-23.0,177.0)
693       -3.9262e+01    (352.0,-8.0,-23.0,176.0)
694       -3.9238e+01    (352.0,-8.0,-23.0,175.0)
695       -3.9246e+01    (351.0,-8.0,-23.0,175.0)
696       -3.9289e+01    (351.0,-8.0,-23.0,174.0)
697       -3.9347e+01    (352.0,-8.0,-23.0,174.0)
698       -3.9272e+01    (352.0,-9.0,-23.0,174.0)
699       -3.9401e+01    (352.0,-10.0,-23.0,174.0)
700       -3.9297e+01    (352.0,-10.0,-22.0,174.0)
701       -3.9160e+01    (352.0,-10.0,-22.0,175.0)
702       -3.9175e+01    (352.0,-10.0,-22.0,176.0)
703       -3.9224e+01    (352.0,-10.0,-21.0,176.0)
704       -3.9203e+01    (352.0,-10.0,-21.0,175.0)
705       -3.9219e+01    (351.0,-10.0,-21.0,175.0)
706       -3.9194e+01    (351.0,-10.0,-22.0,175.0)
707       -3.9234e+01    (351.0,-10.0,-22.0,176.0)
708       -3.9263e+01    (351.0,-10.0,-21.0,176.0)
709       -3.9409e+01    (351.0,-10.0,-21.0,177.0)
710       -3.9386e+01    (351.0,-10.0,-22.0,177.0)
711       -3.9359e+01    (352.0,-10.0,-22.0,177.0)
712       -3.9401e+01    (352.0,-10.0,-21.0,177.0)
713       -3.9619e+01    (352.0,-10.0,-20.0,177.0)
714       -3.9479e+01    (352.0,-10.0,-20.0,176.0)
715       -3.9428e+01    (351.0,-10.0,-20.0,176.0)
716       -3.9366e+01    (351.0,-10.0,-20.0,175.0)
717       -3.9357e+01    (351.0,-10.0,-20.0,174.0)
718       -3.9267e+01    (351.0,-10.0,-21.0,174.0)
719       -3.9255e+01    (351.0,-10.0,-22.0,174.0)
720       -3.9328e+01    (351.0,-10.0,-23.0,174.0)
721       -3.9302e+01    (351.0,-10.0,-23.0,175.0)
722       -3.9317e+01    (352.0,-10.0,-23.0,175.0)
723       -3.9349e+01    (352.0,-10.0,-23.0,176.0)
724       -3.9353e+01    (351.0,-10.0,-23.0,176.0)
725       -3.9490e+01    (351.0,-10.0,-23.0,177.0)
726       -3.9511e+01    (352.0,-10.0,-23.0,177.0)
727       -3.9785e+01    (352.0,-10.0,-23.0,178.0)
728       -3.9669e+01    (352.0,-9.0,-23.0,178.0)
729       -3.9539e+01    (352.0,-9.0,-22.0,178.0)
730       -3.9533e+01    (351.0,-9.0,-22.0,178.0)
731       -3.9551e+01    (351.0,-9.0,-21.0,178.0)
732       -3.9572e+01    (352.0,-9.0,-21.0,178.0)
733       -3.9653e+01    (352.0,-8.0,-21.0,178.0)
734       -3.9603e+01    (351.0,-8.0,-21.0,178.0)
735       -3.9590e+01    (351.0,-8.0,-22.0,178.0)
736       -3.9629e+01    (352.0,-8.0,-22.0,178.0)
737       -3.9736e+01    (352.0,-8.0,-23.0,178.0)
738       -3.9665e+01    (351.0,-8.0,-23.0,178.0)
739       -3.9622e+01    (351.0,-9.0,-23.0,178.0)
740       -3.9700e+01    (351.0,-10.0,-23.0,178.0)
741       -3.9634e+01    (351.0,-10.0,-22.0,178.0)
742       -3.9644e+01    (351.0,-10.0,-21.0,178.0)
743       -3.9710e+01    (352.0,-10.0,-21.0,178.0)
744       -3.9690e+01    (352.0,-10.0,-22.0,178.0)
745       -4.0010e+01    (352.0,-11.0,-22.0,178.0)
746       -3.9847e+01    (351.0,-11.0,-22.0,178.0)
747       -3.9708e+01    (350.0,-11.0,-22.0,178.0)
748       -3.9559e+01    (349.0,-11.0,-22.0,178.0)
749       -3.9242e+01    (349.0,-12.0,-22.0,178.0)
750       -3.8957e+01    (349.0,-12.0,-22.0,177.0)
751       -3.8650e+01    (349.0,-13.0,-22.0,177.0)
752       -3.8432e+01    (349.0,-13.0,-22.0,176.0)
753       -3.8442e+01    (349.0,-13.0,-22.0,175.0)
754       -3.8446e+01    (348.0,-13.0,-22.0,175.0)
755       -3.8457e+01    (348.0,-13.0,-22.0,176.0)
756       -3.8510e+01    (348.0,-13.0,-21.0,176.0)
757       -3.8492e+01    (348.0,-13.0,-21.0,175.0)
758       -3.8504e+01    (349.0,-13.0,-21.0,175.0)
759       -3.8503e+01    (349.0,-13.0,-21.0,176.0)
760       -3.8582e+01    (349.0,-14.0,-21.0,176.0)
761       -3.8519e+01    (349.0,-14.0,-22.0,176.0)
762       -3.8520e+01    (349.0,-14.0,-22.0,175.0)
763       -3.8508e+01    (348.0,-14.0,-22.0,175.0)
764       -3.8526e+01    (348.0,-14.0,-22.0,176.0)
765       -3.8574e+01    (348.0,-14.0,-21.0,176.0)
766       -3.8550e+01    (348.0,-14.0,-21.0,175.0)
767       -3.8576e+01    (349.0,-14.0,-21.0,175.0)
768       -3.8739e+01    (349.0,-14.0,-21.0,174.0)
769       -3.8659e+01    (348.0,-14.0,-21.0,174.0)
770       -3.8620e+01    (348.0,-13.0,-21.0,174.0)
771       -3.8594e+01    (348.0,-13.0,-22.0,174.0)
772       -3.8636e+01    (348.0,-14.0,-22.0,174.0)
773       -3.8707e+01    (349.0,-14.0,-22.0,174.0)
774       -3.8655e+01    (349.0,-13.0,-22.0,174.0)
775       -3.8691e+01    (349.0,-13.0,-21.0,174.0)
776       -3.8874e+01    (349.0,-12.0,-21.0,174.0)
777       -3.8762e+01    (348.0,-12.0,-21.0,174.0)
778       -3.8719e+01    (348.0,-12.0,-21.0,175.0)
779       -3.8695e+01    (348.0,-12.0,-22.0,175.0)
780       -3.8736e+01    (348.0,-12.0,-22.0,176.0)
781       -3.8764e+01    (348.0,-12.0,-21.0,176.0)
782       -3.8829e+01    (349.0,-12.0,-21.0,176.0)
783       -3.8790e+01    (349.0,-12.0,-22.0,176.0)
784       -3.8761e+01    (349.0,-12.0,-22.0,175.0)
785       -3.8795e+01    (349.0,-12.0,-21.0,175.0)
786       -3.8977e+01    (349.0,-12.0,-20.0,175.0)
787       -3.8811e+01    (349.0,-13.0,-20.0,175.0)
788       -3.8731e+01    (348.0,-13.0,-20.0,175.0)
789       -3.8767e+01    (348.0,-14.0,-20.0,175.0)
790       -3.8794e+01    (348.0,-14.0,-20.0,174.0)
791       -3.8768e+01    (348.0,-13.0,-20.0,174.0)
792       -3.8848e+01    (348.0,-12.0,-20.0,174.0)
793       -3.8833e+01    (347.0,-12.0,-20.0,174.0)
794       -3.8725e+01    (347.0,-12.0,-20.0,173.0)
795       -3.8577e+01    (346.0,-12.0,-20.0,173.0)
796       -3.8353e+01    (346.0,-12.0,-20.0,172.0)
797       -3.8156e+01    (346.0,-12.0,-20.0,171.0)
798       -3.8000e+01    (345.0,-12.0,-20.0,171.0)
799       -3.7862e+01    (345.0,-12.0,-20.0,170.0)
800       -3.7687e+01    (345.0,-12.0,-21.0,170.0)
801       -3.7407e+01    (345.0,-13.0,-21.0,170.0)
802       -3.7348e+01    (345.0,-13.0,-22.0,170.0)
803       -3.7292e+01    (345.0,-13.0,-22.0,169.0)
804       -3.7349e+01    (345.0,-13.0,-21.0,169.0)
805       -3.7416e+01    (345.0,-14.0,-21.0,169.0)
806       -3.7365e+01    (345.0,-14.0,-22.0,169.0)
807       -3.7423e+01    (345.0,-14.0,-22.0,170.0)
808       -3.7477e+01    (345.0,-14.0,-21.0,170.0)
809       -3.7592e+01    (346.0,-14.0,-21.0,170.0)
810       -3.7518e+01    (346.0,-13.0,-21.0,170.0)
811       -3.7453e+01    (346.0,-13.0,-22.0,170.0)
812       -3.7399e+01    (346.0,-13.0,-22.0,169.0)
813       -3.7462e+01    (346.0,-13.0,-21.0,169.0)
814       -3.7534e+01    (346.0,-14.0,-21.0,169.0)
815       -3.7478e+01    (346.0,-14.0,-22.0,169.0)
816       -3.7534e+01    (346.0,-14.0,-22.0,170.0)
817       -3.7732e+01    (346.0,-14.0,-23.0,170.0)
818       -3.7607e+01    (345.0,-14.0,-23.0,170.0)
819       -3.7542e+01    (345.0,-14.0,-23.0,169.0)
820       -3.7485e+01    (345.0,-13.0,-23.0,169.0)
821       -3.7548e+01    (345.0,-13.0,-23.0,170.0)
822       -3.7668e+01    (346.0,-13.0,-23.0,170.0)
823       -3.7608e+01    (346.0,-13.0,-23.0,169.0)
824       -3.7669e+01    (346.0,-14.0,-23.0,169.0)
825       -3.7749e+01    (346.0,-14.0,-23.0,168.0)
826       -3.7609e+01    (346.0,-14.0,-22.0,168.0)
827       -3.7479e+01    (345.0,-14.0,-22.0,168.0)
828       -3.7425e+01    (345.0,-13.0,-22.0,168.0)
829       -3.7463e+01    (345.0,-13.0,-21.0,168.0)
830       -3.7513e+01    (345.0,-14.0,-21.0,168.0)
831       -3.7646e+01    (346.0,-14.0,-21.0,168.0)
832       -3.7593e+01    (346.0,-13.0,-21.0,168.0)
833       -3.7551e+01    (346.0,-13.0,-22.0,168.0)
834       -3.7703e+01    (346.0,-13.0,-23.0,168.0)
835       -3.7567e+01    (345.0,-13.0,-23.0,168.0)
836       -3.7609e+01    (345.0,-14.0,-23.0,168.0)
837       -3.7771e+01    (345.0,-14.0,-23.0,167.0)
838       -3.7717e+01    (345.0,-14.0,-22.0,167.0)
839       -3.7693e+01    (345.0,-13.0,-22.0,167.0)
840       -3.7700e+01    (345.0,-13.0,-21.0,167.0)
841       -3.7710e+01    (344.0,-13.0,-21.0,167.0)
842       -3.7624e+01    (344.0,-13.0,-21.0,166.0)
843       -3.7269e+01    (343.0,-13.0,-21.0,166.0)
844       -3.6864e+01    (343.0,-13.0,-21.0,165.0)
845       -3.6584e+01    (343.0,-13.0,-21.0,164.0)
846       -3.6359e+01    (342.0,-13.0,-21.0,164.0)
847       -3.6251e+01    (342.0,-13.0,-21.0,163.0)
848       -3.6186e+01    (342.0,-13.0,-22.0,163.0)
849       -3.6267e+01    (342.0,-14.0,-22.0,163.0)
850       -3.6325e+01    (342.0,-14.0,-21.0,163.0)
851       -3.6395e+01    (342.0,-14.0,-21.0,162.0)
852       -3.6335e+01    (342.0,-13.0,-21.0,162.0)
853       -3.6286e+01    (342.0,-13.0,-22.0,162.0)
854       -3.6351e+01    (342.0,-14.0,-22.0,162.0)
855       -3.6509e+01    (342.0,-14.0,-23.0,162.0)
856       -3.6458e+01    (342.0,-13.0,-23.0,162.0)
857       -3.6401e+01    (342.0,-13.0,-23.0,163.0)
858       -3.6464e+01    (342.0,-14.0,-23.0,163.0)
859       -3.6566e+01    (342.0,-14.0,-23.0,164.0)
860       -3.6376e+01    (342.0,-14.0,-22.0,164.0)
861       -3.6297e+01    (342.0,-13.0,-22.0,164.0)
862       -3.6505e+01    (342.0,-13.0,-23.0,164.0)
863       -3.6721e+01    (343.0,-13.0,-23.0,164.0)
864       -3.6527e+01    (343.0,-13.0,-22.0,164.0)
865       -3.6417e+01    (343.0,-13.0,-22.0,163.0)
866       -3.6477e+01    (343.0,-13.0,-21.0,163.0)
867       -3.6547e+01    (343.0,-14.0,-21.0,163.0)
868       -3.6493e+01    (343.0,-14.0,-22.0,163.0)
869       -3.6566e+01    (343.0,-14.0,-22.0,162.0)
870       -3.6505e+01    (343.0,-13.0,-22.0,162.0)
871       -3.6549e+01    (343.0,-13.0,-21.0,162.0)
872       -3.6606e+01    (343.0,-14.0,-21.0,162.0)
873       -3.6794e+01    (343.0,-14.0,-21.0,161.0)
874       -3.6603e+01    (342.0,-14.0,-21.0,161.0)
875       -3.6571e+01    (342.0,-13.0,-21.0,161.0)
876       -3.6552e+01    (342.0,-13.0,-22.0,161.0)
877       -3.6588e+01    (342.0,-14.0,-22.0,161.0)
878       -3.6671e+01    (342.0,-14.0,-23.0,161.0)
879       -3.6642e+01    (342.0,-13.0,-23.0,161.0)
880       -3.6687e+01    (341.0,-13.0,-23.0,161.0)
881       -3.6656e+01    (341.0,-13.0,-23.0,160.0)
882       -3.6413e+01    (340.0,-13.0,-23.0,160.0)
883       -3.6074e+01    (340.0,-13.0,-23.0,159.0)
884       -3.5814e+01    (340.0,-13.0,-23.0,158.0)
885       -3.5514e+01    (339.0,-13.0,-23.0,158.0)
886       -3.5307e+01    (339.0,-13.0,-22.0,158.0)
887       -3.5133e+01    (339.0,-13.0,-22.0,157.0)
888       -3.5185e+01    (339.0,-13.0,-22.0,156.0)
889       -3.5244e+01    (339.0,-13.0,-21.0,156.0)
890       -3.5203e+01    (339.0,-13.0,-21.0,157.0)
891       -3.5282e+01    (339.0,-14.0,-21.0,157.0)
892       -3.5219e+01    (339.0,-14.0,-22.0,157.0)
893       -3.5260e+01    (339.0,-14.0,-22.0,156.0)
894       -3.5313e+01    (339.0,-14.0,-21.0,156.0)
895       -3.5506e+01    (339.0,-14.0,-21.0,155.0)
896       -3.5462e+01    (339.0,-13.0,-21.0,155.0)
897       -3.5432e+01    (339.0,-13.0,-22.0,155.0)
898       -3.5479e+01    (339.0,-14.0,-22.0,155.0)
899       -3.5591e+01    (339.0,-14.0,-23.0,155.0)
900       -3.5443e+01    (339.0,-14.0,-23.0,156.0)
901       -3.5384e+01    (339.0,-13.0,-23.0,156.0)
902       -3.5362e+01    (339.0,-13.0,-23.0,157.0)
903       -3.5430e+01    (339.0,-14.0,-23.0,157.0)
904       -3.5575e+01    (339.0,-14.0,-23.0,158.0)
905       -3.5385e+01    (339.0,-14.0,-22.0,158.0)
906       -3.5441e+01    (339.0,-14.0,-21.0,158.0)
907       -3.5369e+01    (339.0,-13.0,-21.0,158.0)
908       -3.5660e+01    (339.0,-12.0,-21.0,158.0)
909       -3.5528e+01    (339.0,-12.0,-21.0,157.0)
910       -3.5490e+01    (339.0,-12.0,-22.0,157.0)
911       -3.5491e+01    (339.0,-12.0,-22.0,156.0)
912       -3.5522e+01    (339.0,-12.0,-21.0,156.0)
913       -3.5624e+01    (339.0,-12.0,-21.0,155.0)
914       -3.5610e+01    (339.0,-12.0,-22.0,155.0)
915       -3.5643e+01    (338.0,-12.0,-22.0,155.0)
916       -3.5596e+01    (338.0,-13.0,-22.0,155.0)
917       -3.5581e+01    (338.0,-13.0,-22.0,156.0)
918       -3.5590e+01    (338.0,-13.0,-21.0,156.0)
919       -3.5597e+01    (338.0,-13.0,-21.0,155.0)
920       -3.5614e+01    (338.0,-14.0,-21.0,155.0)
921       -3.5614e+01    (338.0,-14.0,-22.0,155.0)
922       -3.5607e+01    (338.0,-14.0,-22.0,156.0)
923       -3.5614e+01    (338.0,-14.0,-21.0,156.0)
924       -3.5661e+01    (338.0,-14.0,-21.0,157.0)
925       -3.5634e+01    (338.0,-13.0,-21.0,157.0)
926       -3.5621e+01    (338.0,-13.0,-22.0,157.0)
927       -3.5651e+01    (338.0,-14.0,-22.0,157.0)
928       -3.5719e+01    (338.0,-14.0,-23.0,157.0)
929       -3.5667e+01    (338.0,-14.0,-23.0,156.0)
930       -3.5646e+01    (338.0,-13.0,-23.0,156.0)
931       -3.5639e+01    (338.0,-13.0,-23.0,155.0)
932       -3.5554e+01    (339.0,-13.0,-23.0,155.0)
933       -3.5688e+01    (339.0,-12.0,-23.0,155.0)
934       -3.5616e+01    (339.0,-12.0,-23.0,156.0)
935       -3.5633e+01    (339.0,-12.0,-23.0,157.0)
936       -3.5756e+01    (339.0,-12.0,-23.0,158.0)
937       -3.5627e+01    (339.0,-12.0,-22.0,158.0)
938       -3.5815e+01    (338.0,-12.0,-22.0,158.0)
939       -3.5719e+01    (338.0,-12.0,-22.0,157.0)
940       -3.5664e+01    (338.0,-12.0,-22.0,156.0)
941       -3.5665e+01    (338.0,-12.0,-21.0,156.0)
942       -3.5639e+01    (338.0,-12.0,-21.0,155.0)
943       -3.5632e+01    (338.0,-12.0,-21.0,154.0)
944       -3.5478e+01    (337.0,-12.0,-21.0,154.0)
945       -3.5231e+01    (337.0,-12.0,-21.0,153.0)
946       -3.4984e+01    (336.0,-12.0,-21.0,153.0)
947       -3.4712e+01    (336.0,-12.0,-21.0,152.0)
948       -3.4436e+01    (336.0,-13.0,-21.0,152.0)
949       -3.4212e+01    (336.0,-13.0,-21.0,151.0)
950       -3.4139e+01    (336.0,-13.0,-22.0,151.0)
951       -3.4133e+01    (336.0,-13.0,-22.0,150.0)
952       -3.4200e+01    (336.0,-13.0,-21.0,150.0)
953       -3.4276e+01    (336.0,-14.0,-21.0,150.0)
954       -3.4216e+01    (336.0,-14.0,-22.0,150.0)
955       -3.4227e+01    (336.0,-14.0,-22.0,151.0)
956       -3.4293e+01    (336.0,-14.0,-21.0,151.0)
957       -3.4504e+01    (336.0,-14.0,-21.0,152.0)
958       -3.4452e+01    (336.0,-14.0,-22.0,152.0)
959       -3.4377e+01    (336.0,-13.0,-22.0,152.0)
960       -3.4574e+01    (336.0,-13.0,-23.0,152.0)
961       -3.4375e+01    (336.0,-13.0,-23.0,151.0)
962       -3.4352e+01    (336.0,-13.0,-23.0,150.0)
963       -3.4417e+01    (336.0,-14.0,-23.0,150.0)
964       -3.4444e+01    (336.0,-14.0,-23.0,151.0)
965       -3.4633e+01    (336.0,-14.0,-23.0,152.0)
966       -3.4787e+01    (335.0,-14.0,-23.0,152.0)
967       -3.4664e+01    (335.0,-14.0,-23.0,151.0)
968       -3.4569e+01    (335.0,-14.0,-22.0,151.0)
969       -3.4520e+01    (335.0,-14.0,-22.0,150.0)
970       -3.4482e+01    (335.0,-13.0,-22.0,150.0)
971       -3.4503e+01    (335.0,-13.0,-21.0,150.0)
972       -3.4535e+01    (335.0,-13.0,-21.0,149.0)
973       -3.4385e+01    (336.0,-13.0,-21.0,149.0)
974       -3.4344e+01    (336.0,-13.0,-22.0,149.0)
975       -3.4401e+01    (336.0,-14.0,-22.0,149.0)
976       -3.4438e+01    (336.0,-14.0,-21.0,149.0)
977       -3.4561e+01    (335.0,-14.0,-21.0,149.0)
978       -3.4538e+01    (335.0,-14.0,-21.0,150.0)
979       -3.4589e+01    (335.0,-14.0,-21.0,151.0)
980       -3.4552e+01    (335.0,-13.0,-21.0,151.0)
981       -3.4528e+01    (335.0,-13.0,-22.0,151.0)
982       -3.4632e+01    (335.0,-13.0,-23.0,151.0)
983       -3.4579e+01    (335.0,-13.0,-23.0,150.0)
984       -3.4594e+01    (335.0,-13.0,-23.0,149.0)
985       -3.4495e+01    (336.0,-13.0,-23.0,149.0)
986       -3.4541e+01    (336.0,-14.0,-23.0,149.0)
987       -3.4617e+01    (335.0,-14.0,-23.0,149.0)
988       -3.4552e+01    (335.0,-14.0,-22.0,149.0)
989       -3.4525e+01    (335.0,-13.0,-22.0,149.0)
990       -3.4615e+01    (335.0,-12.0,-22.0,149.0)
991       -3.4571e+01    (336.0,-12.0,-22.0,149.0)
992       -3.4473e+01    (336.0,-12.0,-22.0,150.0)
993       -3.4506e+01    (336.0,-12.0,-22.0,151.0)
994       -3.4546e+01    (336.0,-12.0,-21.0,151.0)
995       -3.4509e+01    (336.0,-12.0,-21.0,150.0)
996       -3.4592e+01    (336.0,-12.0,-21.0,149.0)
997       -3.4617e+01    (335.0,-12.0,-21.0,149.0)
998       -3.4627e+01    (335.0,-12.0,-21.0,150.0)
999       -3.4618e+01    (335.0,-12.0,-22.0,150.0)
