# run = 23
occ          S   
0         (407.0,-11.0,-22.0,274.0)
0         (406.0,-11.0,-22.0,274.0)
0         (405.0,-11.0,-22.0,274.0)
0         (404.0,-11.0,-22.0,274.0)
0         (403.0,-11.0,-22.0,274.0)
0         (402.0,-11.0,-22.0,274.0)
0         (402.0,-10.0,-22.0,274.0)
0         (402.0,-10.0,-22.0,275.0)
0         (402.0,-9.0,-22.0,275.0)
0         (402.0,-9.0,-22.0,276.0)
0         (402.0,-9.0,-21.0,276.0)
0         (402.0,-9.0,-21.0,275.0)
0         (402.0,-8.0,-21.0,275.0)
0         (402.0,-8.0,-22.0,275.0)
0         (402.0,-8.0,-22.0,276.0)
0         (402.0,-8.0,-21.0,276.0)
0         (402.0,-8.0,-21.0,277.0)
0         (402.0,-9.0,-21.0,277.0)
0         (402.0,-9.0,-22.0,277.0)
0         (402.0,-8.0,-22.0,277.0)
0         (402.0,-8.0,-23.0,277.0)
0         (402.0,-8.0,-23.0,276.0)
0         (402.0,-9.0,-23.0,276.0)
0         (402.0,-9.0,-23.0,275.0)
0         (402.0,-8.0,-23.0,275.0)
0         (401.0,-8.0,-23.0,275.0)
0         (401.0,-8.0,-22.0,275.0)
0         (401.0,-9.0,-22.0,275.0)
0         (401.0,-9.0,-21.0,275.0)
0         (401.0,-9.0,-21.0,274.0)
0         (401.0,-9.0,-22.0,274.0)
0         (402.0,-9.0,-22.0,274.0)
0         (402.0,-9.0,-21.0,274.0)
0         (402.0,-8.0,-21.0,274.0)
0         (401.0,-8.0,-21.0,274.0)
0         (401.0,-8.0,-22.0,274.0)
0         (401.0,-8.0,-22.0,273.0)
0         (400.0,-8.0,-22.0,273.0)
0         (400.0,-8.0,-22.0,272.0)
0         (399.0,-8.0,-22.0,272.0)
0         (399.0,-8.0,-22.0,271.0)
0         (399.0,-8.0,-22.0,270.0)
0         (399.0,-9.0,-22.0,270.0)
0         (399.0,-9.0,-22.0,269.0)
0         (399.0,-9.0,-21.0,269.0)
0         (399.0,-9.0,-21.0,270.0)
0         (399.0,-8.0,-21.0,270.0)
0         (399.0,-8.0,-21.0,269.0)
0         (399.0,-8.0,-22.0,269.0)
0         (398.0,-8.0,-22.0,269.0)
0         (398.0,-9.0,-22.0,269.0)
0         (398.0,-9.0,-21.0,269.0)
0         (398.0,-9.0,-21.0,268.0)
0         (398.0,-9.0,-22.0,268.0)
0         (399.0,-9.0,-22.0,268.0)
0         (399.0,-9.0,-21.0,268.0)
0         (399.0,-8.0,-21.0,268.0)
0         (398.0,-8.0,-21.0,268.0)
0         (398.0,-8.0,-21.0,269.0)
0         (398.0,-8.0,-21.0,270.0)
0         (398.0,-9.0,-21.0,270.0)
0         (398.0,-9.0,-22.0,270.0)
0         (398.0,-8.0,-22.0,270.0)
0         (398.0,-8.0,-23.0,270.0)
0         (398.0,-8.0,-23.0,269.0)
0         (398.0,-9.0,-23.0,269.0)
0         (399.0,-9.0,-23.0,269.0)
0         (399.0,-9.0,-23.0,270.0)
0         (398.0,-9.0,-23.0,270.0)
0         (398.0,-10.0,-23.0,270.0)
0         (398.0,-10.0,-22.0,270.0)
0         (399.0,-10.0,-22.0,270.0)
0         (399.0,-10.0,-22.0,269.0)
0         (399.0,-10.0,-21.0,269.0)
0         (399.0,-10.0,-21.0,270.0)
0         (398.0,-10.0,-21.0,270.0)
0         (398.0,-10.0,-21.0,269.0)
0         (398.0,-10.0,-22.0,269.0)
0         (398.0,-10.0,-22.0,268.0)
0         (398.0,-10.0,-21.0,268.0)
0         (398.0,-10.0,-21.0,267.0)
0         (397.0,-10.0,-21.0,267.0)
0         (397.0,-10.0,-21.0,266.0)
0         (396.0,-10.0,-21.0,266.0)
0         (396.0,-10.0,-21.0,265.0)
0         (396.0,-9.0,-21.0,265.0)
0         (396.0,-9.0,-21.0,264.0)
0         (396.0,-9.0,-22.0,264.0)
0         (396.0,-9.0,-22.0,263.0)
0         (396.0,-9.0,-21.0,263.0)
0         (395.0,-9.0,-21.0,263.0)
0         (395.0,-9.0,-22.0,263.0)
0         (395.0,-9.0,-22.0,264.0)
0         (395.0,-9.0,-21.0,264.0)
0         (395.0,-8.0,-21.0,264.0)
0         (395.0,-8.0,-21.0,263.0)
0         (395.0,-8.0,-22.0,263.0)
0         (396.0,-8.0,-22.0,263.0)
0         (396.0,-8.0,-21.0,263.0)
0         (396.0,-8.0,-21.0,264.0)
0         (396.0,-8.0,-22.0,264.0)
0         (395.0,-8.0,-22.0,264.0)
0         (395.0,-8.0,-23.0,264.0)
0         (395.0,-8.0,-23.0,263.0)
0         (395.0,-9.0,-23.0,263.0)
0         (396.0,-9.0,-23.0,263.0)
0         (396.0,-9.0,-23.0,264.0)
0         (395.0,-9.0,-23.0,264.0)
0         (395.0,-10.0,-23.0,264.0)
0         (395.0,-10.0,-22.0,264.0)
0         (395.0,-10.0,-22.0,263.0)
0         (396.0,-10.0,-22.0,263.0)
0         (396.0,-10.0,-21.0,263.0)
0         (395.0,-10.0,-21.0,263.0)
0         (395.0,-10.0,-21.0,262.0)
0         (395.0,-9.0,-21.0,262.0)
0         (395.0,-9.0,-22.0,262.0)
0         (396.0,-9.0,-22.0,262.0)
0         (396.0,-9.0,-21.0,262.0)
0         (396.0,-8.0,-21.0,262.0)
0         (395.0,-8.0,-21.0,262.0)
0         (395.0,-8.0,-22.0,262.0)
0         (396.0,-8.0,-22.0,262.0)
0         (396.0,-8.0,-23.0,262.0)
0         (395.0,-8.0,-23.0,262.0)
0         (395.0,-9.0,-23.0,262.0)
0         (396.0,-9.0,-23.0,262.0)
0         (396.0,-10.0,-23.0,262.0)
0         (396.0,-10.0,-22.0,262.0)
0         (395.0,-10.0,-22.0,262.0)
0         (395.0,-10.0,-23.0,262.0)
0         (395.0,-10.0,-23.0,263.0)
0         (396.0,-10.0,-23.0,263.0)
0         (396.0,-10.0,-23.0,264.0)
0         (396.0,-10.0,-22.0,264.0)
0         (396.0,-10.0,-21.0,264.0)
0         (395.0,-10.0,-21.0,264.0)
0         (395.0,-10.0,-20.0,264.0)
0         (395.0,-10.0,-20.0,263.0)
0         (395.0,-9.0,-20.0,263.0)
0         (395.0,-9.0,-20.0,262.0)
0         (395.0,-9.0,-20.0,261.0)
0         (394.0,-9.0,-20.0,261.0)
0         (394.0,-9.0,-20.0,260.0)
0         (393.0,-9.0,-20.0,260.0)
0         (393.0,-9.0,-20.0,259.0)
0         (393.0,-9.0,-21.0,259.0)
0         (393.0,-9.0,-21.0,258.0)
0         (393.0,-9.0,-21.0,257.0)
0         (393.0,-9.0,-22.0,257.0)
0         (392.0,-9.0,-22.0,257.0)
0         (392.0,-9.0,-21.0,257.0)
0         (392.0,-9.0,-21.0,256.0)
0         (392.0,-9.0,-22.0,256.0)
0         (393.0,-9.0,-22.0,256.0)
0         (393.0,-9.0,-21.0,256.0)
0         (393.0,-8.0,-21.0,256.0)
0         (392.0,-8.0,-21.0,256.0)
0         (392.0,-8.0,-22.0,256.0)
0         (392.0,-8.0,-22.0,257.0)
0         (392.0,-8.0,-21.0,257.0)
0         (393.0,-8.0,-21.0,257.0)
0         (393.0,-8.0,-22.0,257.0)
0         (393.0,-8.0,-22.0,256.0)
0         (393.0,-8.0,-23.0,256.0)
0         (392.0,-8.0,-23.0,256.0)
0         (392.0,-9.0,-23.0,256.0)
0         (392.0,-9.0,-23.0,257.0)
0         (393.0,-9.0,-23.0,257.0)
0         (393.0,-9.0,-23.0,256.0)
0         (393.0,-10.0,-23.0,256.0)
0         (392.0,-10.0,-23.0,256.0)
0         (392.0,-10.0,-22.0,256.0)
0         (392.0,-10.0,-22.0,257.0)
0         (392.0,-10.0,-21.0,257.0)
0         (392.0,-10.0,-21.0,256.0)
0         (392.0,-10.0,-21.0,255.0)
0         (392.0,-9.0,-21.0,255.0)
0         (392.0,-9.0,-22.0,255.0)
0         (392.0,-8.0,-22.0,255.0)
0         (391.0,-8.0,-22.0,255.0)
0         (391.0,-8.0,-22.0,254.0)
0         (390.0,-8.0,-22.0,254.0)
0         (390.0,-8.0,-22.0,253.0)
0         (390.0,-8.0,-22.0,252.0)
0         (390.0,-8.0,-22.0,251.0)
0         (390.0,-9.0,-22.0,251.0)
0         (389.0,-9.0,-22.0,251.0)
0         (389.0,-9.0,-22.0,250.0)
0         (389.0,-9.0,-21.0,250.0)
0         (389.0,-9.0,-21.0,251.0)
0         (389.0,-8.0,-21.0,251.0)
0         (389.0,-8.0,-22.0,251.0)
0         (389.0,-8.0,-22.0,250.0)
0         (389.0,-8.0,-21.0,250.0)
0         (389.0,-8.0,-21.0,249.0)
0         (389.0,-9.0,-21.0,249.0)
0         (389.0,-9.0,-22.0,249.0)
0         (389.0,-8.0,-22.0,249.0)
0         (388.0,-8.0,-22.0,249.0)
0         (388.0,-8.0,-22.0,248.0)
0         (387.0,-8.0,-22.0,248.0)
0         (387.0,-8.0,-22.0,247.0)
0         (387.0,-8.0,-22.0,246.0)
0         (386.0,-8.0,-22.0,246.0)
0         (386.0,-8.0,-22.0,245.0)
0         (386.0,-9.0,-22.0,245.0)
0         (386.0,-9.0,-22.0,244.0)
0         (386.0,-9.0,-21.0,244.0)
0         (386.0,-9.0,-21.0,245.0)
0         (386.0,-8.0,-21.0,245.0)
0         (386.0,-8.0,-21.0,244.0)
0         (386.0,-8.0,-22.0,244.0)
0         (386.0,-8.0,-22.0,243.0)
0         (386.0,-9.0,-22.0,243.0)
0         (386.0,-9.0,-21.0,243.0)
0         (386.0,-8.0,-21.0,243.0)
0         (385.0,-8.0,-21.0,243.0)
0         (385.0,-8.0,-21.0,242.0)
0         (384.0,-8.0,-21.0,242.0)
0         (384.0,-8.0,-21.0,241.0)
0         (384.0,-8.0,-21.0,240.0)
0         (383.0,-8.0,-21.0,240.0)
0         (383.0,-8.0,-21.0,239.0)
0         (383.0,-9.0,-21.0,239.0)
0         (383.0,-9.0,-22.0,239.0)
0         (383.0,-9.0,-22.0,238.0)
0         (383.0,-9.0,-21.0,238.0)
0         (383.0,-9.0,-21.0,237.0)
0         (383.0,-9.0,-22.0,237.0)
0         (383.0,-8.0,-22.0,237.0)
0         (383.0,-8.0,-22.0,238.0)
0         (383.0,-8.0,-21.0,238.0)
0         (383.0,-8.0,-21.0,237.0)
0         (382.0,-8.0,-21.0,237.0)
0         (382.0,-9.0,-21.0,237.0)
0         (382.0,-9.0,-22.0,237.0)
0         (382.0,-9.0,-22.0,236.0)
0         (381.0,-9.0,-22.0,236.0)
0         (381.0,-9.0,-22.0,235.0)
0         (381.0,-9.0,-22.0,234.0)
0         (380.0,-9.0,-22.0,234.0)
0         (380.0,-9.0,-22.0,233.0)
0         (380.0,-9.0,-22.0,232.0)
0         (380.0,-9.0,-21.0,232.0)
0         (380.0,-9.0,-21.0,231.0)
0         (380.0,-9.0,-22.0,231.0)
0         (380.0,-8.0,-22.0,231.0)
0         (380.0,-8.0,-22.0,232.0)
0         (380.0,-8.0,-21.0,232.0)
0         (380.0,-8.0,-21.0,231.0)
0         (379.0,-8.0,-21.0,231.0)
0         (379.0,-9.0,-21.0,231.0)
0         (379.0,-9.0,-22.0,231.0)
0         (379.0,-9.0,-22.0,232.0)
0         (379.0,-9.0,-21.0,232.0)
0         (379.0,-8.0,-21.0,232.0)
0         (379.0,-8.0,-22.0,232.0)
0         (379.0,-8.0,-22.0,231.0)
0         (379.0,-8.0,-22.0,230.0)
0         (379.0,-9.0,-22.0,230.0)
0         (379.0,-9.0,-21.0,230.0)
0         (379.0,-8.0,-21.0,230.0)
0         (379.0,-8.0,-20.0,230.0)
0         (378.0,-8.0,-20.0,230.0)
0         (378.0,-8.0,-20.0,229.0)
0         (377.0,-8.0,-20.0,229.0)
0         (377.0,-8.0,-20.0,228.0)
0         (377.0,-8.0,-20.0,227.0)
0         (377.0,-8.0,-21.0,227.0)
0         (377.0,-8.0,-21.0,226.0)
0         (377.0,-9.0,-21.0,226.0)
0         (377.0,-9.0,-22.0,226.0)
0         (377.0,-9.0,-22.0,225.0)
0         (377.0,-9.0,-21.0,225.0)
0         (377.0,-8.0,-21.0,225.0)
0         (377.0,-8.0,-22.0,225.0)
0         (377.0,-8.0,-22.0,226.0)
0         (376.0,-8.0,-22.0,226.0)
0         (376.0,-9.0,-22.0,226.0)
0         (376.0,-9.0,-22.0,225.0)
0         (376.0,-9.0,-21.0,225.0)
0         (376.0,-9.0,-21.0,226.0)
0         (376.0,-8.0,-21.0,226.0)
0         (376.0,-8.0,-21.0,225.0)
0         (376.0,-8.0,-22.0,225.0)
0         (376.0,-8.0,-22.0,224.0)
0         (376.0,-9.0,-22.0,224.0)
0         (377.0,-9.0,-22.0,224.0)
0         (377.0,-9.0,-21.0,224.0)
0         (376.0,-9.0,-21.0,224.0)
0         (376.0,-8.0,-21.0,224.0)
0         (377.0,-8.0,-21.0,224.0)
0         (377.0,-8.0,-22.0,224.0)
0         (377.0,-8.0,-23.0,224.0)
0         (377.0,-8.0,-23.0,225.0)
0         (377.0,-9.0,-23.0,225.0)
0         (377.0,-9.0,-23.0,226.0)
0         (377.0,-8.0,-23.0,226.0)
0         (376.0,-8.0,-23.0,226.0)
0         (376.0,-9.0,-23.0,226.0)
0         (376.0,-9.0,-23.0,225.0)
0         (376.0,-9.0,-23.0,224.0)
0         (376.0,-8.0,-23.0,224.0)
0         (376.0,-8.0,-23.0,225.0)
0         (376.0,-8.0,-24.0,225.0)
0         (376.0,-8.0,-24.0,224.0)
0         (375.0,-8.0,-24.0,224.0)
0         (375.0,-8.0,-24.0,223.0)
0         (374.0,-8.0,-24.0,223.0)
0         (374.0,-8.0,-24.0,222.0)
0         (374.0,-8.0,-23.0,222.0)
0         (374.0,-8.0,-23.0,221.0)
0         (374.0,-8.0,-23.0,220.0)
0         (374.0,-8.0,-22.0,220.0)
0         (374.0,-9.0,-22.0,220.0)
0         (374.0,-9.0,-22.0,219.0)
0         (374.0,-9.0,-21.0,219.0)
0         (374.0,-9.0,-21.0,220.0)
0         (373.0,-9.0,-21.0,220.0)
0         (373.0,-9.0,-21.0,219.0)
0         (373.0,-9.0,-22.0,219.0)
0         (373.0,-9.0,-22.0,220.0)
0         (373.0,-8.0,-22.0,220.0)
0         (373.0,-8.0,-22.0,219.0)
0         (374.0,-8.0,-22.0,219.0)
0         (374.0,-8.0,-21.0,219.0)
0         (373.0,-8.0,-21.0,219.0)
0         (373.0,-8.0,-21.0,218.0)
0         (373.0,-9.0,-21.0,218.0)
0         (373.0,-9.0,-22.0,218.0)
0         (374.0,-9.0,-22.0,218.0)
0         (374.0,-9.0,-21.0,218.0)
0         (374.0,-8.0,-21.0,218.0)
0         (374.0,-8.0,-22.0,218.0)
0         (373.0,-8.0,-22.0,218.0)
0         (373.0,-8.0,-23.0,218.0)
0         (373.0,-9.0,-23.0,218.0)
0         (373.0,-9.0,-23.0,219.0)
0         (374.0,-9.0,-23.0,219.0)
0         (374.0,-9.0,-23.0,220.0)
0         (373.0,-9.0,-23.0,220.0)
0         (373.0,-8.0,-23.0,220.0)
0         (373.0,-8.0,-23.0,219.0)
0         (374.0,-8.0,-23.0,219.0)
0         (374.0,-8.0,-23.0,218.0)
0         (374.0,-9.0,-23.0,218.0)
0         (374.0,-10.0,-23.0,218.0)
0         (374.0,-10.0,-22.0,218.0)
0         (374.0,-10.0,-22.0,219.0)
0         (373.0,-10.0,-22.0,219.0)
0         (373.0,-10.0,-21.0,219.0)
0         (374.0,-10.0,-21.0,219.0)
0         (374.0,-10.0,-21.0,220.0)
0         (374.0,-10.0,-22.0,220.0)
0         (373.0,-10.0,-22.0,220.0)
0         (373.0,-10.0,-21.0,220.0)
0         (373.0,-10.0,-20.0,220.0)
0         (373.0,-9.0,-20.0,220.0)
0         (373.0,-9.0,-20.0,219.0)
0         (373.0,-9.0,-20.0,218.0)
0         (373.0,-8.0,-20.0,218.0)
0         (373.0,-8.0,-20.0,219.0)
0         (374.0,-8.0,-20.0,219.0)
0         (374.0,-9.0,-20.0,219.0)
0         (374.0,-9.0,-20.0,218.0)
0         (374.0,-8.0,-20.0,218.0)
0         (374.0,-8.0,-20.0,217.0)
0         (373.0,-8.0,-20.0,217.0)
0         (372.0,-8.0,-20.0,217.0)
0         (372.0,-8.0,-20.0,216.0)
0         (371.0,-8.0,-20.0,216.0)
0         (371.0,-8.0,-20.0,215.0)
0         (371.0,-8.0,-21.0,215.0)
0         (371.0,-8.0,-21.0,214.0)
0         (371.0,-9.0,-21.0,214.0)
0         (371.0,-9.0,-21.0,213.0)
0         (371.0,-9.0,-22.0,213.0)
0         (370.0,-9.0,-22.0,213.0)
0         (370.0,-9.0,-21.0,213.0)
0         (370.0,-9.0,-21.0,212.0)
0         (370.0,-9.0,-22.0,212.0)
0         (371.0,-9.0,-22.0,212.0)
0         (371.0,-9.0,-21.0,212.0)
0         (371.0,-8.0,-21.0,212.0)
0         (370.0,-8.0,-21.0,212.0)
0         (370.0,-8.0,-21.0,213.0)
0         (370.0,-8.0,-22.0,213.0)
0         (371.0,-8.0,-22.0,213.0)
0         (371.0,-8.0,-21.0,213.0)
0         (371.0,-8.0,-20.0,213.0)
0         (370.0,-8.0,-20.0,213.0)
0         (370.0,-9.0,-20.0,213.0)
0         (370.0,-9.0,-20.0,212.0)
0         (370.0,-8.0,-20.0,212.0)
0         (370.0,-8.0,-20.0,211.0)
0         (369.0,-8.0,-20.0,211.0)
0         (369.0,-8.0,-20.0,210.0)
0         (368.0,-8.0,-20.0,210.0)
0         (368.0,-8.0,-20.0,209.0)
0         (368.0,-8.0,-20.0,208.0)
0         (368.0,-8.0,-21.0,208.0)
0         (368.0,-9.0,-21.0,208.0)
0         (368.0,-9.0,-21.0,207.0)
0         (367.0,-9.0,-21.0,207.0)
0         (367.0,-9.0,-22.0,207.0)
0         (367.0,-9.0,-22.0,206.0)
0         (367.0,-9.0,-21.0,206.0)
0         (367.0,-8.0,-21.0,206.0)
0         (367.0,-8.0,-22.0,206.0)
0         (367.0,-8.0,-22.0,207.0)
0         (367.0,-8.0,-21.0,207.0)
0         (367.0,-8.0,-21.0,208.0)
0         (367.0,-9.0,-21.0,208.0)
0         (367.0,-9.0,-22.0,208.0)
0         (368.0,-9.0,-22.0,208.0)
0         (368.0,-9.0,-22.0,207.0)
0         (368.0,-9.0,-22.0,206.0)
0         (368.0,-9.0,-21.0,206.0)
0         (368.0,-8.0,-21.0,206.0)
0         (368.0,-8.0,-22.0,206.0)
0         (368.0,-8.0,-22.0,207.0)
0         (368.0,-8.0,-21.0,207.0)
0         (368.0,-8.0,-20.0,207.0)
0         (367.0,-8.0,-20.0,207.0)
0         (367.0,-9.0,-20.0,207.0)
0         (367.0,-9.0,-20.0,206.0)
0         (367.0,-8.0,-20.0,206.0)
0         (367.0,-8.0,-20.0,205.0)
0         (367.0,-8.0,-21.0,205.0)
0         (367.0,-9.0,-21.0,205.0)
0         (367.0,-9.0,-22.0,205.0)
0         (367.0,-8.0,-22.0,205.0)
0         (367.0,-8.0,-23.0,205.0)
0         (367.0,-8.0,-23.0,206.0)
0         (367.0,-9.0,-23.0,206.0)
0         (367.0,-9.0,-23.0,207.0)
0         (367.0,-8.0,-23.0,207.0)
0         (367.0,-8.0,-23.0,208.0)
0         (367.0,-8.0,-22.0,208.0)
0         (368.0,-8.0,-22.0,208.0)
0         (368.0,-8.0,-23.0,208.0)
0         (368.0,-8.0,-23.0,207.0)
0         (368.0,-9.0,-23.0,207.0)
0         (368.0,-9.0,-23.0,206.0)
0         (368.0,-8.0,-23.0,206.0)
0         (368.0,-8.0,-23.0,205.0)
0         (368.0,-8.0,-22.0,205.0)
0         (368.0,-9.0,-22.0,205.0)
0         (368.0,-9.0,-21.0,205.0)
0         (368.0,-8.0,-21.0,205.0)
0         (368.0,-8.0,-20.0,205.0)
0         (368.0,-8.0,-20.0,206.0)
0         (368.0,-9.0,-20.0,206.0)
0         (368.0,-9.0,-20.0,207.0)
0         (368.0,-9.0,-20.0,208.0)
0         (367.0,-9.0,-20.0,208.0)
0         (367.0,-8.0,-20.0,208.0)
0         (366.0,-8.0,-20.0,208.0)
0         (366.0,-8.0,-20.0,207.0)
0         (366.0,-8.0,-20.0,206.0)
0         (366.0,-8.0,-20.0,205.0)
0         (366.0,-8.0,-20.0,204.0)
0         (365.0,-8.0,-20.0,204.0)
0         (365.0,-8.0,-20.0,203.0)
0         (365.0,-8.0,-20.0,202.0)
0         (365.0,-8.0,-21.0,202.0)
0         (364.0,-8.0,-21.0,202.0)
0         (364.0,-8.0,-21.0,201.0)
0         (364.0,-9.0,-21.0,201.0)
0         (364.0,-9.0,-22.0,201.0)
0         (364.0,-9.0,-22.0,200.0)
0         (364.0,-9.0,-21.0,200.0)
0         (364.0,-8.0,-21.0,200.0)
0         (364.0,-8.0,-22.0,200.0)
0         (364.0,-8.0,-22.0,201.0)
0         (364.0,-8.0,-22.0,202.0)
0         (364.0,-9.0,-22.0,202.0)
0         (364.0,-9.0,-21.0,202.0)
0         (364.0,-10.0,-21.0,202.0)
0         (364.0,-10.0,-21.0,201.0)
0         (364.0,-10.0,-22.0,201.0)
0         (364.0,-10.0,-22.0,200.0)
0         (364.0,-10.0,-21.0,200.0)
0         (364.0,-10.0,-21.0,199.0)
0         (364.0,-9.0,-21.0,199.0)
0         (364.0,-9.0,-22.0,199.0)
0         (364.0,-8.0,-22.0,199.0)
0         (364.0,-8.0,-21.0,199.0)
0         (363.0,-8.0,-21.0,199.0)
0         (363.0,-8.0,-21.0,198.0)
0         (362.0,-8.0,-21.0,198.0)
0         (362.0,-8.0,-21.0,197.0)
0         (362.0,-8.0,-21.0,196.0)
0         (361.0,-8.0,-21.0,196.0)
0         (361.0,-8.0,-21.0,195.0)
0         (361.0,-9.0,-21.0,195.0)
0         (361.0,-9.0,-22.0,195.0)
0         (361.0,-9.0,-22.0,194.0)
0         (361.0,-9.0,-21.0,194.0)
0         (361.0,-8.0,-21.0,194.0)
0         (361.0,-8.0,-22.0,194.0)
0         (361.0,-8.0,-22.0,195.0)
0         (361.0,-8.0,-23.0,195.0)
0         (361.0,-9.0,-23.0,195.0)
0         (361.0,-9.0,-23.0,194.0)
0         (361.0,-9.0,-23.0,193.0)
0         (361.0,-9.0,-22.0,193.0)
0         (361.0,-9.0,-21.0,193.0)
0         (361.0,-8.0,-21.0,193.0)
0         (361.0,-8.0,-22.0,193.0)
0         (361.0,-8.0,-23.0,193.0)
0         (361.0,-8.0,-23.0,194.0)
0         (360.0,-8.0,-23.0,194.0)
0         (360.0,-8.0,-22.0,194.0)
0         (360.0,-9.0,-22.0,194.0)
0         (360.0,-9.0,-22.0,193.0)
0         (360.0,-9.0,-21.0,193.0)
0         (360.0,-9.0,-21.0,192.0)
0         (359.0,-9.0,-21.0,192.0)
0         (359.0,-9.0,-21.0,191.0)
0         (359.0,-9.0,-21.0,190.0)
0         (358.0,-9.0,-21.0,190.0)
0         (358.0,-9.0,-21.0,189.0)
0         (358.0,-9.0,-21.0,188.0)
0         (358.0,-9.0,-22.0,188.0)
0         (358.0,-9.0,-22.0,189.0)
0         (358.0,-8.0,-22.0,189.0)
0         (358.0,-8.0,-22.0,188.0)
0         (358.0,-8.0,-21.0,188.0)
0         (358.0,-8.0,-21.0,187.0)
0         (358.0,-9.0,-21.0,187.0)
0         (358.0,-9.0,-22.0,187.0)
0         (358.0,-8.0,-22.0,187.0)
0         (358.0,-8.0,-23.0,187.0)
0         (358.0,-9.0,-23.0,187.0)
0         (358.0,-9.0,-23.0,188.0)
0         (358.0,-9.0,-23.0,189.0)
0         (358.0,-8.0,-23.0,189.0)
0         (358.0,-8.0,-23.0,188.0)
0         (357.0,-8.0,-23.0,188.0)
0         (357.0,-8.0,-22.0,188.0)
0         (357.0,-9.0,-22.0,188.0)
0         (357.0,-9.0,-22.0,187.0)
0         (357.0,-9.0,-21.0,187.0)
0         (357.0,-9.0,-21.0,188.0)
0         (357.0,-8.0,-21.0,188.0)
0         (357.0,-8.0,-21.0,187.0)
0         (357.0,-8.0,-22.0,187.0)
0         (357.0,-8.0,-22.0,186.0)
0         (357.0,-9.0,-22.0,186.0)
0         (358.0,-9.0,-22.0,186.0)
0         (358.0,-9.0,-21.0,186.0)
0         (357.0,-9.0,-21.0,186.0)
0         (357.0,-8.0,-21.0,186.0)
0         (357.0,-8.0,-20.0,186.0)
0         (356.0,-8.0,-20.0,186.0)
0         (356.0,-8.0,-20.0,185.0)
0         (355.0,-8.0,-20.0,185.0)
0         (355.0,-8.0,-20.0,184.0)
0         (355.0,-8.0,-20.0,183.0)
0         (355.0,-8.0,-21.0,183.0)
0         (355.0,-9.0,-21.0,183.0)
0         (355.0,-9.0,-21.0,182.0)
0         (355.0,-9.0,-22.0,182.0)
0         (355.0,-9.0,-22.0,181.0)
0         (355.0,-9.0,-21.0,181.0)
0         (355.0,-8.0,-21.0,181.0)
0         (355.0,-8.0,-22.0,181.0)
0         (355.0,-8.0,-22.0,182.0)
0         (355.0,-8.0,-21.0,182.0)
0         (354.0,-8.0,-21.0,182.0)
0         (354.0,-9.0,-21.0,182.0)
0         (354.0,-9.0,-22.0,182.0)
0         (354.0,-9.0,-22.0,181.0)
0         (354.0,-9.0,-21.0,181.0)
0         (354.0,-8.0,-21.0,181.0)
0         (354.0,-8.0,-22.0,181.0)
0         (354.0,-8.0,-22.0,182.0)
0         (354.0,-8.0,-23.0,182.0)
0         (355.0,-8.0,-23.0,182.0)
0         (355.0,-9.0,-23.0,182.0)
0         (355.0,-9.0,-23.0,181.0)
0         (354.0,-9.0,-23.0,181.0)
0         (354.0,-9.0,-23.0,182.0)
0         (354.0,-9.0,-23.0,183.0)
0         (355.0,-9.0,-23.0,183.0)
0         (355.0,-9.0,-22.0,183.0)
0         (355.0,-8.0,-22.0,183.0)
0         (354.0,-8.0,-22.0,183.0)
0         (354.0,-9.0,-22.0,183.0)
0         (354.0,-9.0,-21.0,183.0)
0         (354.0,-8.0,-21.0,183.0)
0         (354.0,-8.0,-20.0,183.0)
0         (354.0,-8.0,-20.0,182.0)
0         (354.0,-8.0,-20.0,181.0)
0         (354.0,-9.0,-20.0,181.0)
0         (355.0,-9.0,-20.0,181.0)
0         (355.0,-9.0,-20.0,182.0)
0         (354.0,-9.0,-20.0,182.0)
0         (354.0,-10.0,-20.0,182.0)
0         (354.0,-10.0,-21.0,182.0)
0         (355.0,-10.0,-21.0,182.0)
0         (355.0,-10.0,-22.0,182.0)
0         (355.0,-10.0,-22.0,181.0)
0         (355.0,-10.0,-21.0,181.0)
0         (354.0,-10.0,-21.0,181.0)
0         (354.0,-10.0,-22.0,181.0)
0         (354.0,-10.0,-22.0,182.0)
0         (354.0,-10.0,-23.0,182.0)
0         (355.0,-10.0,-23.0,182.0)
0         (355.0,-10.0,-23.0,181.0)
0         (354.0,-10.0,-23.0,181.0)
0         (354.0,-10.0,-23.0,180.0)
0         (354.0,-9.0,-23.0,180.0)
0         (354.0,-9.0,-22.0,180.0)
0         (355.0,-9.0,-22.0,180.0)
0         (355.0,-9.0,-21.0,180.0)
0         (354.0,-9.0,-21.0,180.0)
0         (354.0,-8.0,-21.0,180.0)
0         (354.0,-8.0,-22.0,180.0)
0         (355.0,-8.0,-22.0,180.0)
0         (355.0,-8.0,-21.0,180.0)
0         (355.0,-8.0,-20.0,180.0)
0         (354.0,-8.0,-20.0,180.0)
0         (354.0,-9.0,-20.0,180.0)
0         (354.0,-10.0,-20.0,180.0)
0         (354.0,-10.0,-21.0,180.0)
0         (354.0,-10.0,-22.0,180.0)
0         (355.0,-10.0,-22.0,180.0)
0         (355.0,-10.0,-21.0,180.0)
0         (355.0,-10.0,-20.0,180.0)
0         (355.0,-9.0,-20.0,180.0)
0         (355.0,-9.0,-20.0,179.0)
0         (354.0,-9.0,-20.0,179.0)
0         (353.0,-9.0,-20.0,179.0)
0         (353.0,-9.0,-20.0,178.0)
0         (352.0,-9.0,-20.0,178.0)
0         (352.0,-9.0,-20.0,177.0)
0         (352.0,-9.0,-21.0,177.0)
0         (352.0,-9.0,-21.0,176.0)
0         (352.0,-9.0,-22.0,176.0)
0         (352.0,-9.0,-22.0,175.0)
0         (352.0,-9.0,-21.0,175.0)
0         (351.0,-9.0,-21.0,175.0)
0         (351.0,-9.0,-22.0,175.0)
0         (351.0,-9.0,-22.0,176.0)
0         (351.0,-9.0,-21.0,176.0)
0         (351.0,-8.0,-21.0,176.0)
0         (352.0,-8.0,-21.0,176.0)
0         (352.0,-8.0,-22.0,176.0)
0         (352.0,-8.0,-22.0,175.0)
0         (352.0,-8.0,-21.0,175.0)
0         (351.0,-8.0,-21.0,175.0)
0         (351.0,-8.0,-22.0,175.0)
0         (351.0,-8.0,-22.0,176.0)
0         (351.0,-8.0,-23.0,176.0)
0         (351.0,-9.0,-23.0,176.0)
0         (352.0,-9.0,-23.0,176.0)
0         (352.0,-9.0,-23.0,175.0)
0         (351.0,-9.0,-23.0,175.0)
0         (351.0,-9.0,-23.0,174.0)
0         (351.0,-9.0,-22.0,174.0)
0         (352.0,-9.0,-22.0,174.0)
0         (352.0,-9.0,-21.0,174.0)
0         (351.0,-9.0,-21.0,174.0)
0         (351.0,-8.0,-21.0,174.0)
0         (351.0,-8.0,-22.0,174.0)
0         (352.0,-8.0,-22.0,174.0)
0         (352.0,-8.0,-21.0,174.0)
0         (352.0,-8.0,-20.0,174.0)
0         (351.0,-8.0,-20.0,174.0)
0         (351.0,-9.0,-20.0,174.0)
0         (351.0,-9.0,-20.0,175.0)
0         (352.0,-9.0,-20.0,175.0)
0         (352.0,-9.0,-20.0,176.0)
0         (351.0,-9.0,-20.0,176.0)
0         (351.0,-8.0,-20.0,176.0)
0         (351.0,-8.0,-20.0,175.0)
0         (352.0,-8.0,-20.0,175.0)
0         (352.0,-8.0,-20.0,176.0)
0         (352.0,-8.0,-20.0,177.0)
0         (352.0,-8.0,-21.0,177.0)
0         (352.0,-8.0,-22.0,177.0)
0         (352.0,-9.0,-22.0,177.0)
0         (351.0,-9.0,-22.0,177.0)
0         (351.0,-9.0,-21.0,177.0)
0         (351.0,-8.0,-21.0,177.0)
0         (351.0,-8.0,-22.0,177.0)
0         (351.0,-8.0,-23.0,177.0)
0         (351.0,-9.0,-23.0,177.0)
0         (352.0,-9.0,-23.0,177.0)
0         (352.0,-8.0,-23.0,177.0)
0         (352.0,-8.0,-23.0,176.0)
0         (352.0,-8.0,-23.0,175.0)
0         (351.0,-8.0,-23.0,175.0)
0         (351.0,-8.0,-23.0,174.0)
0         (352.0,-8.0,-23.0,174.0)
0         (352.0,-9.0,-23.0,174.0)
0         (352.0,-10.0,-23.0,174.0)
0         (352.0,-10.0,-22.0,174.0)
0         (352.0,-10.0,-22.0,175.0)
0         (352.0,-10.0,-22.0,176.0)
0         (352.0,-10.0,-21.0,176.0)
0         (352.0,-10.0,-21.0,175.0)
0         (351.0,-10.0,-21.0,175.0)
0         (351.0,-10.0,-22.0,175.0)
0         (351.0,-10.0,-22.0,176.0)
0         (351.0,-10.0,-21.0,176.0)
0         (351.0,-10.0,-21.0,177.0)
0         (351.0,-10.0,-22.0,177.0)
0         (352.0,-10.0,-22.0,177.0)
0         (352.0,-10.0,-21.0,177.0)
0         (352.0,-10.0,-20.0,177.0)
0         (352.0,-10.0,-20.0,176.0)
0         (351.0,-10.0,-20.0,176.0)
0         (351.0,-10.0,-20.0,175.0)
0         (351.0,-10.0,-20.0,174.0)
0         (351.0,-10.0,-21.0,174.0)
0         (351.0,-10.0,-22.0,174.0)
0         (351.0,-10.0,-23.0,174.0)
0         (351.0,-10.0,-23.0,175.0)
0         (352.0,-10.0,-23.0,175.0)
0         (352.0,-10.0,-23.0,176.0)
0         (351.0,-10.0,-23.0,176.0)
0         (351.0,-10.0,-23.0,177.0)
0         (352.0,-10.0,-23.0,177.0)
0         (352.0,-10.0,-23.0,178.0)
0         (352.0,-9.0,-23.0,178.0)
0         (352.0,-9.0,-22.0,178.0)
0         (351.0,-9.0,-22.0,178.0)
0         (351.0,-9.0,-21.0,178.0)
0         (352.0,-9.0,-21.0,178.0)
0         (352.0,-8.0,-21.0,178.0)
0         (351.0,-8.0,-21.0,178.0)
0         (351.0,-8.0,-22.0,178.0)
0         (352.0,-8.0,-22.0,178.0)
0         (352.0,-8.0,-23.0,178.0)
0         (351.0,-8.0,-23.0,178.0)
0         (351.0,-9.0,-23.0,178.0)
0         (351.0,-10.0,-23.0,178.0)
0         (351.0,-10.0,-22.0,178.0)
0         (351.0,-10.0,-21.0,178.0)
0         (352.0,-10.0,-21.0,178.0)
0         (352.0,-10.0,-22.0,178.0)
0         (352.0,-11.0,-22.0,178.0)
0         (351.0,-11.0,-22.0,178.0)
0         (350.0,-11.0,-22.0,178.0)
0         (349.0,-11.0,-22.0,178.0)
0         (349.0,-12.0,-22.0,178.0)
0         (349.0,-12.0,-22.0,177.0)
0         (349.0,-13.0,-22.0,177.0)
0         (349.0,-13.0,-22.0,176.0)
0         (349.0,-13.0,-22.0,175.0)
0         (348.0,-13.0,-22.0,175.0)
0         (348.0,-13.0,-22.0,176.0)
0         (348.0,-13.0,-21.0,176.0)
0         (348.0,-13.0,-21.0,175.0)
0         (349.0,-13.0,-21.0,175.0)
0         (349.0,-13.0,-21.0,176.0)
0         (349.0,-14.0,-21.0,176.0)
0         (349.0,-14.0,-22.0,176.0)
0         (349.0,-14.0,-22.0,175.0)
0         (348.0,-14.0,-22.0,175.0)
0         (348.0,-14.0,-22.0,176.0)
0         (348.0,-14.0,-21.0,176.0)
0         (348.0,-14.0,-21.0,175.0)
0         (349.0,-14.0,-21.0,175.0)
0         (349.0,-14.0,-21.0,174.0)
0         (348.0,-14.0,-21.0,174.0)
0         (348.0,-13.0,-21.0,174.0)
0         (348.0,-13.0,-22.0,174.0)
0         (348.0,-14.0,-22.0,174.0)
0         (349.0,-14.0,-22.0,174.0)
0         (349.0,-13.0,-22.0,174.0)
0         (349.0,-13.0,-21.0,174.0)
0         (349.0,-12.0,-21.0,174.0)
0         (348.0,-12.0,-21.0,174.0)
0         (348.0,-12.0,-21.0,175.0)
0         (348.0,-12.0,-22.0,175.0)
0         (348.0,-12.0,-22.0,176.0)
0         (348.0,-12.0,-21.0,176.0)
0         (349.0,-12.0,-21.0,176.0)
0         (349.0,-12.0,-22.0,176.0)
0         (349.0,-12.0,-22.0,175.0)
0         (349.0,-12.0,-21.0,175.0)
0         (349.0,-12.0,-20.0,175.0)
0         (349.0,-13.0,-20.0,175.0)
0         (348.0,-13.0,-20.0,175.0)
0         (348.0,-14.0,-20.0,175.0)
0         (348.0,-14.0,-20.0,174.0)
0         (348.0,-13.0,-20.0,174.0)
0         (348.0,-12.0,-20.0,174.0)
0         (347.0,-12.0,-20.0,174.0)
0         (347.0,-12.0,-20.0,173.0)
0         (346.0,-12.0,-20.0,173.0)
0         (346.0,-12.0,-20.0,172.0)
0         (346.0,-12.0,-20.0,171.0)
0         (345.0,-12.0,-20.0,171.0)
0         (345.0,-12.0,-20.0,170.0)
0         (345.0,-12.0,-21.0,170.0)
0         (345.0,-13.0,-21.0,170.0)
0         (345.0,-13.0,-22.0,170.0)
0         (345.0,-13.0,-22.0,169.0)
0         (345.0,-13.0,-21.0,169.0)
0         (345.0,-14.0,-21.0,169.0)
0         (345.0,-14.0,-22.0,169.0)
0         (345.0,-14.0,-22.0,170.0)
0         (345.0,-14.0,-21.0,170.0)
0         (346.0,-14.0,-21.0,170.0)
0         (346.0,-13.0,-21.0,170.0)
0         (346.0,-13.0,-22.0,170.0)
0         (346.0,-13.0,-22.0,169.0)
0         (346.0,-13.0,-21.0,169.0)
0         (346.0,-14.0,-21.0,169.0)
0         (346.0,-14.0,-22.0,169.0)
0         (346.0,-14.0,-22.0,170.0)
0         (346.0,-14.0,-23.0,170.0)
0         (345.0,-14.0,-23.0,170.0)
0         (345.0,-14.0,-23.0,169.0)
0         (345.0,-13.0,-23.0,169.0)
0         (345.0,-13.0,-23.0,170.0)
0         (346.0,-13.0,-23.0,170.0)
0         (346.0,-13.0,-23.0,169.0)
0         (346.0,-14.0,-23.0,169.0)
0         (346.0,-14.0,-23.0,168.0)
0         (346.0,-14.0,-22.0,168.0)
0         (345.0,-14.0,-22.0,168.0)
0         (345.0,-13.0,-22.0,168.0)
0         (345.0,-13.0,-21.0,168.0)
0         (345.0,-14.0,-21.0,168.0)
0         (346.0,-14.0,-21.0,168.0)
0         (346.0,-13.0,-21.0,168.0)
0         (346.0,-13.0,-22.0,168.0)
0         (346.0,-13.0,-23.0,168.0)
0         (345.0,-13.0,-23.0,168.0)
0         (345.0,-14.0,-23.0,168.0)
0         (345.0,-14.0,-23.0,167.0)
0         (345.0,-14.0,-22.0,167.0)
0         (345.0,-13.0,-22.0,167.0)
0         (345.0,-13.0,-21.0,167.0)
0         (344.0,-13.0,-21.0,167.0)
0         (344.0,-13.0,-21.0,166.0)
0         (343.0,-13.0,-21.0,166.0)
0         (343.0,-13.0,-21.0,165.0)
0         (343.0,-13.0,-21.0,164.0)
0         (342.0,-13.0,-21.0,164.0)
0         (342.0,-13.0,-21.0,163.0)
0         (342.0,-13.0,-22.0,163.0)
0         (342.0,-14.0,-22.0,163.0)
0         (342.0,-14.0,-21.0,163.0)
0         (342.0,-14.0,-21.0,162.0)
0         (342.0,-13.0,-21.0,162.0)
0         (342.0,-13.0,-22.0,162.0)
0         (342.0,-14.0,-22.0,162.0)
0         (342.0,-14.0,-23.0,162.0)
0         (342.0,-13.0,-23.0,162.0)
0         (342.0,-13.0,-23.0,163.0)
0         (342.0,-14.0,-23.0,163.0)
0         (342.0,-14.0,-23.0,164.0)
0         (342.0,-14.0,-22.0,164.0)
0         (342.0,-13.0,-22.0,164.0)
0         (342.0,-13.0,-23.0,164.0)
0         (343.0,-13.0,-23.0,164.0)
0         (343.0,-13.0,-22.0,164.0)
0         (343.0,-13.0,-22.0,163.0)
0         (343.0,-13.0,-21.0,163.0)
0         (343.0,-14.0,-21.0,163.0)
0         (343.0,-14.0,-22.0,163.0)
0         (343.0,-14.0,-22.0,162.0)
0         (343.0,-13.0,-22.0,162.0)
0         (343.0,-13.0,-21.0,162.0)
0         (343.0,-14.0,-21.0,162.0)
0         (343.0,-14.0,-21.0,161.0)
0         (342.0,-14.0,-21.0,161.0)
0         (342.0,-13.0,-21.0,161.0)
0         (342.0,-13.0,-22.0,161.0)
0         (342.0,-14.0,-22.0,161.0)
0         (342.0,-14.0,-23.0,161.0)
0         (342.0,-13.0,-23.0,161.0)
0         (341.0,-13.0,-23.0,161.0)
0         (341.0,-13.0,-23.0,160.0)
0         (340.0,-13.0,-23.0,160.0)
0         (340.0,-13.0,-23.0,159.0)
0         (340.0,-13.0,-23.0,158.0)
0         (339.0,-13.0,-23.0,158.0)
0         (339.0,-13.0,-22.0,158.0)
0         (339.0,-13.0,-22.0,157.0)
0         (339.0,-13.0,-22.0,156.0)
0         (339.0,-13.0,-21.0,156.0)
0         (339.0,-13.0,-21.0,157.0)
0         (339.0,-14.0,-21.0,157.0)
0         (339.0,-14.0,-22.0,157.0)
0         (339.0,-14.0,-22.0,156.0)
0         (339.0,-14.0,-21.0,156.0)
0         (339.0,-14.0,-21.0,155.0)
0         (339.0,-13.0,-21.0,155.0)
0         (339.0,-13.0,-22.0,155.0)
0         (339.0,-14.0,-22.0,155.0)
0         (339.0,-14.0,-23.0,155.0)
0         (339.0,-14.0,-23.0,156.0)
0         (339.0,-13.0,-23.0,156.0)
0         (339.0,-13.0,-23.0,157.0)
0         (339.0,-14.0,-23.0,157.0)
0         (339.0,-14.0,-23.0,158.0)
0         (339.0,-14.0,-22.0,158.0)
0         (339.0,-14.0,-21.0,158.0)
0         (339.0,-13.0,-21.0,158.0)
0         (339.0,-12.0,-21.0,158.0)
0         (339.0,-12.0,-21.0,157.0)
0         (339.0,-12.0,-22.0,157.0)
0         (339.0,-12.0,-22.0,156.0)
0         (339.0,-12.0,-21.0,156.0)
0         (339.0,-12.0,-21.0,155.0)
0         (339.0,-12.0,-22.0,155.0)
0         (338.0,-12.0,-22.0,155.0)
0         (338.0,-13.0,-22.0,155.0)
0         (338.0,-13.0,-22.0,156.0)
0         (338.0,-13.0,-21.0,156.0)
0         (338.0,-13.0,-21.0,155.0)
0         (338.0,-14.0,-21.0,155.0)
0         (338.0,-14.0,-22.0,155.0)
0         (338.0,-14.0,-22.0,156.0)
0         (338.0,-14.0,-21.0,156.0)
0         (338.0,-14.0,-21.0,157.0)
0         (338.0,-13.0,-21.0,157.0)
0         (338.0,-13.0,-22.0,157.0)
0         (338.0,-14.0,-22.0,157.0)
0         (338.0,-14.0,-23.0,157.0)
0         (338.0,-14.0,-23.0,156.0)
0         (338.0,-13.0,-23.0,156.0)
0         (338.0,-13.0,-23.0,155.0)
0         (339.0,-13.0,-23.0,155.0)
0         (339.0,-12.0,-23.0,155.0)
0         (339.0,-12.0,-23.0,156.0)
0         (339.0,-12.0,-23.0,157.0)
0         (339.0,-12.0,-23.0,158.0)
0         (339.0,-12.0,-22.0,158.0)
0         (338.0,-12.0,-22.0,158.0)
0         (338.0,-12.0,-22.0,157.0)
0         (338.0,-12.0,-22.0,156.0)
0         (338.0,-12.0,-21.0,156.0)
0         (338.0,-12.0,-21.0,155.0)
0         (338.0,-12.0,-21.0,154.0)
0         (337.0,-12.0,-21.0,154.0)
0         (337.0,-12.0,-21.0,153.0)
0         (336.0,-12.0,-21.0,153.0)
0         (336.0,-12.0,-21.0,152.0)
0         (336.0,-13.0,-21.0,152.0)
0         (336.0,-13.0,-21.0,151.0)
0         (336.0,-13.0,-22.0,151.0)
0         (336.0,-13.0,-22.0,150.0)
0         (336.0,-13.0,-21.0,150.0)
0         (336.0,-14.0,-21.0,150.0)
0         (336.0,-14.0,-22.0,150.0)
0         (336.0,-14.0,-22.0,151.0)
0         (336.0,-14.0,-21.0,151.0)
0         (336.0,-14.0,-21.0,152.0)
0         (336.0,-14.0,-22.0,152.0)
0         (336.0,-13.0,-22.0,152.0)
0         (336.0,-13.0,-23.0,152.0)
0         (336.0,-13.0,-23.0,151.0)
0         (336.0,-13.0,-23.0,150.0)
0         (336.0,-14.0,-23.0,150.0)
0         (336.0,-14.0,-23.0,151.0)
0         (336.0,-14.0,-23.0,152.0)
0         (335.0,-14.0,-23.0,152.0)
0         (335.0,-14.0,-23.0,151.0)
0         (335.0,-14.0,-22.0,151.0)
0         (335.0,-14.0,-22.0,150.0)
0         (335.0,-13.0,-22.0,150.0)
0         (335.0,-13.0,-21.0,150.0)
0         (335.0,-13.0,-21.0,149.0)
0         (336.0,-13.0,-21.0,149.0)
0         (336.0,-13.0,-22.0,149.0)
0         (336.0,-14.0,-22.0,149.0)
0         (336.0,-14.0,-21.0,149.0)
0         (335.0,-14.0,-21.0,149.0)
0         (335.0,-14.0,-21.0,150.0)
0         (335.0,-14.0,-21.0,151.0)
0         (335.0,-13.0,-21.0,151.0)
0         (335.0,-13.0,-22.0,151.0)
0         (335.0,-13.0,-23.0,151.0)
0         (335.0,-13.0,-23.0,150.0)
0         (335.0,-13.0,-23.0,149.0)
0         (336.0,-13.0,-23.0,149.0)
0         (336.0,-14.0,-23.0,149.0)
0         (335.0,-14.0,-23.0,149.0)
0         (335.0,-14.0,-22.0,149.0)
0         (335.0,-13.0,-22.0,149.0)
0         (335.0,-12.0,-22.0,149.0)
0         (336.0,-12.0,-22.0,149.0)
0         (336.0,-12.0,-22.0,150.0)
0         (336.0,-12.0,-22.0,151.0)
0         (336.0,-12.0,-21.0,151.0)
0         (336.0,-12.0,-21.0,150.0)
0         (336.0,-12.0,-21.0,149.0)
0         (335.0,-12.0,-21.0,149.0)
0         (335.0,-12.0,-21.0,150.0)
0         (335.0,-12.0,-22.0,150.0)
