# run = 22
ltot         F            S   
0         -2.7718e+02    (-536.0,574.0,491.0,-496.0)
1         -2.7634e+02    (-535.0,574.0,491.0,-496.0)
2         -2.7584e+02    (-534.0,574.0,491.0,-496.0)
3         -2.7540e+02    (-534.0,574.0,490.0,-496.0)
4         -2.7494e+02    (-534.0,573.0,490.0,-496.0)
5         -2.7476e+02    (-534.0,573.0,489.0,-496.0)
6         -2.7471e+02    (-534.0,573.0,489.0,-495.0)
7         -2.7463e+02    (-534.0,572.0,489.0,-495.0)
8         -2.7459e+02    (-534.0,572.0,488.0,-495.0)
9         -2.7447e+02    (-533.0,572.0,488.0,-495.0)
10        -2.7430e+02    (-533.0,572.0,488.0,-494.0)
11        -2.7407e+02    (-533.0,571.0,488.0,-494.0)
12        -2.7382e+02    (-532.0,571.0,488.0,-494.0)
13        -2.7347e+02    (-532.0,570.0,488.0,-494.0)
14        -2.7314e+02    (-531.0,570.0,488.0,-494.0)
15        -2.7278e+02    (-531.0,569.0,488.0,-494.0)
16        -2.7251e+02    (-531.0,568.0,488.0,-494.0)
17        -2.7232e+02    (-530.0,568.0,488.0,-494.0)
18        -2.7210e+02    (-530.0,567.0,488.0,-494.0)
19        -2.7190e+02    (-530.0,566.0,488.0,-494.0)
20        -2.7157e+02    (-529.0,566.0,488.0,-494.0)
21        -2.7125e+02    (-529.0,565.0,488.0,-494.0)
22        -2.7088e+02    (-528.0,565.0,488.0,-494.0)
23        -2.7057e+02    (-528.0,564.0,488.0,-494.0)
24        -2.7036e+02    (-528.0,563.0,488.0,-494.0)
25        -2.7013e+02    (-527.0,563.0,488.0,-494.0)
26        -2.6994e+02    (-527.0,562.0,488.0,-494.0)
27        -2.6967e+02    (-526.0,562.0,488.0,-494.0)
28        -2.6937e+02    (-526.0,561.0,488.0,-494.0)
29        -2.6900e+02    (-525.0,561.0,488.0,-494.0)
30        -2.6866e+02    (-525.0,560.0,488.0,-494.0)
31        -2.6841e+02    (-525.0,559.0,488.0,-494.0)
32        -2.6817e+02    (-524.0,559.0,488.0,-494.0)
33        -2.6798e+02    (-524.0,558.0,488.0,-494.0)
34        -2.6777e+02    (-523.0,558.0,488.0,-494.0)
35        -2.6748e+02    (-523.0,557.0,488.0,-494.0)
36        -2.6716e+02    (-522.0,557.0,488.0,-494.0)
37        -2.6679e+02    (-522.0,556.0,488.0,-494.0)
38        -2.6650e+02    (-522.0,555.0,488.0,-494.0)
39        -2.6624e+02    (-521.0,555.0,488.0,-494.0)
40        -2.6603e+02    (-521.0,554.0,488.0,-494.0)
41        -2.6587e+02    (-520.0,554.0,488.0,-494.0)
42        -2.6560e+02    (-520.0,553.0,488.0,-494.0)
43        -2.6532e+02    (-519.0,553.0,488.0,-494.0)
44        -2.6494e+02    (-519.0,552.0,488.0,-494.0)
45        -2.6462e+02    (-519.0,551.0,488.0,-494.0)
46        -2.6434e+02    (-518.0,551.0,488.0,-494.0)
47        -2.6410e+02    (-518.0,550.0,488.0,-494.0)
48        -2.6394e+02    (-518.0,549.0,488.0,-494.0)
49        -2.6371e+02    (-517.0,549.0,488.0,-494.0)
50        -2.6346e+02    (-517.0,548.0,488.0,-494.0)
51        -2.6312e+02    (-516.0,548.0,488.0,-494.0)
52        -2.6278e+02    (-516.0,547.0,488.0,-494.0)
53        -2.6247e+02    (-515.0,547.0,488.0,-494.0)
54        -2.6219e+02    (-515.0,546.0,488.0,-494.0)
55        -2.6201e+02    (-515.0,545.0,488.0,-494.0)
56        -2.6181e+02    (-514.0,545.0,488.0,-494.0)
57        -2.6159e+02    (-514.0,544.0,488.0,-494.0)
58        -2.6130e+02    (-513.0,544.0,488.0,-494.0)
59        -2.6095e+02    (-513.0,543.0,488.0,-494.0)
60        -2.6064e+02    (-512.0,543.0,488.0,-494.0)
61        -2.6032e+02    (-512.0,542.0,488.0,-494.0)
62        -2.6010e+02    (-512.0,541.0,488.0,-494.0)
63        -2.5992e+02    (-511.0,541.0,488.0,-494.0)
64        -2.5971e+02    (-511.0,540.0,488.0,-494.0)
65        -2.5948e+02    (-511.0,540.0,487.0,-494.0)
66        -2.5921e+02    (-511.0,539.0,487.0,-494.0)
67        -2.5892e+02    (-511.0,539.0,486.0,-494.0)
68        -2.5861e+02    (-511.0,538.0,486.0,-494.0)
69        -2.5830e+02    (-511.0,538.0,485.0,-494.0)
70        -2.5804e+02    (-511.0,537.0,485.0,-494.0)
71        -2.5779e+02    (-511.0,537.0,484.0,-494.0)
72        -2.5758e+02    (-511.0,537.0,483.0,-494.0)
73        -2.5738e+02    (-511.0,536.0,483.0,-494.0)
74        -2.5718e+02    (-511.0,536.0,482.0,-494.0)
75        -2.5694e+02    (-511.0,535.0,482.0,-494.0)
76        -2.5666e+02    (-510.0,535.0,482.0,-494.0)
77        -2.5637e+02    (-510.0,534.0,482.0,-494.0)
78        -2.5607e+02    (-509.0,534.0,482.0,-494.0)
79        -2.5579e+02    (-509.0,533.0,482.0,-494.0)
80        -2.5555e+02    (-509.0,532.0,482.0,-494.0)
81        -2.5532e+02    (-508.0,532.0,482.0,-494.0)
82        -2.5509e+02    (-508.0,531.0,482.0,-494.0)
83        -2.5484e+02    (-507.0,531.0,482.0,-494.0)
84        -2.5456e+02    (-507.0,530.0,482.0,-494.0)
85        -2.5427e+02    (-506.0,530.0,482.0,-494.0)
86        -2.5397e+02    (-506.0,529.0,482.0,-494.0)
87        -2.5371e+02    (-506.0,528.0,482.0,-494.0)
88        -2.5348e+02    (-505.0,528.0,482.0,-494.0)
89        -2.5325e+02    (-505.0,527.0,482.0,-494.0)
90        -2.5303e+02    (-504.0,527.0,482.0,-494.0)
91        -2.5276e+02    (-504.0,526.0,482.0,-494.0)
92        -2.5248e+02    (-503.0,526.0,482.0,-494.0)
93        -2.5217e+02    (-503.0,525.0,482.0,-494.0)
94        -2.5190e+02    (-503.0,524.0,482.0,-494.0)
95        -2.5166e+02    (-502.0,524.0,482.0,-494.0)
96        -2.5143e+02    (-502.0,523.0,482.0,-494.0)
97        -2.5121e+02    (-502.0,522.0,482.0,-494.0)
98        -2.5096e+02    (-501.0,522.0,482.0,-494.0)
99        -2.5070e+02    (-501.0,521.0,482.0,-494.0)
100       -2.5039e+02    (-500.0,521.0,482.0,-494.0)
101       -2.5011e+02    (-500.0,520.0,482.0,-494.0)
102       -2.4986e+02    (-499.0,520.0,482.0,-494.0)
103       -2.4961e+02    (-499.0,519.0,482.0,-494.0)
104       -2.4940e+02    (-499.0,518.0,482.0,-494.0)
105       -2.4917e+02    (-498.0,518.0,482.0,-494.0)
106       -2.4892e+02    (-498.0,517.0,482.0,-494.0)
107       -2.4863e+02    (-497.0,517.0,482.0,-494.0)
108       -2.4834e+02    (-497.0,516.0,482.0,-494.0)
109       -2.4808e+02    (-497.0,515.0,482.0,-494.0)
110       -2.4782e+02    (-496.0,515.0,482.0,-494.0)
111       -2.4759e+02    (-496.0,514.0,482.0,-494.0)
112       -2.4738e+02    (-495.0,514.0,482.0,-494.0)
113       -2.4714e+02    (-495.0,513.0,482.0,-494.0)
114       -2.4688e+02    (-494.0,513.0,482.0,-494.0)
115       -2.4659e+02    (-494.0,512.0,482.0,-494.0)
116       -2.4631e+02    (-494.0,511.0,482.0,-494.0)
117       -2.4604e+02    (-493.0,511.0,482.0,-494.0)
118       -2.4581e+02    (-493.0,510.0,482.0,-494.0)
119       -2.4560e+02    (-493.0,509.0,482.0,-494.0)
120       -2.4537e+02    (-492.0,509.0,482.0,-494.0)
121       -2.4513e+02    (-492.0,509.0,482.0,-493.0)
122       -2.4487e+02    (-492.0,508.0,482.0,-493.0)
123       -2.4461e+02    (-492.0,508.0,482.0,-492.0)
124       -2.4433e+02    (-492.0,507.0,482.0,-492.0)
125       -2.4406e+02    (-492.0,507.0,482.0,-491.0)
126       -2.4381e+02    (-492.0,506.0,482.0,-491.0)
127       -2.4355e+02    (-492.0,506.0,482.0,-490.0)
128       -2.4332e+02    (-492.0,506.0,482.0,-489.0)
129       -2.4310e+02    (-492.0,505.0,482.0,-489.0)
130       -2.4287e+02    (-492.0,505.0,482.0,-488.0)
131       -2.4264e+02    (-492.0,505.0,482.0,-487.0)
132       -2.4239e+02    (-492.0,504.0,482.0,-487.0)
133       -2.4214e+02    (-492.0,504.0,482.0,-486.0)
134       -2.4187e+02    (-492.0,503.0,482.0,-486.0)
135       -2.4160e+02    (-492.0,503.0,482.0,-485.0)
136       -2.4134e+02    (-492.0,502.0,482.0,-485.0)
137       -2.4108e+02    (-492.0,502.0,482.0,-484.0)
138       -2.4084e+02    (-492.0,502.0,482.0,-483.0)
139       -2.4061e+02    (-492.0,501.0,482.0,-483.0)
140       -2.4039e+02    (-492.0,501.0,482.0,-482.0)
141       -2.4017e+02    (-492.0,500.0,482.0,-482.0)
142       -2.3994e+02    (-492.0,500.0,482.0,-481.0)
143       -2.3969e+02    (-491.0,500.0,482.0,-481.0)
144       -2.3943e+02    (-491.0,499.0,482.0,-481.0)
145       -2.3917e+02    (-491.0,498.0,482.0,-481.0)
146       -2.3891e+02    (-490.0,498.0,482.0,-481.0)
147       -2.3866e+02    (-490.0,497.0,482.0,-481.0)
148       -2.3843e+02    (-490.0,496.0,482.0,-481.0)
149       -2.3820e+02    (-489.0,496.0,482.0,-481.0)
150       -2.3796e+02    (-489.0,495.0,482.0,-481.0)
151       -2.3771e+02    (-489.0,495.0,482.0,-480.0)
152       -2.3744e+02    (-489.0,494.0,482.0,-480.0)
153       -2.3716e+02    (-489.0,494.0,482.0,-479.0)
154       -2.3690e+02    (-489.0,494.0,482.0,-478.0)
155       -2.3663e+02    (-489.0,493.0,482.0,-478.0)
156       -2.3639e+02    (-489.0,493.0,482.0,-477.0)
157       -2.3618e+02    (-489.0,492.0,482.0,-477.0)
158       -2.3596e+02    (-489.0,492.0,482.0,-476.0)
159       -2.3576e+02    (-489.0,492.0,482.0,-475.0)
160       -2.3554e+02    (-489.0,491.0,482.0,-475.0)
161       -2.3530e+02    (-488.0,491.0,482.0,-475.0)
162       -2.3503e+02    (-488.0,490.0,482.0,-475.0)
163       -2.3476e+02    (-487.0,490.0,482.0,-475.0)
164       -2.3449e+02    (-487.0,489.0,482.0,-475.0)
165       -2.3425e+02    (-487.0,488.0,482.0,-475.0)
166       -2.3403e+02    (-486.0,488.0,482.0,-475.0)
167       -2.3381e+02    (-486.0,487.0,482.0,-475.0)
168       -2.3360e+02    (-485.0,487.0,482.0,-475.0)
169       -2.3333e+02    (-485.0,487.0,481.0,-475.0)
170       -2.3307e+02    (-484.0,487.0,481.0,-475.0)
171       -2.3278e+02    (-484.0,487.0,480.0,-475.0)
172       -2.3252e+02    (-484.0,487.0,479.0,-475.0)
173       -2.3229e+02    (-484.0,487.0,478.0,-475.0)
174       -2.3208e+02    (-483.0,487.0,478.0,-475.0)
175       -2.3187e+02    (-483.0,487.0,477.0,-475.0)
176       -2.3167e+02    (-483.0,487.0,476.0,-475.0)
177       -2.3142e+02    (-483.0,486.0,476.0,-475.0)
178       -2.3114e+02    (-483.0,486.0,475.0,-475.0)
179       -2.3083e+02    (-483.0,485.0,475.0,-475.0)
180       -2.3053e+02    (-483.0,485.0,474.0,-475.0)
181       -2.3027e+02    (-483.0,484.0,474.0,-475.0)
182       -2.3002e+02    (-483.0,484.0,473.0,-475.0)
183       -2.2985e+02    (-483.0,484.0,472.0,-475.0)
184       -2.2966e+02    (-483.0,483.0,472.0,-475.0)
185       -2.2949e+02    (-483.0,483.0,471.0,-475.0)
186       -2.2927e+02    (-483.0,482.0,471.0,-475.0)
187       -2.2903e+02    (-482.0,482.0,471.0,-475.0)
188       -2.2878e+02    (-482.0,481.0,471.0,-475.0)
189       -2.2851e+02    (-481.0,481.0,471.0,-475.0)
190       -2.2825e+02    (-481.0,480.0,471.0,-475.0)
191       -2.2802e+02    (-480.0,480.0,471.0,-475.0)
192       -2.2779e+02    (-480.0,479.0,471.0,-475.0)
193       -2.2758e+02    (-480.0,478.0,471.0,-475.0)
194       -2.2735e+02    (-479.0,478.0,471.0,-475.0)
195       -2.2711e+02    (-479.0,477.0,471.0,-475.0)
196       -2.2685e+02    (-478.0,477.0,471.0,-475.0)
197       -2.2659e+02    (-478.0,476.0,471.0,-475.0)
198       -2.2635e+02    (-478.0,475.0,471.0,-475.0)
199       -2.2611e+02    (-477.0,475.0,471.0,-475.0)
200       -2.2589e+02    (-477.0,474.0,471.0,-475.0)
201       -2.2568e+02    (-476.0,474.0,471.0,-475.0)
202       -2.2544e+02    (-476.0,473.0,471.0,-475.0)
203       -2.2520e+02    (-475.0,473.0,471.0,-475.0)
204       -2.2494e+02    (-475.0,472.0,471.0,-475.0)
205       -2.2469e+02    (-475.0,471.0,471.0,-475.0)
206       -2.2444e+02    (-474.0,471.0,471.0,-475.0)
207       -2.2422e+02    (-474.0,470.0,471.0,-475.0)
208       -2.2402e+02    (-473.0,470.0,471.0,-475.0)
209       -2.2379e+02    (-473.0,469.0,471.0,-475.0)
210       -2.2355e+02    (-473.0,469.0,471.0,-474.0)
211       -2.2331e+02    (-472.0,469.0,471.0,-474.0)
212       -2.2306e+02    (-472.0,469.0,471.0,-473.0)
213       -2.2282e+02    (-472.0,469.0,471.0,-472.0)
214       -2.2257e+02    (-471.0,469.0,471.0,-472.0)
215       -2.2234e+02    (-471.0,469.0,471.0,-471.0)
216       -2.2211e+02    (-471.0,469.0,471.0,-470.0)
217       -2.2189e+02    (-471.0,469.0,471.0,-469.0)
218       -2.2166e+02    (-470.0,469.0,471.0,-469.0)
219       -2.2143e+02    (-470.0,469.0,471.0,-468.0)
220       -2.2120e+02    (-470.0,469.0,470.0,-468.0)
221       -2.2095e+02    (-470.0,469.0,470.0,-467.0)
222       -2.2070e+02    (-470.0,469.0,469.0,-467.0)
223       -2.2045e+02    (-470.0,469.0,469.0,-466.0)
224       -2.2021e+02    (-470.0,469.0,468.0,-466.0)
225       -2.1996e+02    (-470.0,469.0,468.0,-465.0)
226       -2.1974e+02    (-470.0,469.0,468.0,-464.0)
227       -2.1951e+02    (-470.0,469.0,467.0,-464.0)
228       -2.1930e+02    (-470.0,469.0,467.0,-463.0)
229       -2.1908e+02    (-470.0,469.0,466.0,-463.0)
230       -2.1886e+02    (-470.0,469.0,466.0,-462.0)
231       -2.1863e+02    (-470.0,469.0,465.0,-462.0)
232       -2.1840e+02    (-470.0,468.0,465.0,-462.0)
233       -2.1816e+02    (-470.0,468.0,464.0,-462.0)
234       -2.1791e+02    (-470.0,467.0,464.0,-462.0)
235       -2.1767e+02    (-470.0,467.0,463.0,-462.0)
236       -2.1744e+02    (-470.0,466.0,463.0,-462.0)
237       -2.1721e+02    (-470.0,466.0,462.0,-462.0)
238       -2.1699e+02    (-470.0,466.0,461.0,-462.0)
239       -2.1676e+02    (-470.0,465.0,461.0,-462.0)
240       -2.1654e+02    (-470.0,465.0,460.0,-462.0)
241       -2.1631e+02    (-470.0,464.0,460.0,-462.0)
242       -2.1607e+02    (-469.0,464.0,460.0,-462.0)
243       -2.1584e+02    (-469.0,463.0,460.0,-462.0)
244       -2.1560e+02    (-468.0,463.0,460.0,-462.0)
245       -2.1537e+02    (-468.0,462.0,460.0,-462.0)
246       -2.1514e+02    (-467.0,462.0,460.0,-462.0)
247       -2.1491e+02    (-467.0,461.0,460.0,-462.0)
248       -2.1468e+02    (-467.0,460.0,460.0,-462.0)
249       -2.1445e+02    (-466.0,460.0,460.0,-462.0)
250       -2.1422e+02    (-466.0,460.0,460.0,-461.0)
251       -2.1398e+02    (-465.0,460.0,460.0,-461.0)
252       -2.1375e+02    (-465.0,460.0,460.0,-460.0)
253       -2.1351e+02    (-465.0,460.0,460.0,-459.0)
254       -2.1328e+02    (-465.0,460.0,460.0,-458.0)
255       -2.1306e+02    (-464.0,460.0,460.0,-458.0)
256       -2.1283e+02    (-464.0,460.0,460.0,-457.0)
257       -2.1261e+02    (-464.0,460.0,460.0,-456.0)
258       -2.1238e+02    (-463.0,460.0,460.0,-456.0)
259       -2.1214e+02    (-463.0,459.0,460.0,-456.0)
260       -2.1190e+02    (-462.0,459.0,460.0,-456.0)
261       -2.1166e+02    (-462.0,458.0,460.0,-456.0)
262       -2.1143e+02    (-462.0,457.0,460.0,-456.0)
263       -2.1121e+02    (-461.0,457.0,460.0,-456.0)
264       -2.1099e+02    (-461.0,456.0,460.0,-456.0)
265       -2.1077e+02    (-460.0,456.0,460.0,-456.0)
266       -2.1053e+02    (-460.0,456.0,459.0,-456.0)
267       -2.1027e+02    (-459.0,456.0,459.0,-456.0)
268       -2.1000e+02    (-459.0,456.0,458.0,-456.0)
269       -2.0976e+02    (-459.0,456.0,457.0,-456.0)
270       -2.0955e+02    (-458.0,456.0,457.0,-456.0)
271       -2.0933e+02    (-458.0,456.0,456.0,-456.0)
272       -2.0914e+02    (-458.0,456.0,455.0,-456.0)
273       -2.0894e+02    (-457.0,456.0,455.0,-456.0)
274       -2.0870e+02    (-457.0,456.0,455.0,-455.0)
275       -2.0845e+02    (-456.0,456.0,455.0,-455.0)
276       -2.0816e+02    (-456.0,456.0,455.0,-454.0)
277       -2.0790e+02    (-456.0,456.0,455.0,-453.0)
278       -2.0767e+02    (-456.0,456.0,455.0,-452.0)
279       -2.0745e+02    (-455.0,456.0,455.0,-452.0)
280       -2.0725e+02    (-455.0,456.0,455.0,-451.0)
281       -2.0707e+02    (-455.0,456.0,455.0,-450.0)
282       -2.0689e+02    (-454.0,456.0,455.0,-450.0)
283       -2.0667e+02    (-454.0,455.0,455.0,-450.0)
284       -2.0641e+02    (-453.0,455.0,455.0,-450.0)
285       -2.0612e+02    (-453.0,454.0,455.0,-450.0)
286       -2.0588e+02    (-453.0,453.0,455.0,-450.0)
287       -2.0564e+02    (-452.0,453.0,455.0,-450.0)
288       -2.0545e+02    (-452.0,452.0,455.0,-450.0)
289       -2.0529e+02    (-451.0,452.0,455.0,-450.0)
290       -2.0508e+02    (-451.0,451.0,455.0,-450.0)
291       -2.0485e+02    (-451.0,451.0,454.0,-450.0)
292       -2.0462e+02    (-451.0,450.0,454.0,-450.0)
293       -2.0437e+02    (-451.0,450.0,453.0,-450.0)
294       -2.0413e+02    (-451.0,449.0,453.0,-450.0)
295       -2.0389e+02    (-451.0,449.0,452.0,-450.0)
296       -2.0366e+02    (-451.0,449.0,451.0,-450.0)
297       -2.0345e+02    (-451.0,448.0,451.0,-450.0)
298       -2.0324e+02    (-451.0,448.0,450.0,-450.0)
299       -2.0304e+02    (-451.0,447.0,450.0,-450.0)
300       -2.0283e+02    (-451.0,447.0,449.0,-450.0)
301       -2.0260e+02    (-451.0,447.0,449.0,-449.0)
302       -2.0237e+02    (-451.0,447.0,448.0,-449.0)
303       -2.0214e+02    (-451.0,447.0,448.0,-448.0)
304       -2.0190e+02    (-451.0,447.0,447.0,-448.0)
305       -2.0166e+02    (-451.0,447.0,447.0,-447.0)
306       -2.0143e+02    (-451.0,447.0,446.0,-447.0)
307       -2.0120e+02    (-451.0,447.0,446.0,-446.0)
308       -2.0099e+02    (-451.0,447.0,446.0,-445.0)
309       -2.0077e+02    (-451.0,447.0,445.0,-445.0)
310       -2.0057e+02    (-451.0,447.0,445.0,-444.0)
311       -2.0036e+02    (-451.0,447.0,444.0,-444.0)
312       -2.0015e+02    (-451.0,447.0,444.0,-443.0)
313       -1.9992e+02    (-450.0,447.0,444.0,-443.0)
314       -1.9967e+02    (-450.0,447.0,444.0,-442.0)
315       -1.9942e+02    (-450.0,447.0,444.0,-441.0)
316       -1.9917e+02    (-449.0,447.0,444.0,-441.0)
317       -1.9894e+02    (-449.0,447.0,444.0,-440.0)
318       -1.9873e+02    (-449.0,447.0,444.0,-439.0)
319       -1.9854e+02    (-449.0,447.0,444.0,-438.0)
320       -1.9835e+02    (-448.0,447.0,444.0,-438.0)
321       -1.9815e+02    (-448.0,447.0,444.0,-437.0)
322       -1.9794e+02    (-448.0,446.0,444.0,-437.0)
323       -1.9770e+02    (-447.0,446.0,444.0,-437.0)
324       -1.9746e+02    (-447.0,445.0,444.0,-437.0)
325       -1.9722e+02    (-446.0,445.0,444.0,-437.0)
326       -1.9699e+02    (-446.0,444.0,444.0,-437.0)
327       -1.9679e+02    (-446.0,443.0,444.0,-437.0)
328       -1.9658e+02    (-445.0,443.0,444.0,-437.0)
329       -1.9637e+02    (-445.0,442.0,444.0,-437.0)
330       -1.9615e+02    (-444.0,442.0,444.0,-437.0)
331       -1.9591e+02    (-444.0,441.0,444.0,-437.0)
332       -1.9568e+02    (-443.0,441.0,444.0,-437.0)
333       -1.9544e+02    (-443.0,440.0,444.0,-437.0)
334       -1.9523e+02    (-443.0,439.0,444.0,-437.0)
335       -1.9503e+02    (-442.0,439.0,444.0,-437.0)
336       -1.9482e+02    (-442.0,438.0,444.0,-437.0)
337       -1.9461e+02    (-441.0,438.0,444.0,-437.0)
338       -1.9438e+02    (-441.0,438.0,444.0,-436.0)
339       -1.9414e+02    (-440.0,438.0,444.0,-436.0)
340       -1.9389e+02    (-440.0,438.0,444.0,-435.0)
341       -1.9366e+02    (-440.0,438.0,444.0,-434.0)
342       -1.9344e+02    (-440.0,438.0,444.0,-433.0)
343       -1.9325e+02    (-440.0,438.0,444.0,-432.0)
344       -1.9304e+02    (-439.0,438.0,444.0,-432.0)
345       -1.9285e+02    (-439.0,438.0,444.0,-431.0)
346       -1.9265e+02    (-438.0,438.0,444.0,-431.0)
347       -1.9242e+02    (-438.0,437.0,444.0,-431.0)
348       -1.9217e+02    (-437.0,437.0,444.0,-431.0)
349       -1.9191e+02    (-437.0,436.0,444.0,-431.0)
350       -1.9169e+02    (-437.0,435.0,444.0,-431.0)
351       -1.9149e+02    (-436.0,435.0,444.0,-431.0)
352       -1.9130e+02    (-436.0,434.0,444.0,-431.0)
353       -1.9112e+02    (-435.0,434.0,444.0,-431.0)
354       -1.9089e+02    (-435.0,434.0,443.0,-431.0)
355       -1.9064e+02    (-434.0,434.0,443.0,-431.0)
356       -1.9035e+02    (-434.0,434.0,442.0,-431.0)
357       -1.9009e+02    (-434.0,434.0,441.0,-431.0)
358       -1.8988e+02    (-433.0,434.0,441.0,-431.0)
359       -1.8968e+02    (-433.0,434.0,440.0,-431.0)
360       -1.8951e+02    (-433.0,434.0,439.0,-431.0)
361       -1.8936e+02    (-432.0,434.0,439.0,-431.0)
362       -1.8915e+02    (-432.0,434.0,438.0,-431.0)
363       -1.8893e+02    (-431.0,434.0,438.0,-431.0)
364       -1.8864e+02    (-431.0,434.0,437.0,-431.0)
365       -1.8837e+02    (-431.0,434.0,436.0,-431.0)
366       -1.8814e+02    (-430.0,434.0,436.0,-431.0)
367       -1.8791e+02    (-430.0,434.0,435.0,-431.0)
368       -1.8773e+02    (-430.0,434.0,434.0,-431.0)
369       -1.8759e+02    (-430.0,434.0,433.0,-431.0)
370       -1.8741e+02    (-429.0,434.0,433.0,-431.0)
371       -1.8720e+02    (-429.0,433.0,433.0,-431.0)
372       -1.8697e+02    (-428.0,433.0,433.0,-431.0)
373       -1.8673e+02    (-428.0,432.0,433.0,-431.0)
374       -1.8650e+02    (-428.0,431.0,433.0,-431.0)
375       -1.8627e+02    (-427.0,431.0,433.0,-431.0)
376       -1.8607e+02    (-427.0,430.0,433.0,-431.0)
377       -1.8589e+02    (-426.0,430.0,433.0,-431.0)
378       -1.8569e+02    (-426.0,429.0,433.0,-431.0)
379       -1.8548e+02    (-426.0,429.0,433.0,-430.0)
380       -1.8526e+02    (-426.0,428.0,433.0,-430.0)
381       -1.8502e+02    (-426.0,428.0,433.0,-429.0)
382       -1.8479e+02    (-426.0,427.0,433.0,-429.0)
383       -1.8456e+02    (-426.0,427.0,433.0,-428.0)
384       -1.8434e+02    (-426.0,427.0,433.0,-427.0)
385       -1.8413e+02    (-426.0,426.0,433.0,-427.0)
386       -1.8392e+02    (-426.0,426.0,433.0,-426.0)
387       -1.8374e+02    (-426.0,426.0,433.0,-425.0)
388       -1.8354e+02    (-426.0,425.0,433.0,-425.0)
389       -1.8334e+02    (-426.0,425.0,433.0,-424.0)
390       -1.8312e+02    (-426.0,425.0,432.0,-424.0)
391       -1.8289e+02    (-426.0,425.0,432.0,-423.0)
392       -1.8264e+02    (-426.0,425.0,431.0,-423.0)
393       -1.8238e+02    (-426.0,425.0,431.0,-422.0)
394       -1.8214e+02    (-426.0,425.0,430.0,-422.0)
395       -1.8191e+02    (-426.0,425.0,430.0,-421.0)
396       -1.8172e+02    (-426.0,425.0,429.0,-421.0)
397       -1.8152e+02    (-426.0,425.0,429.0,-420.0)
398       -1.8135e+02    (-426.0,425.0,429.0,-419.0)
399       -1.8117e+02    (-426.0,425.0,428.0,-419.0)
400       -1.8100e+02    (-426.0,425.0,428.0,-418.0)
401       -1.8079e+02    (-426.0,425.0,427.0,-418.0)
402       -1.8057e+02    (-425.0,425.0,427.0,-418.0)
403       -1.8035e+02    (-425.0,425.0,426.0,-418.0)
404       -1.8013e+02    (-425.0,425.0,425.0,-418.0)
405       -1.7990e+02    (-424.0,425.0,425.0,-418.0)
406       -1.7969e+02    (-424.0,425.0,424.0,-418.0)
407       -1.7949e+02    (-424.0,425.0,423.0,-418.0)
408       -1.7929e+02    (-423.0,425.0,423.0,-418.0)
409       -1.7909e+02    (-423.0,425.0,422.0,-418.0)
410       -1.7888e+02    (-423.0,424.0,422.0,-418.0)
411       -1.7866e+02    (-423.0,424.0,422.0,-417.0)
412       -1.7843e+02    (-423.0,423.0,422.0,-417.0)
413       -1.7820e+02    (-423.0,423.0,422.0,-416.0)
414       -1.7798e+02    (-423.0,422.0,422.0,-416.0)
415       -1.7776e+02    (-423.0,422.0,422.0,-415.0)
416       -1.7755e+02    (-423.0,422.0,422.0,-414.0)
417       -1.7736e+02    (-423.0,421.0,422.0,-414.0)
418       -1.7717e+02    (-423.0,421.0,422.0,-413.0)
419       -1.7699e+02    (-423.0,421.0,422.0,-412.0)
420       -1.7679e+02    (-423.0,420.0,422.0,-412.0)
421       -1.7658e+02    (-422.0,420.0,422.0,-412.0)
422       -1.7636e+02    (-422.0,419.0,422.0,-412.0)
423       -1.7614e+02    (-421.0,419.0,422.0,-412.0)
424       -1.7591e+02    (-421.0,418.0,422.0,-412.0)
425       -1.7571e+02    (-421.0,417.0,422.0,-412.0)
426       -1.7551e+02    (-420.0,417.0,422.0,-412.0)
427       -1.7531e+02    (-420.0,416.0,422.0,-412.0)
428       -1.7512e+02    (-419.0,416.0,422.0,-412.0)
429       -1.7489e+02    (-419.0,416.0,421.0,-412.0)
430       -1.7466e+02    (-418.0,416.0,421.0,-412.0)
431       -1.7441e+02    (-418.0,416.0,420.0,-412.0)
432       -1.7418e+02    (-418.0,416.0,419.0,-412.0)
433       -1.7399e+02    (-418.0,416.0,418.0,-412.0)
434       -1.7380e+02    (-417.0,416.0,418.0,-412.0)
435       -1.7362e+02    (-417.0,416.0,417.0,-412.0)
436       -1.7345e+02    (-417.0,416.0,416.0,-412.0)
437       -1.7322e+02    (-417.0,416.0,416.0,-411.0)
438       -1.7297e+02    (-417.0,416.0,415.0,-411.0)
439       -1.7269e+02    (-417.0,416.0,415.0,-410.0)
440       -1.7243e+02    (-417.0,416.0,414.0,-410.0)
441       -1.7215e+02    (-417.0,416.0,414.0,-409.0)
442       -1.7194e+02    (-417.0,416.0,414.0,-408.0)
443       -1.7174e+02    (-417.0,416.0,413.0,-408.0)
444       -1.7159e+02    (-417.0,416.0,413.0,-407.0)
445       -1.7145e+02    (-417.0,416.0,412.0,-407.0)
446       -1.7132e+02    (-417.0,416.0,412.0,-406.0)
447       -1.7117e+02    (-417.0,416.0,411.0,-406.0)
448       -1.7097e+02    (-416.0,416.0,411.0,-406.0)
449       -1.7074e+02    (-416.0,416.0,410.0,-406.0)
450       -1.7049e+02    (-415.0,416.0,410.0,-406.0)
451       -1.7023e+02    (-415.0,416.0,409.0,-406.0)
452       -1.7001e+02    (-415.0,416.0,408.0,-406.0)
453       -1.6983e+02    (-414.0,416.0,408.0,-406.0)
454       -1.6964e+02    (-414.0,416.0,407.0,-406.0)
455       -1.6949e+02    (-414.0,416.0,406.0,-406.0)
456       -1.6933e+02    (-413.0,416.0,406.0,-406.0)
457       -1.6911e+02    (-413.0,415.0,406.0,-406.0)
458       -1.6888e+02    (-412.0,415.0,406.0,-406.0)
459       -1.6861e+02    (-412.0,414.0,406.0,-406.0)
460       -1.6838e+02    (-412.0,413.0,406.0,-406.0)
461       -1.6818e+02    (-411.0,413.0,406.0,-406.0)
462       -1.6801e+02    (-411.0,412.0,406.0,-406.0)
463       -1.6788e+02    (-411.0,411.0,406.0,-406.0)
464       -1.6767e+02    (-410.0,411.0,406.0,-406.0)
465       -1.6747e+02    (-410.0,410.0,406.0,-406.0)
466       -1.6720e+02    (-409.0,410.0,406.0,-406.0)
467       -1.6696e+02    (-409.0,409.0,406.0,-406.0)
468       -1.6674e+02    (-408.0,409.0,406.0,-406.0)
469       -1.6655e+02    (-408.0,408.0,406.0,-406.0)
470       -1.6641e+02    (-408.0,407.0,406.0,-406.0)
471       -1.6624e+02    (-407.0,407.0,406.0,-406.0)
472       -1.6604e+02    (-407.0,407.0,406.0,-405.0)
473       -1.6583e+02    (-406.0,407.0,406.0,-405.0)
474       -1.6558e+02    (-406.0,407.0,406.0,-404.0)
475       -1.6536e+02    (-406.0,407.0,406.0,-403.0)
476       -1.6513e+02    (-405.0,407.0,406.0,-403.0)
477       -1.6492e+02    (-405.0,407.0,406.0,-402.0)
478       -1.6473e+02    (-405.0,407.0,406.0,-401.0)
479       -1.6457e+02    (-405.0,407.0,406.0,-400.0)
480       -1.6441e+02    (-404.0,407.0,406.0,-400.0)
481       -1.6423e+02    (-404.0,407.0,406.0,-399.0)
482       -1.6402e+02    (-404.0,406.0,406.0,-399.0)
483       -1.6381e+02    (-404.0,406.0,406.0,-398.0)
484       -1.6358e+02    (-404.0,405.0,406.0,-398.0)
485       -1.6334e+02    (-404.0,405.0,406.0,-397.0)
486       -1.6313e+02    (-404.0,405.0,406.0,-396.0)
487       -1.6292e+02    (-404.0,404.0,406.0,-396.0)
488       -1.6273e+02    (-404.0,404.0,406.0,-395.0)
489       -1.6256e+02    (-404.0,403.0,406.0,-395.0)
490       -1.6239e+02    (-404.0,403.0,406.0,-394.0)
491       -1.6222e+02    (-404.0,403.0,406.0,-393.0)
492       -1.6203e+02    (-404.0,402.0,406.0,-393.0)
493       -1.6182e+02    (-403.0,402.0,406.0,-393.0)
494       -1.6160e+02    (-403.0,401.0,406.0,-393.0)
495       -1.6139e+02    (-402.0,401.0,406.0,-393.0)
496       -1.6117e+02    (-402.0,400.0,406.0,-393.0)
497       -1.6098e+02    (-402.0,399.0,406.0,-393.0)
498       -1.6080e+02    (-401.0,399.0,406.0,-393.0)
499       -1.6062e+02    (-401.0,398.0,406.0,-393.0)
500       -1.6042e+02    (-401.0,398.0,405.0,-393.0)
501       -1.6021e+02    (-401.0,397.0,405.0,-393.0)
502       -1.6000e+02    (-401.0,397.0,404.0,-393.0)
503       -1.5978e+02    (-401.0,396.0,404.0,-393.0)
504       -1.5956e+02    (-401.0,396.0,403.0,-393.0)
505       -1.5936e+02    (-401.0,395.0,403.0,-393.0)
506       -1.5916e+02    (-401.0,395.0,402.0,-393.0)
507       -1.5898e+02    (-401.0,395.0,401.0,-393.0)
508       -1.5880e+02    (-401.0,394.0,401.0,-393.0)
509       -1.5862e+02    (-401.0,394.0,400.0,-393.0)
510       -1.5842e+02    (-400.0,394.0,400.0,-393.0)
511       -1.5820e+02    (-400.0,394.0,399.0,-393.0)
512       -1.5798e+02    (-399.0,394.0,399.0,-393.0)
513       -1.5775e+02    (-399.0,394.0,398.0,-393.0)
514       -1.5754e+02    (-399.0,394.0,397.0,-393.0)
515       -1.5736e+02    (-399.0,394.0,396.0,-393.0)
516       -1.5719e+02    (-398.0,394.0,396.0,-393.0)
517       -1.5702e+02    (-398.0,394.0,395.0,-393.0)
518       -1.5684e+02    (-398.0,393.0,395.0,-393.0)
519       -1.5663e+02    (-398.0,393.0,395.0,-392.0)
520       -1.5640e+02    (-398.0,392.0,395.0,-392.0)
521       -1.5616e+02    (-398.0,392.0,395.0,-391.0)
522       -1.5593e+02    (-398.0,391.0,395.0,-391.0)
523       -1.5570e+02    (-398.0,391.0,395.0,-390.0)
524       -1.5551e+02    (-398.0,391.0,395.0,-389.0)
525       -1.5535e+02    (-398.0,390.0,395.0,-389.0)
526       -1.5518e+02    (-398.0,390.0,395.0,-388.0)
527       -1.5504e+02    (-398.0,390.0,395.0,-387.0)
528       -1.5487e+02    (-398.0,389.0,395.0,-387.0)
529       -1.5469e+02    (-397.0,389.0,395.0,-387.0)
530       -1.5447e+02    (-397.0,388.0,395.0,-387.0)
531       -1.5425e+02    (-396.0,388.0,395.0,-387.0)
532       -1.5402e+02    (-396.0,387.0,395.0,-387.0)
533       -1.5383e+02    (-396.0,386.0,395.0,-387.0)
534       -1.5365e+02    (-395.0,386.0,395.0,-387.0)
535       -1.5349e+02    (-395.0,385.0,395.0,-387.0)
536       -1.5332e+02    (-394.0,385.0,395.0,-387.0)
537       -1.5311e+02    (-394.0,385.0,394.0,-387.0)
538       -1.5288e+02    (-393.0,385.0,394.0,-387.0)
539       -1.5262e+02    (-393.0,385.0,393.0,-387.0)
540       -1.5240e+02    (-393.0,385.0,392.0,-387.0)
541       -1.5221e+02    (-393.0,385.0,391.0,-387.0)
542       -1.5204e+02    (-392.0,385.0,391.0,-387.0)
543       -1.5189e+02    (-392.0,385.0,390.0,-387.0)
544       -1.5175e+02    (-392.0,385.0,389.0,-387.0)
545       -1.5155e+02    (-391.0,385.0,389.0,-387.0)
546       -1.5134e+02    (-391.0,385.0,388.0,-387.0)
547       -1.5109e+02    (-390.0,385.0,388.0,-387.0)
548       -1.5085e+02    (-390.0,385.0,387.0,-387.0)
549       -1.5065e+02    (-390.0,385.0,386.0,-387.0)
550       -1.5047e+02    (-389.0,385.0,386.0,-387.0)
551       -1.5030e+02    (-389.0,385.0,385.0,-387.0)
552       -1.5017e+02    (-389.0,385.0,384.0,-387.0)
553       -1.5000e+02    (-388.0,385.0,384.0,-387.0)
554       -1.4981e+02    (-388.0,385.0,384.0,-386.0)
555       -1.4959e+02    (-387.0,385.0,384.0,-386.0)
556       -1.4936e+02    (-387.0,385.0,384.0,-385.0)
557       -1.4915e+02    (-387.0,385.0,384.0,-384.0)
558       -1.4895e+02    (-386.0,385.0,384.0,-384.0)
559       -1.4875e+02    (-386.0,385.0,384.0,-383.0)
560       -1.4857e+02    (-386.0,385.0,384.0,-382.0)
561       -1.4842e+02    (-386.0,385.0,384.0,-381.0)
562       -1.4826e+02    (-385.0,385.0,384.0,-381.0)
563       -1.4808e+02    (-385.0,385.0,384.0,-380.0)
564       -1.4788e+02    (-384.0,385.0,384.0,-380.0)
565       -1.4765e+02    (-384.0,385.0,384.0,-379.0)
566       -1.4744e+02    (-384.0,385.0,384.0,-378.0)
567       -1.4723e+02    (-383.0,385.0,384.0,-378.0)
568       -1.4703e+02    (-383.0,385.0,384.0,-377.0)
569       -1.4685e+02    (-383.0,385.0,384.0,-376.0)
570       -1.4670e+02    (-383.0,385.0,384.0,-375.0)
571       -1.4654e+02    (-382.0,385.0,384.0,-375.0)
572       -1.4637e+02    (-382.0,385.0,384.0,-374.0)
573       -1.4618e+02    (-382.0,384.0,384.0,-374.0)
574       -1.4598e+02    (-382.0,384.0,383.0,-374.0)
575       -1.4579e+02    (-382.0,383.0,383.0,-374.0)
576       -1.4559e+02    (-382.0,383.0,382.0,-374.0)
577       -1.4539e+02    (-382.0,382.0,382.0,-374.0)
578       -1.4520e+02    (-382.0,382.0,381.0,-374.0)
579       -1.4501e+02    (-382.0,382.0,380.0,-374.0)
580       -1.4483e+02    (-382.0,381.0,380.0,-374.0)
581       -1.4464e+02    (-382.0,381.0,379.0,-374.0)
582       -1.4446e+02    (-382.0,380.0,379.0,-374.0)
583       -1.4427e+02    (-382.0,380.0,378.0,-374.0)
584       -1.4408e+02    (-381.0,380.0,378.0,-374.0)
585       -1.4389e+02    (-381.0,380.0,377.0,-374.0)
586       -1.4370e+02    (-380.0,380.0,377.0,-374.0)
587       -1.4351e+02    (-380.0,380.0,376.0,-374.0)
588       -1.4332e+02    (-380.0,380.0,375.0,-374.0)
589       -1.4313e+02    (-379.0,380.0,375.0,-374.0)
590       -1.4295e+02    (-379.0,380.0,374.0,-374.0)
591       -1.4276e+02    (-379.0,380.0,373.0,-374.0)
592       -1.4257e+02    (-378.0,380.0,373.0,-374.0)
593       -1.4238e+02    (-378.0,379.0,373.0,-374.0)
594       -1.4219e+02    (-377.0,379.0,373.0,-374.0)
595       -1.4199e+02    (-377.0,378.0,373.0,-374.0)
596       -1.4181e+02    (-377.0,377.0,373.0,-374.0)
597       -1.4162e+02    (-376.0,377.0,373.0,-374.0)
598       -1.4144e+02    (-376.0,376.0,373.0,-374.0)
599       -1.4125e+02    (-376.0,375.0,373.0,-374.0)
600       -1.4105e+02    (-376.0,375.0,373.0,-373.0)
601       -1.4085e+02    (-376.0,374.0,373.0,-373.0)
602       -1.4064e+02    (-376.0,374.0,373.0,-372.0)
603       -1.4044e+02    (-376.0,374.0,373.0,-371.0)
604       -1.4024e+02    (-376.0,373.0,373.0,-371.0)
605       -1.4006e+02    (-376.0,373.0,373.0,-370.0)
606       -1.3989e+02    (-376.0,373.0,373.0,-369.0)
607       -1.3973e+02    (-376.0,372.0,373.0,-369.0)
608       -1.3957e+02    (-376.0,372.0,373.0,-368.0)
609       -1.3939e+02    (-376.0,371.0,373.0,-368.0)
610       -1.3920e+02    (-375.0,371.0,373.0,-368.0)
611       -1.3901e+02    (-375.0,370.0,373.0,-368.0)
612       -1.3881e+02    (-374.0,370.0,373.0,-368.0)
613       -1.3862e+02    (-374.0,369.0,373.0,-368.0)
614       -1.3844e+02    (-374.0,368.0,373.0,-368.0)
615       -1.3826e+02    (-373.0,368.0,373.0,-368.0)
616       -1.3809e+02    (-373.0,367.0,373.0,-368.0)
617       -1.3791e+02    (-372.0,367.0,373.0,-368.0)
618       -1.3771e+02    (-372.0,367.0,372.0,-368.0)
619       -1.3751e+02    (-371.0,367.0,372.0,-368.0)
620       -1.3729e+02    (-371.0,367.0,371.0,-368.0)
621       -1.3710e+02    (-371.0,367.0,370.0,-368.0)
622       -1.3692e+02    (-371.0,367.0,369.0,-368.0)
623       -1.3675e+02    (-370.0,367.0,369.0,-368.0)
624       -1.3659e+02    (-370.0,367.0,368.0,-368.0)
625       -1.3643e+02    (-369.0,367.0,368.0,-368.0)
626       -1.3624e+02    (-369.0,367.0,368.0,-367.0)
627       -1.3602e+02    (-368.0,367.0,368.0,-367.0)
628       -1.3579e+02    (-368.0,367.0,368.0,-366.0)
629       -1.3558e+02    (-368.0,367.0,368.0,-365.0)
630       -1.3540e+02    (-368.0,367.0,368.0,-364.0)
631       -1.3522e+02    (-367.0,367.0,368.0,-364.0)
632       -1.3506e+02    (-367.0,367.0,368.0,-363.0)
633       -1.3492e+02    (-367.0,367.0,368.0,-362.0)
634       -1.3478e+02    (-366.0,367.0,368.0,-362.0)
635       -1.3459e+02    (-366.0,367.0,367.0,-362.0)
636       -1.3440e+02    (-365.0,367.0,367.0,-362.0)
637       -1.3416e+02    (-365.0,367.0,366.0,-362.0)
638       -1.3395e+02    (-365.0,367.0,365.0,-362.0)
639       -1.3376e+02    (-364.0,367.0,365.0,-362.0)
640       -1.3358e+02    (-364.0,367.0,364.0,-362.0)
641       -1.3344e+02    (-364.0,367.0,363.0,-362.0)
642       -1.3331e+02    (-363.0,367.0,363.0,-362.0)
643       -1.3314e+02    (-363.0,367.0,362.0,-362.0)
644       -1.3295e+02    (-363.0,366.0,362.0,-362.0)
645       -1.3276e+02    (-363.0,366.0,361.0,-362.0)
646       -1.3257e+02    (-363.0,365.0,361.0,-362.0)
647       -1.3237e+02    (-363.0,365.0,360.0,-362.0)
648       -1.3218e+02    (-363.0,364.0,360.0,-362.0)
649       -1.3200e+02    (-363.0,364.0,359.0,-362.0)
650       -1.3183e+02    (-363.0,364.0,358.0,-362.0)
651       -1.3166e+02    (-363.0,363.0,358.0,-362.0)
652       -1.3150e+02    (-363.0,363.0,357.0,-362.0)
653       -1.3133e+02    (-363.0,362.0,357.0,-362.0)
654       -1.3114e+02    (-362.0,362.0,357.0,-362.0)
655       -1.3090e+02    (-362.0,361.0,357.0,-362.0)
656       -1.3070e+02    (-362.0,360.0,357.0,-362.0)
657       -1.3049e+02    (-361.0,360.0,357.0,-362.0)
658       -1.3033e+02    (-361.0,359.0,357.0,-362.0)
659       -1.3022e+02    (-360.0,359.0,357.0,-362.0)
660       -1.3006e+02    (-360.0,358.0,357.0,-362.0)
661       -1.2989e+02    (-360.0,358.0,357.0,-361.0)
662       -1.2970e+02    (-359.0,358.0,357.0,-361.0)
663       -1.2949e+02    (-359.0,358.0,357.0,-360.0)
664       -1.2930e+02    (-359.0,358.0,357.0,-359.0)
665       -1.2909e+02    (-358.0,358.0,357.0,-359.0)
666       -1.2891e+02    (-358.0,358.0,357.0,-358.0)
667       -1.2874e+02    (-358.0,358.0,357.0,-357.0)
668       -1.2859e+02    (-358.0,358.0,357.0,-356.0)
669       -1.2843e+02    (-357.0,358.0,357.0,-356.0)
670       -1.2827e+02    (-357.0,358.0,357.0,-355.0)
671       -1.2809e+02    (-357.0,357.0,357.0,-355.0)
672       -1.2789e+02    (-357.0,357.0,357.0,-354.0)
673       -1.2768e+02    (-357.0,356.0,357.0,-354.0)
674       -1.2745e+02    (-357.0,356.0,357.0,-353.0)
675       -1.2726e+02    (-357.0,356.0,357.0,-352.0)
676       -1.2707e+02    (-357.0,355.0,357.0,-352.0)
677       -1.2691e+02    (-357.0,355.0,357.0,-351.0)
678       -1.2678e+02    (-357.0,355.0,357.0,-350.0)
679       -1.2663e+02    (-357.0,354.0,357.0,-350.0)
680       -1.2649e+02    (-357.0,354.0,357.0,-349.0)
681       -1.2633e+02    (-357.0,353.0,357.0,-349.0)
682       -1.2614e+02    (-356.0,353.0,357.0,-349.0)
683       -1.2595e+02    (-356.0,352.0,357.0,-349.0)
684       -1.2576e+02    (-355.0,352.0,357.0,-349.0)
685       -1.2557e+02    (-355.0,351.0,357.0,-349.0)
686       -1.2541e+02    (-355.0,350.0,357.0,-349.0)
687       -1.2525e+02    (-354.0,350.0,357.0,-349.0)
688       -1.2509e+02    (-354.0,349.0,357.0,-349.0)
689       -1.2492e+02    (-354.0,349.0,356.0,-349.0)
690       -1.2473e+02    (-354.0,348.0,356.0,-349.0)
691       -1.2453e+02    (-354.0,348.0,355.0,-349.0)
692       -1.2434e+02    (-354.0,347.0,355.0,-349.0)
693       -1.2414e+02    (-354.0,347.0,354.0,-349.0)
694       -1.2397e+02    (-354.0,347.0,353.0,-349.0)
695       -1.2380e+02    (-354.0,346.0,353.0,-349.0)
696       -1.2364e+02    (-354.0,346.0,352.0,-349.0)
697       -1.2349e+02    (-354.0,345.0,352.0,-349.0)
698       -1.2334e+02    (-354.0,345.0,351.0,-349.0)
699       -1.2316e+02    (-353.0,345.0,351.0,-349.0)
700       -1.2297e+02    (-353.0,345.0,350.0,-349.0)
701       -1.2277e+02    (-352.0,345.0,350.0,-349.0)
702       -1.2257e+02    (-352.0,345.0,349.0,-349.0)
703       -1.2239e+02    (-352.0,345.0,348.0,-349.0)
704       -1.2224e+02    (-352.0,345.0,347.0,-349.0)
705       -1.2208e+02    (-351.0,345.0,347.0,-349.0)
706       -1.2192e+02    (-351.0,345.0,346.0,-349.0)
707       -1.2177e+02    (-350.0,345.0,346.0,-349.0)
708       -1.2157e+02    (-350.0,345.0,346.0,-348.0)
709       -1.2137e+02    (-349.0,345.0,346.0,-348.0)
710       -1.2115e+02    (-349.0,345.0,346.0,-347.0)
711       -1.2095e+02    (-349.0,345.0,346.0,-346.0)
712       -1.2078e+02    (-349.0,345.0,346.0,-345.0)
713       -1.2063e+02    (-348.0,345.0,346.0,-345.0)
714       -1.2048e+02    (-348.0,345.0,346.0,-344.0)
715       -1.2035e+02    (-348.0,345.0,346.0,-343.0)
716       -1.2020e+02    (-347.0,345.0,346.0,-343.0)
717       -1.2002e+02    (-347.0,345.0,345.0,-343.0)
718       -1.1982e+02    (-346.0,345.0,345.0,-343.0)
719       -1.1959e+02    (-346.0,345.0,344.0,-343.0)
720       -1.1939e+02    (-346.0,345.0,343.0,-343.0)
721       -1.1923e+02    (-345.0,345.0,343.0,-343.0)
722       -1.1907e+02    (-345.0,345.0,342.0,-343.0)
723       -1.1894e+02    (-345.0,345.0,341.0,-343.0)
724       -1.1882e+02    (-344.0,345.0,341.0,-343.0)
725       -1.1865e+02    (-344.0,344.0,341.0,-343.0)
726       -1.1845e+02    (-343.0,344.0,341.0,-343.0)
727       -1.1821e+02    (-343.0,343.0,341.0,-343.0)
728       -1.1802e+02    (-343.0,342.0,341.0,-343.0)
729       -1.1784e+02    (-342.0,342.0,341.0,-343.0)
730       -1.1770e+02    (-342.0,341.0,341.0,-343.0)
731       -1.1761e+02    (-341.0,341.0,341.0,-343.0)
732       -1.1745e+02    (-341.0,340.0,341.0,-343.0)
733       -1.1728e+02    (-341.0,340.0,340.0,-343.0)
734       -1.1711e+02    (-341.0,340.0,340.0,-342.0)
735       -1.1694e+02    (-341.0,340.0,339.0,-342.0)
736       -1.1677e+02    (-341.0,340.0,339.0,-341.0)
737       -1.1659e+02    (-341.0,340.0,339.0,-340.0)
738       -1.1642e+02    (-341.0,340.0,338.0,-340.0)
739       -1.1625e+02    (-341.0,340.0,338.0,-339.0)
740       -1.1608e+02    (-341.0,340.0,337.0,-339.0)
741       -1.1591e+02    (-341.0,340.0,337.0,-338.0)
742       -1.1575e+02    (-341.0,340.0,336.0,-338.0)
743       -1.1558e+02    (-341.0,340.0,336.0,-337.0)
744       -1.1542e+02    (-341.0,340.0,335.0,-337.0)
745       -1.1525e+02    (-341.0,340.0,335.0,-336.0)
746       -1.1508e+02    (-340.0,340.0,335.0,-336.0)
747       -1.1491e+02    (-340.0,340.0,335.0,-335.0)
748       -1.1473e+02    (-339.0,340.0,335.0,-335.0)
749       -1.1456e+02    (-339.0,340.0,335.0,-334.0)
750       -1.1439e+02    (-339.0,340.0,335.0,-333.0)
751       -1.1423e+02    (-339.0,340.0,335.0,-332.0)
752       -1.1407e+02    (-339.0,340.0,335.0,-331.0)
753       -1.1391e+02    (-338.0,340.0,335.0,-331.0)
754       -1.1374e+02    (-338.0,340.0,335.0,-330.0)
755       -1.1357e+02    (-337.0,340.0,335.0,-330.0)
756       -1.1340e+02    (-337.0,339.0,335.0,-330.0)
757       -1.1323e+02    (-337.0,338.0,335.0,-330.0)
758       -1.1305e+02    (-336.0,338.0,335.0,-330.0)
759       -1.1289e+02    (-336.0,337.0,335.0,-330.0)
760       -1.1272e+02    (-336.0,336.0,335.0,-330.0)
761       -1.1256e+02    (-335.0,336.0,335.0,-330.0)
762       -1.1240e+02    (-335.0,335.0,335.0,-330.0)
763       -1.1222e+02    (-335.0,335.0,335.0,-329.0)
764       -1.1203e+02    (-335.0,334.0,335.0,-329.0)
765       -1.1184e+02    (-335.0,334.0,335.0,-328.0)
766       -1.1166e+02    (-335.0,334.0,335.0,-327.0)
767       -1.1149e+02    (-335.0,333.0,335.0,-327.0)
768       -1.1133e+02    (-335.0,333.0,335.0,-326.0)
769       -1.1119e+02    (-335.0,332.0,335.0,-326.0)
770       -1.1104e+02    (-335.0,332.0,335.0,-325.0)
771       -1.1090e+02    (-335.0,332.0,335.0,-324.0)
772       -1.1075e+02    (-335.0,331.0,335.0,-324.0)
773       -1.1058e+02    (-335.0,331.0,334.0,-324.0)
774       -1.1039e+02    (-335.0,330.0,334.0,-324.0)
775       -1.1020e+02    (-335.0,330.0,333.0,-324.0)
776       -1.1002e+02    (-335.0,329.0,333.0,-324.0)
777       -1.0983e+02    (-335.0,329.0,332.0,-324.0)
778       -1.0968e+02    (-335.0,329.0,331.0,-324.0)
779       -1.0952e+02    (-335.0,328.0,331.0,-324.0)
780       -1.0939e+02    (-335.0,328.0,330.0,-324.0)
781       -1.0925e+02    (-335.0,327.0,330.0,-324.0)
782       -1.0910e+02    (-335.0,327.0,329.0,-324.0)
783       -1.0892e+02    (-334.0,327.0,329.0,-324.0)
784       -1.0874e+02    (-334.0,327.0,328.0,-324.0)
785       -1.0855e+02    (-333.0,327.0,328.0,-324.0)
786       -1.0837e+02    (-333.0,327.0,327.0,-324.0)
787       -1.0821e+02    (-333.0,327.0,326.0,-324.0)
788       -1.0806e+02    (-333.0,327.0,325.0,-324.0)
789       -1.0792e+02    (-332.0,327.0,325.0,-324.0)
790       -1.0777e+02    (-332.0,327.0,324.0,-324.0)
791       -1.0761e+02    (-331.0,327.0,324.0,-324.0)
792       -1.0744e+02    (-331.0,327.0,323.0,-324.0)
793       -1.0726e+02    (-330.0,327.0,323.0,-324.0)
794       -1.0707e+02    (-330.0,327.0,322.0,-324.0)
795       -1.0690e+02    (-330.0,327.0,321.0,-324.0)
796       -1.0675e+02    (-330.0,327.0,320.0,-324.0)
797       -1.0660e+02    (-329.0,327.0,320.0,-324.0)
798       -1.0646e+02    (-329.0,327.0,319.0,-324.0)
799       -1.0632e+02    (-328.0,327.0,319.0,-324.0)
800       -1.0614e+02    (-328.0,326.0,319.0,-324.0)
801       -1.0596e+02    (-327.0,326.0,319.0,-324.0)
802       -1.0576e+02    (-327.0,325.0,319.0,-324.0)
803       -1.0559e+02    (-327.0,324.0,319.0,-324.0)
804       -1.0544e+02    (-326.0,324.0,319.0,-324.0)
805       -1.0530e+02    (-326.0,323.0,319.0,-324.0)
806       -1.0518e+02    (-326.0,322.0,319.0,-324.0)
807       -1.0501e+02    (-326.0,322.0,319.0,-323.0)
808       -1.0479e+02    (-326.0,321.0,319.0,-323.0)
809       -1.0455e+02    (-326.0,321.0,319.0,-322.0)
810       -1.0433e+02    (-326.0,320.0,319.0,-322.0)
811       -1.0410e+02    (-326.0,320.0,319.0,-321.0)
812       -1.0393e+02    (-326.0,320.0,319.0,-320.0)
813       -1.0377e+02    (-326.0,320.0,320.0,-320.0)
814       -1.0372e+02    (-326.0,319.0,320.0,-320.0)
815       -1.0367e+02    (-326.0,319.0,320.0,-319.0)
816       -1.0372e+02    (-326.0,319.0,319.0,-319.0)
817       -1.0365e+02    (-326.0,319.0,319.0,-318.0)
818       -1.0355e+02    (-326.0,318.0,319.0,-318.0)
819       -1.0341e+02    (-325.0,318.0,319.0,-318.0)
820       -1.0324e+02    (-325.0,317.0,319.0,-318.0)
821       -1.0303e+02    (-324.0,317.0,319.0,-318.0)
822       -1.0282e+02    (-324.0,316.0,319.0,-318.0)
823       -1.0266e+02    (-324.0,315.0,319.0,-318.0)
824       -1.0251e+02    (-323.0,315.0,319.0,-318.0)
825       -1.0240e+02    (-323.0,314.0,319.0,-318.0)
826       -1.0229e+02    (-322.0,314.0,319.0,-318.0)
827       -1.0213e+02    (-322.0,314.0,318.0,-318.0)
828       -1.0194e+02    (-321.0,314.0,318.0,-318.0)
829       -1.0171e+02    (-321.0,314.0,317.0,-318.0)
830       -1.0151e+02    (-321.0,314.0,316.0,-318.0)
831       -1.0134e+02    (-320.0,314.0,316.0,-318.0)
832       -1.0118e+02    (-320.0,314.0,315.0,-318.0)
833       -1.0108e+02    (-320.0,314.0,314.0,-318.0)
834       -1.0101e+02    (-319.0,314.0,314.0,-318.0)
835       -1.0086e+02    (-319.0,314.0,313.0,-318.0)
836       -1.0070e+02    (-319.0,314.0,313.0,-317.0)
837       -1.0054e+02    (-318.0,314.0,313.0,-317.0)
838       -1.0037e+02    (-318.0,314.0,313.0,-316.0)
839       -1.0020e+02    (-318.0,314.0,313.0,-315.0)
840       -1.0004e+02    (-317.0,314.0,313.0,-315.0)
841       -9.9878e+01    (-317.0,314.0,313.0,-314.0)
842       -9.9727e+01    (-317.0,314.0,313.0,-313.0)
843       -9.9583e+01    (-317.0,314.0,313.0,-312.0)
844       -9.9437e+01    (-316.0,314.0,313.0,-312.0)
845       -9.9286e+01    (-316.0,314.0,313.0,-311.0)
846       -9.9127e+01    (-315.0,314.0,313.0,-311.0)
847       -9.8961e+01    (-315.0,314.0,313.0,-310.0)
848       -9.8797e+01    (-315.0,314.0,313.0,-309.0)
849       -9.8630e+01    (-314.0,314.0,313.0,-309.0)
850       -9.8471e+01    (-314.0,314.0,313.0,-308.0)
851       -9.8320e+01    (-314.0,314.0,313.0,-307.0)
852       -9.8178e+01    (-314.0,314.0,313.0,-306.0)
853       -9.8034e+01    (-313.0,314.0,313.0,-306.0)
854       -9.7888e+01    (-313.0,314.0,313.0,-305.0)
855       -9.7734e+01    (-313.0,313.0,313.0,-305.0)
856       -9.7573e+01    (-313.0,313.0,312.0,-305.0)
857       -9.7401e+01    (-313.0,312.0,312.0,-305.0)
858       -9.7229e+01    (-313.0,312.0,311.0,-305.0)
859       -9.7062e+01    (-313.0,311.0,311.0,-305.0)
860       -9.6901e+01    (-313.0,311.0,310.0,-305.0)
861       -9.6757e+01    (-313.0,311.0,309.0,-305.0)
862       -9.6612e+01    (-313.0,310.0,309.0,-305.0)
863       -9.6477e+01    (-313.0,310.0,308.0,-305.0)
864       -9.6332e+01    (-313.0,309.0,308.0,-305.0)
865       -9.6182e+01    (-312.0,309.0,308.0,-305.0)
866       -9.6012e+01    (-312.0,308.0,308.0,-305.0)
867       -9.5846e+01    (-311.0,308.0,308.0,-305.0)
868       -9.5675e+01    (-311.0,307.0,308.0,-305.0)
869       -9.5523e+01    (-311.0,306.0,308.0,-305.0)
870       -9.5386e+01    (-310.0,306.0,308.0,-305.0)
871       -9.5243e+01    (-310.0,305.0,308.0,-305.0)
872       -9.5106e+01    (-310.0,304.0,308.0,-305.0)
873       -9.4935e+01    (-310.0,304.0,308.0,-304.0)
874       -9.4749e+01    (-310.0,303.0,308.0,-304.0)
875       -9.4542e+01    (-310.0,303.0,308.0,-303.0)
876       -9.4362e+01    (-310.0,303.0,308.0,-302.0)
877       -9.4180e+01    (-310.0,302.0,308.0,-302.0)
878       -9.4033e+01    (-310.0,302.0,308.0,-301.0)
879       -9.3925e+01    (-310.0,302.0,308.0,-300.0)
880       -9.3809e+01    (-310.0,301.0,308.0,-300.0)
881       -9.3710e+01    (-310.0,301.0,308.0,-299.0)
882       -9.3588e+01    (-310.0,300.0,308.0,-299.0)
883       -9.3439e+01    (-309.0,300.0,308.0,-299.0)
884       -9.3265e+01    (-309.0,299.0,308.0,-299.0)
885       -9.3082e+01    (-308.0,299.0,308.0,-299.0)
886       -9.2900e+01    (-308.0,298.0,308.0,-299.0)
887       -9.2758e+01    (-308.0,297.0,308.0,-299.0)
888       -9.2632e+01    (-307.0,297.0,308.0,-299.0)
889       -9.2512e+01    (-307.0,296.0,308.0,-299.0)
890       -9.2389e+01    (-306.0,296.0,308.0,-299.0)
891       -9.2218e+01    (-306.0,296.0,307.0,-299.0)
892       -9.2048e+01    (-305.0,296.0,307.0,-299.0)
893       -9.1847e+01    (-305.0,296.0,306.0,-299.0)
894       -9.1669e+01    (-305.0,296.0,305.0,-299.0)
895       -9.1524e+01    (-305.0,296.0,304.0,-299.0)
896       -9.1393e+01    (-304.0,296.0,304.0,-299.0)
897       -9.1269e+01    (-304.0,296.0,303.0,-299.0)
898       -9.1159e+01    (-304.0,296.0,302.0,-299.0)
899       -9.1007e+01    (-303.0,296.0,302.0,-299.0)
900       -9.0848e+01    (-303.0,296.0,301.0,-299.0)
901       -9.0654e+01    (-302.0,296.0,301.0,-299.0)
902       -9.0469e+01    (-302.0,296.0,300.0,-299.0)
903       -9.0313e+01    (-302.0,296.0,299.0,-299.0)
904       -9.0171e+01    (-301.0,296.0,299.0,-299.0)
905       -9.0043e+01    (-301.0,296.0,298.0,-299.0)
906       -8.9935e+01    (-301.0,296.0,297.0,-299.0)
907       -8.9807e+01    (-300.0,296.0,297.0,-299.0)
908       -8.9657e+01    (-300.0,296.0,297.0,-298.0)
909       -8.9489e+01    (-299.0,296.0,297.0,-298.0)
910       -8.9305e+01    (-299.0,296.0,297.0,-297.0)
911       -8.9134e+01    (-299.0,296.0,297.0,-296.0)
912       -8.8980e+01    (-298.0,296.0,297.0,-296.0)
913       -8.8828e+01    (-298.0,296.0,297.0,-295.0)
914       -8.8698e+01    (-298.0,296.0,297.0,-294.0)
915       -8.8585e+01    (-298.0,296.0,297.0,-293.0)
916       -8.8466e+01    (-297.0,296.0,297.0,-293.0)
917       -8.8326e+01    (-297.0,296.0,297.0,-292.0)
918       -8.8170e+01    (-296.0,296.0,297.0,-292.0)
919       -8.7990e+01    (-296.0,296.0,297.0,-291.0)
920       -8.7820e+01    (-296.0,296.0,297.0,-290.0)
921       -8.7657e+01    (-295.0,296.0,297.0,-290.0)
922       -8.7501e+01    (-295.0,296.0,297.0,-289.0)
923       -8.7369e+01    (-295.0,296.0,297.0,-288.0)
924       -8.7257e+01    (-295.0,296.0,297.0,-287.0)
925       -8.7144e+01    (-294.0,296.0,297.0,-287.0)
926       -8.7013e+01    (-294.0,296.0,297.0,-286.0)
927       -8.6868e+01    (-294.0,295.0,297.0,-286.0)
928       -8.6715e+01    (-294.0,295.0,297.0,-285.0)
929       -8.6552e+01    (-294.0,294.0,297.0,-285.0)
930       -8.6389e+01    (-294.0,294.0,297.0,-284.0)
931       -8.6235e+01    (-294.0,293.0,297.0,-284.0)
932       -8.6082e+01    (-294.0,293.0,297.0,-283.0)
933       -8.5944e+01    (-294.0,293.0,297.0,-282.0)
934       -8.5819e+01    (-294.0,292.0,297.0,-282.0)
935       -8.5690e+01    (-294.0,292.0,297.0,-281.0)
936       -8.5569e+01    (-294.0,292.0,297.0,-280.0)
937       -8.5432e+01    (-294.0,291.0,297.0,-280.0)
938       -8.5283e+01    (-294.0,291.0,296.0,-280.0)
939       -8.5127e+01    (-294.0,290.0,296.0,-280.0)
940       -8.4964e+01    (-294.0,290.0,295.0,-280.0)
941       -8.4806e+01    (-294.0,289.0,295.0,-280.0)
942       -8.4648e+01    (-294.0,289.0,294.0,-280.0)
943       -8.4507e+01    (-294.0,289.0,293.0,-280.0)
944       -8.4369e+01    (-294.0,288.0,293.0,-280.0)
945       -8.4240e+01    (-294.0,288.0,292.0,-280.0)
946       -8.4110e+01    (-294.0,287.0,292.0,-280.0)
947       -8.3972e+01    (-294.0,287.0,291.0,-280.0)
948       -8.3822e+01    (-293.0,287.0,291.0,-280.0)
949       -8.3655e+01    (-293.0,287.0,290.0,-280.0)
950       -8.3497e+01    (-293.0,287.0,289.0,-280.0)
951       -8.3333e+01    (-292.0,287.0,289.0,-280.0)
952       -8.3187e+01    (-292.0,287.0,288.0,-280.0)
953       -8.3060e+01    (-292.0,287.0,287.0,-280.0)
954       -8.2939e+01    (-291.0,287.0,287.0,-280.0)
955       -8.2807e+01    (-291.0,287.0,286.0,-280.0)
956       -8.2673e+01    (-290.0,287.0,286.0,-280.0)
957       -8.2511e+01    (-290.0,287.0,285.0,-280.0)
958       -8.2354e+01    (-290.0,287.0,284.0,-280.0)
959       -8.2187e+01    (-289.0,287.0,284.0,-280.0)
960       -8.2035e+01    (-289.0,287.0,283.0,-280.0)
961       -8.1903e+01    (-289.0,287.0,282.0,-280.0)
962       -8.1783e+01    (-288.0,287.0,282.0,-280.0)
963       -8.1655e+01    (-288.0,287.0,281.0,-280.0)
964       -8.1532e+01    (-288.0,287.0,280.0,-280.0)
965       -8.1380e+01    (-288.0,286.0,280.0,-280.0)
966       -8.1219e+01    (-288.0,286.0,279.0,-280.0)
967       -8.1043e+01    (-288.0,285.0,279.0,-280.0)
968       -8.0875e+01    (-288.0,285.0,278.0,-280.0)
969       -8.0725e+01    (-288.0,284.0,278.0,-280.0)
970       -8.0587e+01    (-288.0,284.0,277.0,-280.0)
971       -8.0480e+01    (-288.0,284.0,276.0,-280.0)
972       -8.0364e+01    (-288.0,283.0,276.0,-280.0)
973       -8.0257e+01    (-288.0,283.0,275.0,-280.0)
974       -8.0124e+01    (-288.0,282.0,275.0,-280.0)
975       -7.9979e+01    (-287.0,282.0,275.0,-280.0)
976       -7.9831e+01    (-287.0,281.0,275.0,-280.0)
977       -7.9679e+01    (-286.0,281.0,275.0,-280.0)
978       -7.9532e+01    (-286.0,280.0,275.0,-280.0)
979       -7.9397e+01    (-286.0,279.0,275.0,-280.0)
980       -7.9261e+01    (-285.0,279.0,275.0,-280.0)
981       -7.9130e+01    (-285.0,278.0,275.0,-280.0)
982       -7.8993e+01    (-284.0,278.0,275.0,-280.0)
983       -7.8848e+01    (-284.0,278.0,274.0,-280.0)
984       -7.8693e+01    (-283.0,278.0,274.0,-280.0)
985       -7.8539e+01    (-283.0,278.0,273.0,-280.0)
986       -7.8396e+01    (-283.0,278.0,272.0,-280.0)
987       -7.8265e+01    (-282.0,278.0,272.0,-280.0)
988       -7.8136e+01    (-282.0,278.0,271.0,-280.0)
989       -7.8015e+01    (-282.0,278.0,270.0,-280.0)
990       -7.7889e+01    (-281.0,278.0,270.0,-280.0)
991       -7.7742e+01    (-281.0,277.0,270.0,-280.0)
992       -7.7576e+01    (-280.0,277.0,270.0,-280.0)
993       -7.7407e+01    (-280.0,276.0,270.0,-280.0)
994       -7.7268e+01    (-280.0,275.0,270.0,-280.0)
995       -7.7135e+01    (-279.0,275.0,270.0,-280.0)
996       -7.7023e+01    (-279.0,274.0,270.0,-280.0)
997       -7.6916e+01    (-278.0,274.0,270.0,-280.0)
998       -7.6773e+01    (-278.0,274.0,270.0,-279.0)
999       -7.6589e+01    (-277.0,274.0,270.0,-279.0)
