# run = 20
occ          S   
0         (188.0,266.0,177.0,-356.0)
0         (188.0,266.0,177.0,-355.0)
0         (188.0,266.0,177.0,-354.0)
0         (188.0,266.0,176.0,-354.0)
0         (188.0,266.0,176.0,-353.0)
0         (188.0,266.0,175.0,-353.0)
0         (188.0,266.0,175.0,-352.0)
0         (188.0,266.0,174.0,-352.0)
0         (188.0,266.0,174.0,-351.0)
0         (188.0,266.0,173.0,-351.0)
0         (188.0,266.0,173.0,-350.0)
0         (188.0,266.0,174.0,-350.0)
0         (189.0,266.0,174.0,-350.0)
0         (189.0,266.0,174.0,-351.0)
0         (189.0,266.0,173.0,-351.0)
0         (189.0,266.0,173.0,-350.0)
0         (189.0,265.0,173.0,-350.0)
0         (188.0,265.0,173.0,-350.0)
0         (188.0,265.0,173.0,-349.0)
0         (188.0,264.0,173.0,-349.0)
0         (188.0,264.0,173.0,-348.0)
0         (188.0,263.0,173.0,-348.0)
0         (188.0,263.0,173.0,-347.0)
0         (188.0,263.0,173.0,-346.0)
0         (188.0,262.0,173.0,-346.0)
0         (188.0,262.0,173.0,-345.0)
0         (188.0,262.0,174.0,-345.0)
0         (188.0,262.0,174.0,-344.0)
0         (188.0,262.0,173.0,-344.0)
0         (188.0,261.0,173.0,-344.0)
0         (188.0,261.0,174.0,-344.0)
0         (188.0,261.0,174.0,-345.0)
0         (188.0,261.0,173.0,-345.0)
0         (189.0,261.0,173.0,-345.0)
0         (189.0,262.0,173.0,-345.0)
0         (189.0,262.0,174.0,-345.0)
0         (189.0,262.0,174.0,-344.0)
0         (189.0,262.0,173.0,-344.0)
0         (189.0,261.0,173.0,-344.0)
0         (189.0,261.0,174.0,-344.0)
0         (189.0,261.0,174.0,-345.0)
0         (189.0,261.0,175.0,-345.0)
0         (188.0,261.0,175.0,-345.0)
0         (188.0,262.0,175.0,-345.0)
0         (188.0,262.0,175.0,-344.0)
0         (188.0,261.0,175.0,-344.0)
0         (188.0,261.0,175.0,-343.0)
0         (188.0,261.0,174.0,-343.0)
0         (188.0,261.0,173.0,-343.0)
0         (188.0,261.0,172.0,-343.0)
0         (188.0,260.0,172.0,-343.0)
0         (188.0,260.0,172.0,-342.0)
0         (188.0,259.0,172.0,-342.0)
0         (188.0,259.0,172.0,-341.0)
0         (188.0,259.0,172.0,-340.0)
0         (188.0,258.0,172.0,-340.0)
0         (188.0,258.0,173.0,-340.0)
0         (188.0,258.0,173.0,-339.0)
0         (188.0,258.0,174.0,-339.0)
0         (188.0,257.0,174.0,-339.0)
0         (188.0,257.0,174.0,-338.0)
0         (188.0,257.0,173.0,-338.0)
0         (188.0,257.0,173.0,-339.0)
0         (189.0,257.0,173.0,-339.0)
0         (189.0,257.0,174.0,-339.0)
0         (189.0,257.0,174.0,-338.0)
0         (189.0,257.0,173.0,-338.0)
0         (189.0,257.0,173.0,-337.0)
0         (188.0,257.0,173.0,-337.0)
0         (188.0,256.0,173.0,-337.0)
0         (188.0,256.0,173.0,-336.0)
0         (188.0,255.0,173.0,-336.0)
0         (188.0,255.0,173.0,-335.0)
0         (188.0,254.0,173.0,-335.0)
0         (188.0,254.0,173.0,-334.0)
0         (188.0,254.0,173.0,-333.0)
0         (188.0,253.0,173.0,-333.0)
0         (188.0,253.0,174.0,-333.0)
0         (188.0,253.0,174.0,-332.0)
0         (188.0,253.0,173.0,-332.0)
0         (188.0,253.0,173.0,-331.0)
0         (188.0,253.0,174.0,-331.0)
0         (188.0,252.0,174.0,-331.0)
0         (188.0,252.0,173.0,-331.0)
0         (188.0,252.0,173.0,-332.0)
0         (188.0,252.0,174.0,-332.0)
0         (188.0,252.0,174.0,-333.0)
0         (188.0,252.0,173.0,-333.0)
0         (189.0,252.0,173.0,-333.0)
0         (189.0,253.0,173.0,-333.0)
0         (189.0,253.0,174.0,-333.0)
0         (189.0,253.0,174.0,-332.0)
0         (189.0,253.0,173.0,-332.0)
0         (189.0,253.0,173.0,-331.0)
0         (189.0,253.0,174.0,-331.0)
0         (189.0,252.0,174.0,-331.0)
0         (189.0,252.0,173.0,-331.0)
0         (189.0,252.0,173.0,-332.0)
0         (189.0,252.0,174.0,-332.0)
0         (189.0,252.0,174.0,-333.0)
0         (189.0,252.0,175.0,-333.0)
0         (189.0,253.0,175.0,-333.0)
0         (188.0,253.0,175.0,-333.0)
0         (188.0,253.0,175.0,-332.0)
0         (188.0,253.0,175.0,-331.0)
0         (188.0,252.0,175.0,-331.0)
0         (188.0,252.0,175.0,-332.0)
0         (189.0,252.0,175.0,-332.0)
0         (189.0,253.0,175.0,-332.0)
0         (189.0,253.0,175.0,-331.0)
0         (189.0,252.0,175.0,-331.0)
0         (189.0,252.0,175.0,-330.0)
0         (188.0,252.0,175.0,-330.0)
0         (188.0,251.0,175.0,-330.0)
0         (188.0,251.0,175.0,-329.0)
0         (188.0,250.0,175.0,-329.0)
0         (188.0,250.0,175.0,-328.0)
0         (188.0,249.0,175.0,-328.0)
0         (188.0,249.0,175.0,-327.0)
0         (188.0,249.0,174.0,-327.0)
0         (188.0,249.0,174.0,-326.0)
0         (188.0,248.0,174.0,-326.0)
0         (188.0,248.0,174.0,-325.0)
0         (188.0,248.0,173.0,-325.0)
0         (188.0,248.0,173.0,-326.0)
0         (188.0,249.0,173.0,-326.0)
0         (188.0,249.0,173.0,-325.0)
0         (188.0,249.0,174.0,-325.0)
0         (189.0,249.0,174.0,-325.0)
0         (189.0,249.0,174.0,-326.0)
0         (189.0,248.0,174.0,-326.0)
0         (189.0,248.0,174.0,-325.0)
0         (189.0,248.0,173.0,-325.0)
0         (189.0,248.0,173.0,-326.0)
0         (189.0,249.0,173.0,-326.0)
0         (189.0,249.0,173.0,-325.0)
0         (189.0,249.0,173.0,-324.0)
0         (189.0,248.0,173.0,-324.0)
0         (188.0,248.0,173.0,-324.0)
0         (188.0,247.0,173.0,-324.0)
0         (188.0,247.0,172.0,-324.0)
0         (188.0,247.0,172.0,-323.0)
0         (188.0,246.0,172.0,-323.0)
0         (188.0,246.0,172.0,-322.0)
0         (188.0,245.0,172.0,-322.0)
0         (188.0,245.0,172.0,-321.0)
0         (188.0,245.0,173.0,-321.0)
0         (188.0,245.0,173.0,-320.0)
0         (188.0,244.0,173.0,-320.0)
0         (188.0,244.0,174.0,-320.0)
0         (188.0,244.0,174.0,-319.0)
0         (188.0,244.0,173.0,-319.0)
0         (188.0,243.0,173.0,-319.0)
0         (188.0,243.0,173.0,-318.0)
0         (188.0,243.0,172.0,-318.0)
0         (188.0,243.0,172.0,-317.0)
0         (188.0,242.0,172.0,-317.0)
0         (188.0,242.0,172.0,-316.0)
0         (188.0,241.0,172.0,-316.0)
0         (188.0,241.0,172.0,-315.0)
0         (188.0,240.0,172.0,-315.0)
0         (188.0,240.0,173.0,-315.0)
0         (188.0,240.0,173.0,-314.0)
0         (188.0,240.0,174.0,-314.0)
0         (188.0,240.0,174.0,-313.0)
0         (188.0,239.0,174.0,-313.0)
0         (188.0,239.0,173.0,-313.0)
0         (188.0,240.0,173.0,-313.0)
0         (189.0,240.0,173.0,-313.0)
0         (189.0,240.0,174.0,-313.0)
0         (189.0,240.0,174.0,-314.0)
0         (189.0,239.0,174.0,-314.0)
0         (188.0,239.0,174.0,-314.0)
0         (188.0,239.0,173.0,-314.0)
0         (189.0,239.0,173.0,-314.0)
0         (189.0,239.0,173.0,-313.0)
0         (189.0,239.0,174.0,-313.0)
0         (189.0,239.0,174.0,-312.0)
0         (188.0,239.0,174.0,-312.0)
0         (188.0,239.0,173.0,-312.0)
0         (188.0,240.0,173.0,-312.0)
0         (188.0,240.0,174.0,-312.0)
0         (189.0,240.0,174.0,-312.0)
0         (189.0,240.0,173.0,-312.0)
0         (189.0,239.0,173.0,-312.0)
0         (189.0,239.0,172.0,-312.0)
0         (188.0,239.0,172.0,-312.0)
0         (188.0,239.0,172.0,-311.0)
0         (188.0,238.0,172.0,-311.0)
0         (188.0,238.0,172.0,-310.0)
0         (188.0,237.0,172.0,-310.0)
0         (188.0,237.0,172.0,-309.0)
0         (188.0,236.0,172.0,-309.0)
0         (188.0,236.0,173.0,-309.0)
0         (188.0,236.0,173.0,-308.0)
0         (188.0,235.0,173.0,-308.0)
0         (188.0,235.0,173.0,-307.0)
0         (188.0,235.0,174.0,-307.0)
0         (188.0,235.0,174.0,-308.0)
0         (189.0,235.0,174.0,-308.0)
0         (189.0,235.0,174.0,-307.0)
0         (189.0,235.0,173.0,-307.0)
0         (189.0,235.0,173.0,-306.0)
0         (188.0,235.0,173.0,-306.0)
0         (188.0,235.0,174.0,-306.0)
0         (189.0,235.0,174.0,-306.0)
0         (189.0,234.0,174.0,-306.0)
0         (188.0,234.0,174.0,-306.0)
0         (188.0,234.0,173.0,-306.0)
0         (188.0,234.0,173.0,-305.0)
0         (188.0,234.0,172.0,-305.0)
0         (188.0,233.0,172.0,-305.0)
0         (188.0,233.0,172.0,-304.0)
0         (188.0,232.0,172.0,-304.0)
0         (188.0,232.0,172.0,-303.0)
0         (188.0,232.0,172.0,-302.0)
0         (188.0,232.0,173.0,-302.0)
0         (188.0,231.0,173.0,-302.0)
0         (188.0,231.0,173.0,-301.0)
0         (188.0,231.0,174.0,-301.0)
0         (188.0,231.0,174.0,-300.0)
0         (188.0,231.0,173.0,-300.0)
0         (188.0,230.0,173.0,-300.0)
0         (188.0,230.0,174.0,-300.0)
0         (188.0,230.0,174.0,-301.0)
0         (188.0,230.0,173.0,-301.0)
0         (189.0,230.0,173.0,-301.0)
0         (189.0,231.0,173.0,-301.0)
0         (189.0,231.0,174.0,-301.0)
0         (189.0,231.0,174.0,-300.0)
0         (189.0,231.0,173.0,-300.0)
0         (189.0,230.0,173.0,-300.0)
0         (189.0,230.0,174.0,-300.0)
0         (189.0,230.0,174.0,-301.0)
0         (189.0,230.0,174.0,-302.0)
0         (189.0,231.0,174.0,-302.0)
0         (188.0,231.0,174.0,-302.0)
0         (188.0,230.0,174.0,-302.0)
0         (188.0,230.0,173.0,-302.0)
0         (189.0,230.0,173.0,-302.0)
0         (189.0,231.0,173.0,-302.0)
0         (189.0,232.0,173.0,-302.0)
0         (189.0,232.0,173.0,-301.0)
0         (188.0,232.0,173.0,-301.0)
0         (188.0,232.0,174.0,-301.0)
0         (188.0,232.0,174.0,-300.0)
0         (188.0,232.0,173.0,-300.0)
0         (188.0,232.0,173.0,-299.0)
0         (188.0,231.0,173.0,-299.0)
0         (188.0,230.0,173.0,-299.0)
0         (188.0,230.0,172.0,-299.0)
0         (188.0,229.0,172.0,-299.0)
0         (188.0,229.0,172.0,-298.0)
0         (188.0,228.0,172.0,-298.0)
0         (188.0,228.0,172.0,-297.0)
0         (188.0,227.0,172.0,-297.0)
0         (188.0,227.0,172.0,-296.0)
0         (188.0,227.0,173.0,-296.0)
0         (188.0,227.0,173.0,-295.0)
0         (188.0,226.0,173.0,-295.0)
0         (188.0,226.0,174.0,-295.0)
0         (188.0,226.0,174.0,-294.0)
0         (188.0,226.0,173.0,-294.0)
0         (188.0,227.0,173.0,-294.0)
0         (188.0,227.0,174.0,-294.0)
0         (188.0,227.0,174.0,-295.0)
0         (189.0,227.0,174.0,-295.0)
0         (189.0,226.0,174.0,-295.0)
0         (189.0,226.0,174.0,-294.0)
0         (189.0,226.0,173.0,-294.0)
0         (189.0,226.0,173.0,-295.0)
0         (189.0,227.0,173.0,-295.0)
0         (189.0,227.0,173.0,-294.0)
0         (189.0,227.0,174.0,-294.0)
0         (189.0,227.0,175.0,-294.0)
0         (188.0,227.0,175.0,-294.0)
0         (188.0,226.0,175.0,-294.0)
0         (188.0,226.0,175.0,-295.0)
0         (188.0,227.0,175.0,-295.0)
0         (189.0,227.0,175.0,-295.0)
0         (189.0,226.0,175.0,-295.0)
0         (189.0,226.0,175.0,-294.0)
0         (189.0,226.0,175.0,-293.0)
0         (189.0,226.0,174.0,-293.0)
0         (188.0,226.0,174.0,-293.0)
0         (188.0,226.0,173.0,-293.0)
0         (188.0,225.0,173.0,-293.0)
0         (188.0,225.0,172.0,-293.0)
0         (188.0,225.0,172.0,-292.0)
0         (188.0,224.0,172.0,-292.0)
0         (188.0,224.0,172.0,-291.0)
0         (188.0,223.0,172.0,-291.0)
0         (188.0,223.0,172.0,-290.0)
0         (188.0,223.0,173.0,-290.0)
0         (188.0,222.0,173.0,-290.0)
0         (188.0,222.0,173.0,-289.0)
0         (188.0,222.0,174.0,-289.0)
0         (188.0,222.0,174.0,-288.0)
0         (188.0,222.0,173.0,-288.0)
0         (188.0,221.0,173.0,-288.0)
0         (188.0,221.0,174.0,-288.0)
0         (188.0,221.0,174.0,-287.0)
0         (188.0,222.0,174.0,-287.0)
0         (188.0,222.0,173.0,-287.0)
0         (188.0,221.0,173.0,-287.0)
0         (188.0,221.0,172.0,-287.0)
0         (188.0,221.0,172.0,-286.0)
0         (188.0,220.0,172.0,-286.0)
0         (188.0,220.0,172.0,-285.0)
0         (188.0,219.0,172.0,-285.0)
0         (188.0,219.0,172.0,-284.0)
0         (188.0,218.0,172.0,-284.0)
0         (188.0,218.0,173.0,-284.0)
0         (188.0,218.0,173.0,-283.0)
0         (188.0,218.0,173.0,-282.0)
0         (188.0,218.0,174.0,-282.0)
0         (188.0,217.0,174.0,-282.0)
0         (188.0,217.0,173.0,-282.0)
0         (188.0,217.0,173.0,-281.0)
0         (188.0,217.0,174.0,-281.0)
0         (188.0,218.0,174.0,-281.0)
0         (188.0,218.0,173.0,-281.0)
0         (189.0,218.0,173.0,-281.0)
0         (189.0,217.0,173.0,-281.0)
0         (189.0,217.0,173.0,-282.0)
0         (189.0,217.0,174.0,-282.0)
0         (189.0,218.0,174.0,-282.0)
0         (189.0,218.0,173.0,-282.0)
0         (189.0,218.0,173.0,-283.0)
0         (189.0,218.0,174.0,-283.0)
0         (188.0,218.0,174.0,-283.0)
0         (188.0,217.0,174.0,-283.0)
0         (188.0,217.0,173.0,-283.0)
0         (189.0,217.0,173.0,-283.0)
0         (189.0,217.0,174.0,-283.0)
0         (189.0,217.0,175.0,-283.0)
0         (189.0,217.0,175.0,-282.0)
0         (188.0,217.0,175.0,-282.0)
0         (188.0,218.0,175.0,-282.0)
0         (188.0,218.0,175.0,-281.0)
0         (188.0,217.0,175.0,-281.0)
0         (189.0,217.0,175.0,-281.0)
0         (189.0,217.0,174.0,-281.0)
0         (189.0,218.0,174.0,-281.0)
0         (189.0,218.0,175.0,-281.0)
0         (189.0,218.0,175.0,-282.0)
0         (189.0,218.0,175.0,-283.0)
0         (188.0,218.0,175.0,-283.0)
0         (188.0,217.0,175.0,-283.0)
0         (188.0,217.0,175.0,-284.0)
0         (188.0,217.0,174.0,-284.0)
0         (188.0,217.0,173.0,-284.0)
0         (189.0,217.0,173.0,-284.0)
0         (189.0,217.0,174.0,-284.0)
0         (189.0,218.0,174.0,-284.0)
0         (188.0,218.0,174.0,-284.0)
0         (188.0,218.0,175.0,-284.0)
0         (189.0,218.0,175.0,-284.0)
0         (189.0,217.0,175.0,-284.0)
0         (189.0,216.0,175.0,-284.0)
0         (189.0,216.0,175.0,-283.0)
0         (189.0,216.0,174.0,-283.0)
0         (189.0,216.0,174.0,-282.0)
0         (188.0,216.0,174.0,-282.0)
0         (188.0,216.0,174.0,-281.0)
0         (188.0,216.0,173.0,-281.0)
0         (188.0,216.0,173.0,-280.0)
0         (188.0,216.0,172.0,-280.0)
0         (188.0,216.0,172.0,-279.0)
0         (188.0,215.0,172.0,-279.0)
0         (188.0,215.0,172.0,-278.0)
0         (188.0,214.0,172.0,-278.0)
0         (188.0,214.0,172.0,-277.0)
0         (188.0,214.0,173.0,-277.0)
0         (188.0,213.0,173.0,-277.0)
0         (188.0,213.0,173.0,-276.0)
0         (188.0,213.0,174.0,-276.0)
0         (188.0,213.0,174.0,-275.0)
0         (188.0,213.0,173.0,-275.0)
0         (188.0,212.0,173.0,-275.0)
0         (188.0,212.0,174.0,-275.0)
0         (188.0,212.0,174.0,-276.0)
0         (188.0,212.0,173.0,-276.0)
0         (189.0,212.0,173.0,-276.0)
0         (189.0,213.0,173.0,-276.0)
0         (189.0,213.0,174.0,-276.0)
0         (189.0,213.0,174.0,-275.0)
0         (189.0,213.0,173.0,-275.0)
0         (189.0,212.0,173.0,-275.0)
0         (189.0,212.0,174.0,-275.0)
0         (189.0,212.0,174.0,-276.0)
0         (189.0,212.0,174.0,-277.0)
0         (189.0,213.0,174.0,-277.0)
0         (188.0,213.0,174.0,-277.0)
0         (188.0,213.0,175.0,-277.0)
0         (188.0,213.0,175.0,-276.0)
0         (188.0,213.0,175.0,-275.0)
0         (188.0,212.0,175.0,-275.0)
0         (188.0,212.0,175.0,-276.0)
0         (189.0,212.0,175.0,-276.0)
0         (189.0,213.0,175.0,-276.0)
0         (189.0,213.0,175.0,-275.0)
0         (189.0,212.0,175.0,-275.0)
0         (189.0,212.0,175.0,-274.0)
0         (189.0,212.0,174.0,-274.0)
0         (188.0,212.0,174.0,-274.0)
0         (188.0,212.0,173.0,-274.0)
0         (188.0,212.0,172.0,-274.0)
0         (188.0,212.0,172.0,-273.0)
0         (188.0,211.0,172.0,-273.0)
0         (188.0,211.0,172.0,-272.0)
0         (188.0,210.0,172.0,-272.0)
0         (188.0,210.0,172.0,-271.0)
0         (188.0,209.0,172.0,-271.0)
0         (188.0,209.0,173.0,-271.0)
0         (188.0,209.0,173.0,-270.0)
0         (188.0,209.0,174.0,-270.0)
0         (188.0,209.0,174.0,-269.0)
0         (188.0,208.0,174.0,-269.0)
0         (188.0,208.0,174.0,-270.0)
0         (188.0,208.0,173.0,-270.0)
0         (188.0,208.0,173.0,-269.0)
0         (188.0,209.0,173.0,-269.0)
0         (189.0,209.0,173.0,-269.0)
0         (189.0,209.0,174.0,-269.0)
0         (189.0,209.0,174.0,-270.0)
0         (189.0,208.0,174.0,-270.0)
0         (189.0,208.0,174.0,-269.0)
0         (189.0,208.0,173.0,-269.0)
0         (189.0,208.0,173.0,-270.0)
0         (189.0,209.0,173.0,-270.0)
0         (189.0,209.0,173.0,-271.0)
0         (189.0,209.0,174.0,-271.0)
0         (188.0,209.0,174.0,-271.0)
0         (188.0,208.0,174.0,-271.0)
0         (188.0,208.0,173.0,-271.0)
0         (189.0,208.0,173.0,-271.0)
0         (189.0,208.0,174.0,-271.0)
0         (189.0,208.0,175.0,-271.0)
0         (189.0,208.0,175.0,-270.0)
0         (188.0,208.0,175.0,-270.0)
0         (188.0,208.0,175.0,-269.0)
0         (188.0,209.0,175.0,-269.0)
0         (188.0,209.0,175.0,-270.0)
0         (189.0,209.0,175.0,-270.0)
0         (189.0,209.0,175.0,-269.0)
0         (189.0,208.0,175.0,-269.0)
0         (189.0,208.0,175.0,-268.0)
0         (189.0,208.0,174.0,-268.0)
0         (188.0,208.0,174.0,-268.0)
0         (188.0,208.0,173.0,-268.0)
0         (188.0,209.0,173.0,-268.0)
0         (188.0,209.0,174.0,-268.0)
0         (189.0,209.0,174.0,-268.0)
0         (189.0,209.0,173.0,-268.0)
0         (189.0,208.0,173.0,-268.0)
0         (189.0,208.0,172.0,-268.0)
0         (188.0,208.0,172.0,-268.0)
0         (188.0,207.0,172.0,-268.0)
0         (188.0,207.0,172.0,-267.0)
0         (188.0,206.0,172.0,-267.0)
0         (188.0,206.0,172.0,-266.0)
0         (188.0,206.0,172.0,-265.0)
0         (188.0,205.0,172.0,-265.0)
0         (188.0,205.0,173.0,-265.0)
0         (188.0,205.0,173.0,-264.0)
0         (188.0,204.0,173.0,-264.0)
0         (188.0,204.0,174.0,-264.0)
0         (188.0,204.0,174.0,-263.0)
0         (188.0,204.0,173.0,-263.0)
0         (188.0,204.0,173.0,-262.0)
0         (188.0,204.0,174.0,-262.0)
0         (189.0,204.0,174.0,-262.0)
0         (189.0,204.0,174.0,-263.0)
0         (189.0,204.0,174.0,-264.0)
0         (189.0,204.0,173.0,-264.0)
0         (189.0,204.0,173.0,-263.0)
0         (189.0,204.0,173.0,-262.0)
0         (189.0,203.0,173.0,-262.0)
0         (188.0,203.0,173.0,-262.0)
0         (188.0,203.0,173.0,-263.0)
0         (188.0,203.0,174.0,-263.0)
0         (188.0,203.0,174.0,-262.0)
0         (189.0,203.0,174.0,-262.0)
0         (189.0,203.0,174.0,-263.0)
0         (189.0,203.0,173.0,-263.0)
0         (189.0,203.0,173.0,-264.0)
0         (188.0,203.0,173.0,-264.0)
0         (188.0,203.0,174.0,-264.0)
0         (189.0,203.0,174.0,-264.0)
0         (189.0,203.0,175.0,-264.0)
0         (189.0,204.0,175.0,-264.0)
0         (188.0,204.0,175.0,-264.0)
0         (188.0,204.0,175.0,-263.0)
0         (189.0,204.0,175.0,-263.0)
0         (189.0,204.0,175.0,-262.0)
0         (188.0,204.0,175.0,-262.0)
0         (188.0,203.0,175.0,-262.0)
0         (188.0,203.0,175.0,-263.0)
0         (188.0,203.0,175.0,-264.0)
0         (188.0,203.0,175.0,-265.0)
0         (188.0,204.0,175.0,-265.0)
0         (188.0,204.0,174.0,-265.0)
0         (188.0,204.0,173.0,-265.0)
0         (189.0,204.0,173.0,-265.0)
0         (189.0,204.0,174.0,-265.0)
0         (189.0,205.0,174.0,-265.0)
0         (189.0,205.0,174.0,-264.0)
0         (188.0,205.0,174.0,-264.0)
0         (188.0,205.0,174.0,-263.0)
0         (188.0,205.0,173.0,-263.0)
0         (188.0,205.0,173.0,-262.0)
0         (188.0,205.0,174.0,-262.0)
0         (189.0,205.0,174.0,-262.0)
0         (189.0,205.0,174.0,-263.0)
0         (189.0,205.0,173.0,-263.0)
0         (189.0,205.0,173.0,-262.0)
0         (189.0,205.0,172.0,-262.0)
0         (189.0,204.0,172.0,-262.0)
0         (188.0,204.0,172.0,-262.0)
0         (188.0,203.0,172.0,-262.0)
0         (188.0,203.0,172.0,-261.0)
0         (188.0,202.0,172.0,-261.0)
0         (188.0,202.0,172.0,-260.0)
0         (188.0,201.0,172.0,-260.0)
0         (188.0,201.0,172.0,-259.0)
0         (188.0,201.0,172.0,-258.0)
0         (188.0,201.0,173.0,-258.0)
0         (188.0,200.0,173.0,-258.0)
0         (188.0,200.0,173.0,-257.0)
0         (188.0,200.0,174.0,-257.0)
0         (188.0,199.0,174.0,-257.0)
0         (188.0,199.0,173.0,-257.0)
0         (188.0,199.0,173.0,-256.0)
0         (188.0,199.0,174.0,-256.0)
0         (188.0,200.0,174.0,-256.0)
0         (188.0,200.0,173.0,-256.0)
0         (189.0,200.0,173.0,-256.0)
0         (189.0,200.0,173.0,-257.0)
0         (189.0,200.0,174.0,-257.0)
0         (189.0,199.0,174.0,-257.0)
0         (189.0,199.0,173.0,-257.0)
0         (189.0,199.0,173.0,-256.0)
0         (189.0,199.0,174.0,-256.0)
0         (189.0,200.0,174.0,-256.0)
0         (189.0,200.0,175.0,-256.0)
0         (188.0,200.0,175.0,-256.0)
0         (188.0,200.0,175.0,-257.0)
0         (188.0,199.0,175.0,-257.0)
0         (188.0,199.0,175.0,-256.0)
0         (189.0,199.0,175.0,-256.0)
0         (189.0,199.0,175.0,-257.0)
0         (189.0,200.0,175.0,-257.0)
0         (189.0,200.0,175.0,-258.0)
0         (189.0,200.0,174.0,-258.0)
0         (188.0,200.0,174.0,-258.0)
0         (188.0,199.0,174.0,-258.0)
0         (188.0,199.0,173.0,-258.0)
0         (189.0,199.0,173.0,-258.0)
0         (189.0,199.0,174.0,-258.0)
0         (189.0,199.0,175.0,-258.0)
0         (188.0,199.0,175.0,-258.0)
0         (188.0,200.0,175.0,-258.0)
0         (188.0,200.0,175.0,-259.0)
0         (188.0,200.0,174.0,-259.0)
0         (188.0,199.0,174.0,-259.0)
0         (188.0,199.0,173.0,-259.0)
0         (188.0,200.0,173.0,-259.0)
0         (189.0,200.0,173.0,-259.0)
0         (189.0,200.0,173.0,-258.0)
0         (189.0,201.0,173.0,-258.0)
0         (189.0,201.0,173.0,-257.0)
0         (188.0,201.0,173.0,-257.0)
0         (188.0,201.0,174.0,-257.0)
0         (188.0,201.0,174.0,-256.0)
0         (188.0,201.0,173.0,-256.0)
0         (188.0,201.0,173.0,-255.0)
0         (188.0,200.0,173.0,-255.0)
0         (188.0,199.0,173.0,-255.0)
0         (188.0,199.0,172.0,-255.0)
0         (188.0,198.0,172.0,-255.0)
0         (188.0,198.0,172.0,-254.0)
0         (188.0,197.0,172.0,-254.0)
0         (188.0,197.0,172.0,-253.0)
0         (188.0,196.0,172.0,-253.0)
0         (188.0,196.0,172.0,-252.0)
0         (188.0,196.0,173.0,-252.0)
0         (188.0,196.0,173.0,-251.0)
0         (188.0,195.0,173.0,-251.0)
0         (188.0,195.0,174.0,-251.0)
0         (188.0,195.0,174.0,-250.0)
0         (188.0,195.0,173.0,-250.0)
0         (189.0,195.0,173.0,-250.0)
0         (189.0,195.0,174.0,-250.0)
0         (189.0,195.0,174.0,-251.0)
0         (189.0,195.0,173.0,-251.0)
0         (189.0,196.0,173.0,-251.0)
0         (189.0,196.0,174.0,-251.0)
0         (188.0,196.0,174.0,-251.0)
0         (188.0,196.0,174.0,-250.0)
0         (188.0,196.0,173.0,-250.0)
0         (189.0,196.0,173.0,-250.0)
0         (189.0,196.0,174.0,-250.0)
0         (189.0,196.0,175.0,-250.0)
0         (189.0,195.0,175.0,-250.0)
0         (188.0,195.0,175.0,-250.0)
0         (188.0,195.0,175.0,-251.0)
0         (189.0,195.0,175.0,-251.0)
0         (189.0,196.0,175.0,-251.0)
0         (188.0,196.0,175.0,-251.0)
0         (188.0,196.0,175.0,-250.0)
0         (188.0,196.0,175.0,-249.0)
0         (188.0,196.0,174.0,-249.0)
0         (188.0,195.0,174.0,-249.0)
0         (188.0,195.0,173.0,-249.0)
0         (188.0,194.0,173.0,-249.0)
0         (188.0,194.0,173.0,-250.0)
0         (188.0,194.0,174.0,-250.0)
0         (188.0,194.0,174.0,-251.0)
0         (188.0,194.0,173.0,-251.0)
0         (189.0,194.0,173.0,-251.0)
0         (189.0,194.0,173.0,-250.0)
0         (189.0,194.0,173.0,-249.0)
0         (189.0,195.0,173.0,-249.0)
0         (189.0,195.0,174.0,-249.0)
0         (189.0,194.0,174.0,-249.0)
0         (188.0,194.0,174.0,-249.0)
0         (187.0,194.0,174.0,-249.0)
0         (187.0,194.0,174.0,-248.0)
0         (186.0,194.0,174.0,-248.0)
0         (186.0,194.0,174.0,-247.0)
0         (186.0,194.0,174.0,-246.0)
0         (186.0,195.0,174.0,-246.0)
0         (185.0,195.0,174.0,-246.0)
0         (185.0,195.0,174.0,-245.0)
0         (185.0,195.0,174.0,-244.0)
0         (185.0,195.0,173.0,-244.0)
0         (185.0,195.0,173.0,-245.0)
0         (185.0,196.0,173.0,-245.0)
0         (185.0,196.0,174.0,-245.0)
0         (185.0,196.0,174.0,-244.0)
0         (185.0,196.0,173.0,-244.0)
0         (185.0,196.0,173.0,-243.0)
0         (185.0,195.0,173.0,-243.0)
0         (185.0,195.0,174.0,-243.0)
0         (185.0,196.0,174.0,-243.0)
0         (185.0,196.0,175.0,-243.0)
0         (185.0,196.0,175.0,-244.0)
0         (185.0,195.0,175.0,-244.0)
0         (185.0,195.0,175.0,-245.0)
0         (185.0,196.0,175.0,-245.0)
0         (186.0,196.0,175.0,-245.0)
0         (186.0,196.0,174.0,-245.0)
0         (186.0,195.0,174.0,-245.0)
0         (186.0,195.0,174.0,-244.0)
0         (186.0,195.0,173.0,-244.0)
0         (186.0,195.0,173.0,-245.0)
0         (186.0,196.0,173.0,-245.0)
0         (186.0,196.0,173.0,-244.0)
0         (186.0,196.0,174.0,-244.0)
0         (186.0,196.0,174.0,-243.0)
0         (186.0,195.0,174.0,-243.0)
0         (186.0,195.0,173.0,-243.0)
0         (186.0,194.0,173.0,-243.0)
0         (185.0,194.0,173.0,-243.0)
0         (185.0,194.0,173.0,-244.0)
0         (185.0,194.0,174.0,-244.0)
0         (185.0,194.0,174.0,-243.0)
0         (184.0,194.0,174.0,-243.0)
0         (184.0,194.0,173.0,-243.0)
0         (184.0,194.0,173.0,-242.0)
0         (184.0,193.0,173.0,-242.0)
0         (184.0,193.0,173.0,-241.0)
0         (184.0,192.0,173.0,-241.0)
0         (184.0,192.0,173.0,-240.0)
0         (185.0,192.0,173.0,-240.0)
0         (185.0,191.0,173.0,-240.0)
0         (185.0,191.0,173.0,-239.0)
0         (185.0,191.0,174.0,-239.0)
0         (185.0,191.0,174.0,-238.0)
0         (185.0,191.0,173.0,-238.0)
0         (185.0,190.0,173.0,-238.0)
0         (185.0,190.0,174.0,-238.0)
0         (185.0,190.0,174.0,-239.0)
0         (185.0,190.0,173.0,-239.0)
0         (186.0,190.0,173.0,-239.0)
0         (186.0,190.0,173.0,-238.0)
0         (186.0,191.0,173.0,-238.0)
0         (186.0,191.0,174.0,-238.0)
0         (186.0,191.0,174.0,-239.0)
0         (186.0,191.0,173.0,-239.0)
0         (186.0,191.0,173.0,-240.0)
0         (186.0,191.0,174.0,-240.0)
0         (185.0,191.0,174.0,-240.0)
0         (185.0,190.0,174.0,-240.0)
0         (185.0,190.0,173.0,-240.0)
0         (186.0,190.0,173.0,-240.0)
0         (186.0,190.0,174.0,-240.0)
0         (186.0,190.0,174.0,-239.0)
0         (186.0,190.0,174.0,-238.0)
0         (186.0,190.0,174.0,-237.0)
0         (185.0,190.0,174.0,-237.0)
0         (185.0,191.0,174.0,-237.0)
0         (185.0,191.0,173.0,-237.0)
0         (185.0,190.0,173.0,-237.0)
0         (185.0,190.0,172.0,-237.0)
0         (185.0,190.0,172.0,-236.0)
0         (184.0,190.0,172.0,-236.0)
0         (184.0,190.0,172.0,-235.0)
0         (183.0,190.0,172.0,-235.0)
0         (183.0,190.0,172.0,-234.0)
0         (183.0,190.0,172.0,-233.0)
0         (182.0,190.0,172.0,-233.0)
0         (182.0,190.0,173.0,-233.0)
0         (182.0,190.0,173.0,-232.0)
0         (182.0,191.0,173.0,-232.0)
0         (182.0,191.0,174.0,-232.0)
0         (182.0,191.0,174.0,-231.0)
0         (182.0,191.0,173.0,-231.0)
0         (182.0,190.0,173.0,-231.0)
0         (182.0,190.0,174.0,-231.0)
0         (182.0,190.0,174.0,-232.0)
0         (182.0,190.0,174.0,-233.0)
0         (182.0,191.0,174.0,-233.0)
0         (182.0,191.0,173.0,-233.0)
0         (182.0,192.0,173.0,-233.0)
0         (182.0,192.0,173.0,-232.0)
0         (182.0,192.0,174.0,-232.0)
0         (182.0,192.0,174.0,-231.0)
0         (182.0,192.0,173.0,-231.0)
0         (182.0,192.0,173.0,-230.0)
0         (182.0,191.0,173.0,-230.0)
0         (182.0,190.0,173.0,-230.0)
0         (182.0,190.0,172.0,-230.0)
0         (181.0,190.0,172.0,-230.0)
0         (181.0,190.0,172.0,-229.0)
0         (180.0,190.0,172.0,-229.0)
0         (180.0,190.0,172.0,-228.0)
0         (180.0,190.0,172.0,-227.0)
0         (179.0,190.0,172.0,-227.0)
0         (179.0,190.0,173.0,-227.0)
0         (179.0,190.0,173.0,-226.0)
0         (179.0,191.0,173.0,-226.0)
0         (179.0,191.0,174.0,-226.0)
0         (179.0,191.0,174.0,-225.0)
0         (179.0,191.0,173.0,-225.0)
0         (179.0,190.0,173.0,-225.0)
0         (179.0,190.0,174.0,-225.0)
0         (179.0,190.0,174.0,-226.0)
0         (179.0,190.0,174.0,-227.0)
0         (179.0,191.0,174.0,-227.0)
0         (179.0,191.0,173.0,-227.0)
0         (179.0,192.0,173.0,-227.0)
0         (179.0,192.0,173.0,-226.0)
0         (179.0,192.0,174.0,-226.0)
0         (179.0,192.0,174.0,-225.0)
0         (179.0,192.0,173.0,-225.0)
0         (179.0,192.0,173.0,-224.0)
0         (179.0,191.0,173.0,-224.0)
0         (179.0,191.0,174.0,-224.0)
0         (179.0,190.0,174.0,-224.0)
0         (179.0,190.0,173.0,-224.0)
0         (178.0,190.0,173.0,-224.0)
0         (178.0,190.0,172.0,-224.0)
0         (178.0,190.0,172.0,-223.0)
0         (178.0,189.0,172.0,-223.0)
0         (178.0,189.0,172.0,-222.0)
0         (178.0,188.0,172.0,-222.0)
0         (178.0,188.0,172.0,-221.0)
0         (178.0,187.0,172.0,-221.0)
0         (178.0,187.0,172.0,-220.0)
0         (178.0,187.0,173.0,-220.0)
0         (179.0,187.0,173.0,-220.0)
0         (179.0,187.0,174.0,-220.0)
0         (179.0,186.0,174.0,-220.0)
0         (179.0,186.0,174.0,-219.0)
0         (179.0,187.0,174.0,-219.0)
0         (179.0,187.0,173.0,-219.0)
0         (179.0,186.0,173.0,-219.0)
0         (179.0,186.0,173.0,-220.0)
0         (179.0,186.0,173.0,-221.0)
0         (179.0,186.0,174.0,-221.0)
0         (179.0,187.0,174.0,-221.0)
0         (179.0,187.0,173.0,-221.0)
0         (178.0,187.0,173.0,-221.0)
0         (178.0,186.0,173.0,-221.0)
0         (178.0,186.0,173.0,-220.0)
0         (178.0,186.0,173.0,-219.0)
0         (178.0,186.0,173.0,-218.0)
0         (179.0,186.0,173.0,-218.0)
0         (179.0,186.0,174.0,-218.0)
0         (179.0,187.0,174.0,-218.0)
0         (179.0,187.0,173.0,-218.0)
0         (178.0,187.0,173.0,-218.0)
0         (178.0,187.0,173.0,-219.0)
0         (178.0,187.0,174.0,-219.0)
0         (178.0,186.0,174.0,-219.0)
0         (178.0,186.0,174.0,-218.0)
0         (178.0,185.0,174.0,-218.0)
0         (178.0,185.0,173.0,-218.0)
0         (178.0,185.0,173.0,-217.0)
0         (178.0,185.0,172.0,-217.0)
0         (178.0,184.0,172.0,-217.0)
0         (178.0,184.0,172.0,-216.0)
0         (178.0,183.0,172.0,-216.0)
0         (178.0,183.0,172.0,-215.0)
0         (178.0,183.0,172.0,-214.0)
0         (178.0,182.0,172.0,-214.0)
0         (178.0,182.0,173.0,-214.0)
0         (179.0,182.0,173.0,-214.0)
0         (179.0,182.0,174.0,-214.0)
0         (179.0,182.0,174.0,-213.0)
0         (179.0,182.0,173.0,-213.0)
0         (179.0,182.0,173.0,-212.0)
0         (179.0,182.0,174.0,-212.0)
0         (179.0,181.0,174.0,-212.0)
0         (179.0,181.0,174.0,-213.0)
0         (179.0,181.0,173.0,-213.0)
0         (179.0,181.0,173.0,-212.0)
0         (178.0,181.0,173.0,-212.0)
0         (178.0,181.0,173.0,-211.0)
0         (178.0,181.0,172.0,-211.0)
0         (178.0,180.0,172.0,-211.0)
0         (178.0,180.0,172.0,-210.0)
0         (178.0,179.0,172.0,-210.0)
0         (178.0,179.0,172.0,-209.0)
0         (178.0,179.0,172.0,-208.0)
0         (178.0,178.0,172.0,-208.0)
0         (178.0,178.0,173.0,-208.0)
0         (179.0,178.0,173.0,-208.0)
0         (179.0,178.0,173.0,-207.0)
0         (179.0,178.0,174.0,-207.0)
0         (179.0,177.0,174.0,-207.0)
0         (179.0,177.0,174.0,-206.0)
0         (179.0,178.0,174.0,-206.0)
0         (179.0,178.0,173.0,-206.0)
0         (179.0,177.0,173.0,-206.0)
0         (179.0,177.0,173.0,-207.0)
0         (179.0,177.0,173.0,-208.0)
0         (179.0,177.0,174.0,-208.0)
0         (179.0,178.0,174.0,-208.0)
0         (179.0,178.0,175.0,-208.0)
0         (179.0,178.0,175.0,-207.0)
0         (179.0,177.0,175.0,-207.0)
0         (179.0,177.0,175.0,-206.0)
0         (179.0,178.0,175.0,-206.0)
0         (179.0,178.0,175.0,-205.0)
0         (179.0,178.0,174.0,-205.0)
0         (179.0,177.0,174.0,-205.0)
0         (179.0,177.0,173.0,-205.0)
0         (178.0,177.0,173.0,-205.0)
0         (178.0,177.0,173.0,-206.0)
0         (178.0,177.0,174.0,-206.0)
0         (178.0,177.0,174.0,-207.0)
0         (178.0,177.0,173.0,-207.0)
0         (178.0,178.0,173.0,-207.0)
0         (178.0,178.0,173.0,-206.0)
0         (178.0,178.0,174.0,-206.0)
0         (178.0,178.0,174.0,-207.0)
0         (178.0,178.0,174.0,-208.0)
0         (178.0,177.0,174.0,-208.0)
0         (178.0,177.0,173.0,-208.0)
0         (178.0,177.0,172.0,-208.0)
0         (178.0,177.0,172.0,-207.0)
0         (178.0,177.0,172.0,-206.0)
0         (178.0,177.0,172.0,-205.0)
0         (178.0,176.0,172.0,-205.0)
0         (178.0,176.0,172.0,-204.0)
0         (177.0,176.0,172.0,-204.0)
0         (177.0,176.0,172.0,-203.0)
0         (176.0,176.0,172.0,-203.0)
0         (176.0,176.0,172.0,-202.0)
0         (176.0,176.0,172.0,-201.0)
0         (176.0,177.0,172.0,-201.0)
0         (176.0,177.0,173.0,-201.0)
0         (176.0,177.0,174.0,-201.0)
0         (176.0,178.0,174.0,-201.0)
0         (176.0,178.0,174.0,-200.0)
0         (176.0,177.0,174.0,-200.0)
0         (176.0,177.0,173.0,-200.0)
0         (176.0,178.0,173.0,-200.0)
0         (176.0,178.0,173.0,-201.0)
0         (176.0,178.0,173.0,-202.0)
0         (176.0,178.0,174.0,-202.0)
0         (176.0,177.0,174.0,-202.0)
0         (176.0,177.0,173.0,-202.0)
0         (175.0,177.0,173.0,-202.0)
0         (175.0,177.0,173.0,-201.0)
0         (175.0,177.0,173.0,-200.0)
0         (175.0,177.0,174.0,-200.0)
0         (175.0,177.0,174.0,-201.0)
0         (175.0,178.0,174.0,-201.0)
0         (175.0,178.0,174.0,-200.0)
0         (175.0,178.0,173.0,-200.0)
0         (175.0,178.0,173.0,-201.0)
0         (175.0,178.0,173.0,-202.0)
0         (175.0,178.0,174.0,-202.0)
0         (175.0,177.0,174.0,-202.0)
0         (175.0,177.0,175.0,-202.0)
0         (176.0,177.0,175.0,-202.0)
0         (176.0,177.0,175.0,-201.0)
0         (176.0,178.0,175.0,-201.0)
0         (176.0,178.0,175.0,-200.0)
0         (176.0,177.0,175.0,-200.0)
0         (176.0,177.0,175.0,-199.0)
0         (176.0,177.0,174.0,-199.0)
0         (176.0,177.0,173.0,-199.0)
0         (176.0,178.0,173.0,-199.0)
0         (176.0,178.0,174.0,-199.0)
0         (175.0,178.0,174.0,-199.0)
0         (175.0,177.0,174.0,-199.0)
0         (175.0,177.0,173.0,-199.0)
0         (175.0,177.0,172.0,-199.0)
0         (175.0,176.0,172.0,-199.0)
0         (175.0,176.0,172.0,-198.0)
0         (174.0,176.0,172.0,-198.0)
0         (174.0,176.0,172.0,-197.0)
0         (173.0,176.0,172.0,-197.0)
0         (173.0,176.0,172.0,-196.0)
0         (173.0,176.0,172.0,-195.0)
0         (173.0,176.0,172.0,-194.0)
0         (173.0,177.0,172.0,-194.0)
0         (173.0,177.0,173.0,-194.0)
0         (173.0,177.0,174.0,-194.0)
0         (173.0,178.0,174.0,-194.0)
0         (173.0,178.0,174.0,-195.0)
0         (173.0,177.0,174.0,-195.0)
0         (173.0,177.0,173.0,-195.0)
0         (173.0,178.0,173.0,-195.0)
0         (173.0,178.0,173.0,-194.0)
0         (172.0,178.0,173.0,-194.0)
0         (172.0,178.0,174.0,-194.0)
0         (172.0,177.0,174.0,-194.0)
0         (172.0,177.0,173.0,-194.0)
0         (172.0,177.0,173.0,-193.0)
0         (173.0,177.0,173.0,-193.0)
0         (173.0,177.0,174.0,-193.0)
0         (173.0,178.0,174.0,-193.0)
0         (173.0,178.0,173.0,-193.0)
0         (172.0,178.0,173.0,-193.0)
0         (172.0,178.0,174.0,-193.0)
0         (172.0,177.0,174.0,-193.0)
0         (172.0,177.0,175.0,-193.0)
0         (172.0,177.0,175.0,-194.0)
0         (173.0,177.0,175.0,-194.0)
0         (173.0,178.0,175.0,-194.0)
0         (173.0,178.0,175.0,-195.0)
0         (173.0,177.0,175.0,-195.0)
0         (172.0,177.0,175.0,-195.0)
0         (172.0,177.0,174.0,-195.0)
0         (172.0,178.0,174.0,-195.0)
0         (172.0,178.0,173.0,-195.0)
0         (172.0,177.0,173.0,-195.0)
0         (172.0,177.0,173.0,-196.0)
0         (173.0,177.0,173.0,-196.0)
0         (173.0,177.0,174.0,-196.0)
0         (173.0,178.0,174.0,-196.0)
0         (173.0,178.0,173.0,-196.0)
0         (172.0,178.0,173.0,-196.0)
0         (172.0,178.0,174.0,-196.0)
0         (172.0,177.0,174.0,-196.0)
0         (172.0,177.0,175.0,-196.0)
0         (173.0,177.0,175.0,-196.0)
0         (173.0,178.0,175.0,-196.0)
0         (172.0,178.0,175.0,-196.0)
0         (172.0,178.0,175.0,-195.0)
0         (172.0,178.0,175.0,-194.0)
0         (172.0,178.0,175.0,-193.0)
0         (173.0,178.0,175.0,-193.0)
0         (173.0,177.0,175.0,-193.0)
0         (173.0,176.0,175.0,-193.0)
0         (173.0,176.0,174.0,-193.0)
0         (173.0,176.0,173.0,-193.0)
0         (172.0,176.0,173.0,-193.0)
0         (172.0,176.0,172.0,-193.0)
0         (172.0,176.0,172.0,-192.0)
0         (171.0,176.0,172.0,-192.0)
0         (171.0,176.0,172.0,-191.0)
0         (170.0,176.0,172.0,-191.0)
0         (170.0,176.0,172.0,-190.0)
0         (170.0,176.0,172.0,-189.0)
0         (170.0,176.0,172.0,-188.0)
0         (170.0,177.0,172.0,-188.0)
0         (170.0,177.0,173.0,-188.0)
0         (170.0,177.0,174.0,-188.0)
0         (170.0,178.0,174.0,-188.0)
0         (169.0,178.0,174.0,-188.0)
0         (169.0,177.0,174.0,-188.0)
0         (169.0,177.0,173.0,-188.0)
0         (169.0,178.0,173.0,-188.0)
0         (170.0,178.0,173.0,-188.0)
0         (170.0,178.0,173.0,-187.0)
0         (170.0,178.0,174.0,-187.0)
0         (170.0,177.0,174.0,-187.0)
0         (169.0,177.0,174.0,-187.0)
0         (169.0,177.0,173.0,-187.0)
0         (170.0,177.0,173.0,-187.0)
0         (170.0,177.0,173.0,-186.0)
0         (169.0,177.0,173.0,-186.0)
0         (169.0,177.0,172.0,-186.0)
