# run = 14
ltot         F            S   
0         -5.1573e+01    (-308.0,264.0,-193.0,22.0)
1         -5.1419e+01    (-307.0,264.0,-193.0,22.0)
2         -5.1266e+01    (-306.0,264.0,-193.0,22.0)
3         -5.1114e+01    (-305.0,264.0,-193.0,22.0)
4         -5.0961e+01    (-304.0,264.0,-193.0,22.0)
5         -5.0809e+01    (-303.0,264.0,-193.0,22.0)
6         -5.0658e+01    (-302.0,264.0,-193.0,22.0)
7         -5.0507e+01    (-301.0,264.0,-193.0,22.0)
8         -5.0357e+01    (-300.0,264.0,-193.0,22.0)
9         -5.0208e+01    (-299.0,264.0,-193.0,22.0)
10        -5.0058e+01    (-298.0,264.0,-193.0,22.0)
11        -4.9910e+01    (-297.0,264.0,-193.0,22.0)
12        -4.9761e+01    (-296.0,264.0,-193.0,22.0)
13        -4.9613e+01    (-295.0,264.0,-193.0,22.0)
14        -4.9466e+01    (-294.0,264.0,-193.0,22.0)
15        -4.9320e+01    (-293.0,264.0,-193.0,22.0)
16        -4.9173e+01    (-292.0,264.0,-193.0,22.0)
17        -4.9028e+01    (-291.0,264.0,-193.0,22.0)
18        -4.8882e+01    (-290.0,264.0,-193.0,22.0)
19        -4.8737e+01    (-289.0,264.0,-193.0,22.0)
20        -4.8593e+01    (-288.0,264.0,-193.0,22.0)
21        -4.8450e+01    (-287.0,264.0,-193.0,22.0)
22        -4.8306e+01    (-286.0,264.0,-193.0,22.0)
23        -4.8164e+01    (-285.0,264.0,-193.0,22.0)
24        -4.8021e+01    (-284.0,264.0,-193.0,22.0)
25        -4.7879e+01    (-283.0,264.0,-193.0,22.0)
26        -4.7738e+01    (-282.0,264.0,-193.0,22.0)
27        -4.7597e+01    (-281.0,264.0,-193.0,22.0)
28        -4.7457e+01    (-280.0,264.0,-193.0,22.0)
29        -4.7318e+01    (-279.0,264.0,-193.0,22.0)
30        -4.7178e+01    (-278.0,264.0,-193.0,22.0)
31        -4.7039e+01    (-277.0,264.0,-193.0,22.0)
32        -4.6901e+01    (-276.0,264.0,-193.0,22.0)
33        -4.6764e+01    (-275.0,264.0,-193.0,22.0)
34        -4.6626e+01    (-274.0,264.0,-193.0,22.0)
35        -4.6490e+01    (-273.0,264.0,-193.0,22.0)
36        -4.6353e+01    (-272.0,264.0,-193.0,22.0)
37        -4.6217e+01    (-271.0,264.0,-193.0,22.0)
38        -4.6082e+01    (-270.0,264.0,-193.0,22.0)
39        -4.5947e+01    (-269.0,264.0,-193.0,22.0)
40        -4.5813e+01    (-268.0,264.0,-193.0,22.0)
41        -4.5680e+01    (-267.0,264.0,-193.0,22.0)
42        -4.5546e+01    (-266.0,264.0,-193.0,22.0)
43        -4.5413e+01    (-265.0,264.0,-193.0,22.0)
44        -4.5281e+01    (-264.0,264.0,-193.0,22.0)
45        -4.5149e+01    (-264.0,263.0,-193.0,22.0)
46        -4.5017e+01    (-263.0,263.0,-193.0,22.0)
47        -4.4886e+01    (-263.0,262.0,-193.0,22.0)
48        -4.4755e+01    (-262.0,262.0,-193.0,22.0)
49        -4.4625e+01    (-262.0,261.0,-193.0,22.0)
50        -4.4494e+01    (-261.0,261.0,-193.0,22.0)
51        -4.4364e+01    (-261.0,260.0,-193.0,22.0)
52        -4.4233e+01    (-260.0,260.0,-193.0,22.0)
53        -4.4103e+01    (-260.0,259.0,-193.0,22.0)
54        -4.3974e+01    (-259.0,259.0,-193.0,22.0)
55        -4.3845e+01    (-259.0,258.0,-193.0,22.0)
56        -4.3716e+01    (-258.0,258.0,-193.0,22.0)
57        -4.3587e+01    (-257.0,258.0,-193.0,22.0)
58        -4.3458e+01    (-257.0,257.0,-193.0,22.0)
59        -4.3330e+01    (-256.0,257.0,-193.0,22.0)
60        -4.3201e+01    (-256.0,256.0,-193.0,22.0)
61        -4.3073e+01    (-255.0,256.0,-193.0,22.0)
62        -4.2946e+01    (-255.0,255.0,-193.0,22.0)
63        -4.2819e+01    (-254.0,255.0,-193.0,22.0)
64        -4.2692e+01    (-254.0,254.0,-193.0,22.0)
65        -4.2565e+01    (-253.0,254.0,-193.0,22.0)
66        -4.2438e+01    (-253.0,253.0,-193.0,22.0)
67        -4.2311e+01    (-252.0,253.0,-193.0,22.0)
68        -4.2185e+01    (-252.0,252.0,-193.0,22.0)
69        -4.2059e+01    (-251.0,252.0,-193.0,22.0)
70        -4.1934e+01    (-251.0,251.0,-193.0,22.0)
71        -4.1809e+01    (-250.0,251.0,-193.0,22.0)
72        -4.1683e+01    (-250.0,250.0,-193.0,22.0)
73        -4.1558e+01    (-249.0,250.0,-193.0,22.0)
74        -4.1434e+01    (-249.0,249.0,-193.0,22.0)
75        -4.1309e+01    (-248.0,249.0,-193.0,22.0)
76        -4.1185e+01    (-248.0,248.0,-193.0,22.0)
77        -4.1061e+01    (-248.0,247.0,-193.0,22.0)
78        -4.0938e+01    (-247.0,247.0,-193.0,22.0)
79        -4.0815e+01    (-247.0,246.0,-193.0,22.0)
80        -4.0691e+01    (-246.0,246.0,-193.0,22.0)
81        -4.0568e+01    (-246.0,245.0,-193.0,22.0)
82        -4.0445e+01    (-245.0,245.0,-193.0,22.0)
83        -4.0323e+01    (-245.0,244.0,-193.0,22.0)
84        -4.0201e+01    (-244.0,244.0,-193.0,22.0)
85        -4.0079e+01    (-244.0,243.0,-193.0,22.0)
86        -3.9958e+01    (-243.0,243.0,-193.0,22.0)
87        -3.9837e+01    (-243.0,242.0,-193.0,22.0)
88        -3.9715e+01    (-242.0,242.0,-193.0,22.0)
89        -3.9594e+01    (-242.0,241.0,-193.0,22.0)
90        -3.9474e+01    (-241.0,241.0,-193.0,22.0)
91        -3.9353e+01    (-241.0,240.0,-193.0,22.0)
92        -3.9233e+01    (-240.0,240.0,-193.0,22.0)
93        -3.9114e+01    (-240.0,239.0,-193.0,22.0)
94        -3.8994e+01    (-239.0,239.0,-193.0,22.0)
95        -3.8875e+01    (-239.0,238.0,-193.0,22.0)
96        -3.8755e+01    (-238.0,238.0,-193.0,22.0)
97        -3.8636e+01    (-238.0,237.0,-193.0,22.0)
98        -3.8518e+01    (-237.0,237.0,-193.0,22.0)
99        -3.8400e+01    (-237.0,236.0,-193.0,22.0)
100       -3.8282e+01    (-236.0,236.0,-193.0,22.0)
101       -3.8164e+01    (-235.0,236.0,-193.0,22.0)
102       -3.8046e+01    (-235.0,235.0,-193.0,22.0)
103       -3.7928e+01    (-234.0,235.0,-193.0,22.0)
104       -3.7811e+01    (-234.0,234.0,-193.0,22.0)
105       -3.7694e+01    (-233.0,234.0,-193.0,22.0)
106       -3.7578e+01    (-233.0,233.0,-193.0,22.0)
107       -3.7462e+01    (-232.0,233.0,-193.0,22.0)
108       -3.7346e+01    (-232.0,232.0,-193.0,22.0)
109       -3.7230e+01    (-231.0,232.0,-193.0,22.0)
110       -3.7114e+01    (-231.0,231.0,-193.0,22.0)
111       -3.6998e+01    (-230.0,231.0,-193.0,22.0)
112       -3.6883e+01    (-230.0,230.0,-193.0,22.0)
113       -3.6768e+01    (-229.0,230.0,-193.0,22.0)
114       -3.6654e+01    (-229.0,229.0,-193.0,22.0)
115       -3.6539e+01    (-228.0,229.0,-193.0,22.0)
116       -3.6425e+01    (-228.0,228.0,-193.0,22.0)
117       -3.6311e+01    (-227.0,228.0,-193.0,22.0)
118       -3.6197e+01    (-227.0,227.0,-193.0,22.0)
119       -3.6084e+01    (-226.0,227.0,-193.0,22.0)
120       -3.5971e+01    (-226.0,226.0,-193.0,22.0)
121       -3.5858e+01    (-226.0,225.0,-193.0,22.0)
122       -3.5746e+01    (-225.0,225.0,-193.0,22.0)
123       -3.5633e+01    (-225.0,224.0,-193.0,22.0)
124       -3.5521e+01    (-224.0,224.0,-193.0,22.0)
125       -3.5409e+01    (-224.0,223.0,-193.0,22.0)
126       -3.5297e+01    (-223.0,223.0,-193.0,22.0)
127       -3.5186e+01    (-223.0,222.0,-193.0,22.0)
128       -3.5075e+01    (-222.0,222.0,-193.0,22.0)
129       -3.4964e+01    (-222.0,221.0,-193.0,22.0)
130       -3.4854e+01    (-221.0,221.0,-193.0,22.0)
131       -3.4743e+01    (-221.0,220.0,-193.0,22.0)
132       -3.4633e+01    (-220.0,220.0,-193.0,22.0)
133       -3.4523e+01    (-220.0,219.0,-193.0,22.0)
134       -3.4414e+01    (-219.0,219.0,-193.0,22.0)
135       -3.4304e+01    (-219.0,218.0,-193.0,22.0)
136       -3.4195e+01    (-218.0,218.0,-193.0,22.0)
137       -3.4087e+01    (-218.0,217.0,-193.0,22.0)
138       -3.3978e+01    (-217.0,217.0,-193.0,22.0)
139       -3.3870e+01    (-217.0,216.0,-193.0,22.0)
140       -3.3761e+01    (-216.0,216.0,-193.0,22.0)
141       -3.3653e+01    (-216.0,215.0,-193.0,22.0)
142       -3.3546e+01    (-215.0,215.0,-193.0,22.0)
143       -3.3439e+01    (-215.0,214.0,-193.0,22.0)
144       -3.3332e+01    (-214.0,214.0,-193.0,22.0)
145       -3.3225e+01    (-213.0,214.0,-193.0,22.0)
146       -3.3118e+01    (-213.0,213.0,-193.0,22.0)
147       -3.3011e+01    (-212.0,213.0,-193.0,22.0)
148       -3.2905e+01    (-212.0,212.0,-193.0,22.0)
149       -3.2799e+01    (-211.0,212.0,-193.0,22.0)
150       -3.2694e+01    (-211.0,211.0,-193.0,22.0)
151       -3.2589e+01    (-210.0,211.0,-193.0,22.0)
152       -3.2483e+01    (-210.0,210.0,-193.0,22.0)
153       -3.2379e+01    (-209.0,210.0,-193.0,22.0)
154       -3.2274e+01    (-209.0,209.0,-193.0,22.0)
155       -3.2169e+01    (-208.0,209.0,-193.0,22.0)
156       -3.2065e+01    (-208.0,208.0,-193.0,22.0)
157       -3.1961e+01    (-207.0,208.0,-193.0,22.0)
158       -3.1858e+01    (-207.0,207.0,-193.0,22.0)
159       -3.1755e+01    (-206.0,207.0,-193.0,22.0)
160       -3.1651e+01    (-206.0,206.0,-193.0,22.0)
161       -3.1548e+01    (-205.0,206.0,-193.0,22.0)
162       -3.1445e+01    (-205.0,205.0,-193.0,22.0)
163       -3.1343e+01    (-204.0,205.0,-193.0,22.0)
164       -3.1241e+01    (-204.0,204.0,-193.0,22.0)
165       -3.1139e+01    (-204.0,203.0,-193.0,22.0)
166       -3.1038e+01    (-203.0,203.0,-193.0,22.0)
167       -3.0936e+01    (-203.0,202.0,-193.0,22.0)
168       -3.0835e+01    (-202.0,202.0,-193.0,22.0)
169       -3.0734e+01    (-202.0,201.0,-193.0,22.0)
170       -3.0633e+01    (-201.0,201.0,-193.0,22.0)
171       -3.0533e+01    (-201.0,200.0,-193.0,22.0)
172       -3.0433e+01    (-200.0,200.0,-193.0,22.0)
173       -3.0333e+01    (-200.0,199.0,-193.0,22.0)
174       -3.0234e+01    (-199.0,199.0,-193.0,22.0)
175       -3.0134e+01    (-199.0,198.0,-193.0,22.0)
176       -3.0035e+01    (-198.0,198.0,-193.0,22.0)
177       -2.9936e+01    (-198.0,197.0,-193.0,22.0)
178       -2.9838e+01    (-197.0,197.0,-193.0,22.0)
179       -2.9739e+01    (-197.0,196.0,-193.0,22.0)
180       -2.9641e+01    (-196.0,196.0,-193.0,22.0)
181       -2.9544e+01    (-196.0,195.0,-193.0,22.0)
182       -2.9446e+01    (-195.0,195.0,-193.0,22.0)
183       -2.9349e+01    (-195.0,194.0,-193.0,22.0)
184       -2.9251e+01    (-194.0,194.0,-193.0,22.0)
185       -2.9154e+01    (-194.0,193.0,-193.0,22.0)
186       -2.9058e+01    (-193.0,193.0,-193.0,22.0)
187       -2.8962e+01    (-193.0,192.0,-193.0,22.0)
188       -2.8866e+01    (-192.0,192.0,-193.0,22.0)
189       -2.8770e+01    (-191.0,192.0,-193.0,22.0)
190       -2.8674e+01    (-191.0,191.0,-193.0,22.0)
191       -2.8578e+01    (-190.0,191.0,-193.0,22.0)
192       -2.8482e+01    (-190.0,191.0,-192.0,22.0)
193       -2.8385e+01    (-189.0,191.0,-192.0,22.0)
194       -2.8134e+01    (-189.0,191.0,-192.0,23.0)
195       -2.7901e+01    (-189.0,191.0,-191.0,23.0)
196       -2.7613e+01    (-189.0,191.0,-191.0,24.0)
197       -2.7498e+01    (-189.0,191.0,-191.0,25.0)
198       -2.7388e+01    (-189.0,191.0,-190.0,25.0)
199       -2.7290e+01    (-188.0,191.0,-190.0,25.0)
200       -2.7379e+01    (-188.0,191.0,-190.0,26.0)
201       -2.7477e+01    (-189.0,191.0,-190.0,26.0)
202       -2.7581e+01    (-189.0,190.0,-190.0,26.0)
203       -2.7484e+01    (-188.0,190.0,-190.0,26.0)
204       -2.7415e+01    (-188.0,190.0,-190.0,25.0)
205       -2.7499e+01    (-188.0,190.0,-190.0,24.0)
206       -2.7408e+01    (-188.0,191.0,-190.0,24.0)
207       -2.7506e+01    (-189.0,191.0,-190.0,24.0)
208       -2.7596e+01    (-189.0,190.0,-190.0,24.0)
209       -2.7512e+01    (-189.0,190.0,-190.0,25.0)
210       -2.7609e+01    (-189.0,190.0,-189.0,25.0)
211       -2.7512e+01    (-188.0,190.0,-189.0,25.0)
212       -2.7455e+01    (-188.0,191.0,-189.0,25.0)
213       -2.7521e+01    (-188.0,191.0,-189.0,26.0)
214       -2.7565e+01    (-188.0,190.0,-189.0,26.0)
215       -2.7661e+01    (-189.0,190.0,-189.0,26.0)
216       -2.7618e+01    (-189.0,191.0,-189.0,26.0)
217       -2.7552e+01    (-189.0,191.0,-189.0,25.0)
218       -2.7630e+01    (-189.0,191.0,-189.0,24.0)
219       -2.7533e+01    (-188.0,191.0,-189.0,24.0)
220       -2.7567e+01    (-188.0,190.0,-189.0,24.0)
221       -2.7663e+01    (-189.0,190.0,-189.0,24.0)
222       -2.7808e+01    (-189.0,190.0,-189.0,23.0)
223       -2.7713e+01    (-188.0,190.0,-189.0,23.0)
224       -2.7714e+01    (-188.0,190.0,-190.0,23.0)
225       -2.7703e+01    (-188.0,191.0,-190.0,23.0)
226       -2.7734e+01    (-188.0,191.0,-189.0,23.0)
227       -2.7830e+01    (-189.0,191.0,-189.0,23.0)
228       -2.7799e+01    (-189.0,191.0,-190.0,23.0)
229       -2.7810e+01    (-189.0,190.0,-190.0,23.0)
230       -2.7910e+01    (-189.0,190.0,-191.0,23.0)
231       -2.7701e+01    (-189.0,190.0,-191.0,24.0)
232       -2.7604e+01    (-188.0,190.0,-191.0,24.0)
233       -2.7516e+01    (-188.0,191.0,-191.0,24.0)
234       -2.7399e+01    (-188.0,191.0,-191.0,25.0)
235       -2.7488e+01    (-188.0,191.0,-191.0,26.0)
236       -2.7586e+01    (-189.0,191.0,-191.0,26.0)
237       -2.7686e+01    (-189.0,190.0,-191.0,26.0)
238       -2.7589e+01    (-188.0,190.0,-191.0,26.0)
239       -2.7521e+01    (-188.0,190.0,-191.0,25.0)
240       -2.7618e+01    (-189.0,190.0,-191.0,25.0)
241       -2.7924e+01    (-189.0,190.0,-192.0,25.0)
242       -2.7827e+01    (-188.0,190.0,-192.0,25.0)
243       -2.7780e+01    (-188.0,191.0,-192.0,25.0)
244       -2.7843e+01    (-188.0,191.0,-192.0,26.0)
245       -2.7877e+01    (-188.0,190.0,-192.0,26.0)
246       -2.7973e+01    (-189.0,190.0,-192.0,26.0)
247       -2.7939e+01    (-189.0,191.0,-192.0,26.0)
248       -2.7877e+01    (-189.0,191.0,-192.0,25.0)
249       -2.7949e+01    (-189.0,191.0,-192.0,24.0)
250       -2.7852e+01    (-188.0,191.0,-192.0,24.0)
251       -2.7878e+01    (-188.0,190.0,-192.0,24.0)
252       -2.7974e+01    (-189.0,190.0,-192.0,24.0)
253       -2.8108e+01    (-189.0,190.0,-192.0,23.0)
254       -2.8013e+01    (-188.0,190.0,-192.0,23.0)
255       -2.7815e+01    (-188.0,190.0,-191.0,23.0)
256       -2.7805e+01    (-188.0,191.0,-191.0,23.0)
257       -2.7989e+01    (-188.0,192.0,-191.0,23.0)
258       -2.7766e+01    (-188.0,192.0,-191.0,24.0)
259       -2.7661e+01    (-188.0,192.0,-190.0,24.0)
260       -2.7571e+01    (-188.0,192.0,-190.0,25.0)
261       -2.7644e+01    (-188.0,192.0,-190.0,26.0)
262       -2.7734e+01    (-188.0,192.0,-189.0,26.0)
263       -2.7680e+01    (-188.0,192.0,-189.0,25.0)
264       -2.7738e+01    (-188.0,192.0,-189.0,24.0)
265       -2.7834e+01    (-189.0,192.0,-189.0,24.0)
266       -2.7758e+01    (-189.0,192.0,-190.0,24.0)
267       -2.7669e+01    (-189.0,192.0,-190.0,25.0)
268       -2.7741e+01    (-189.0,192.0,-190.0,26.0)
269       -2.7830e+01    (-189.0,192.0,-189.0,26.0)
270       -2.7776e+01    (-189.0,192.0,-189.0,25.0)
271       -2.8032e+01    (-189.0,192.0,-188.0,25.0)
272       -2.7906e+01    (-189.0,191.0,-188.0,25.0)
273       -2.7811e+01    (-188.0,191.0,-188.0,25.0)
274       -2.7752e+01    (-188.0,190.0,-188.0,25.0)
275       -2.7741e+01    (-188.0,189.0,-188.0,25.0)
276       -2.7663e+01    (-187.0,189.0,-188.0,25.0)
277       -2.7575e+01    (-187.0,189.0,-187.0,25.0)
278       -2.7437e+01    (-186.0,189.0,-187.0,25.0)
279       -2.7301e+01    (-186.0,189.0,-186.0,25.0)
280       -2.6984e+01    (-186.0,190.0,-186.0,25.0)
281       -2.6797e+01    (-186.0,190.0,-185.0,25.0)
282       -2.6602e+01    (-185.0,190.0,-185.0,25.0)
283       -2.6453e+01    (-185.0,191.0,-185.0,25.0)
284       -2.6515e+01    (-185.0,191.0,-184.0,25.0)
285       -2.6599e+01    (-185.0,191.0,-184.0,26.0)
286       -2.6551e+01    (-185.0,191.0,-185.0,26.0)
287       -2.6677e+01    (-185.0,190.0,-185.0,26.0)
288       -2.6688e+01    (-185.0,190.0,-184.0,26.0)
289       -2.6623e+01    (-185.0,190.0,-184.0,25.0)
290       -2.6700e+01    (-185.0,190.0,-184.0,24.0)
291       -2.6623e+01    (-185.0,191.0,-184.0,24.0)
292       -2.6586e+01    (-185.0,191.0,-185.0,24.0)
293       -2.6696e+01    (-185.0,190.0,-185.0,24.0)
294       -2.6876e+01    (-186.0,190.0,-185.0,24.0)
295       -2.6796e+01    (-186.0,191.0,-185.0,24.0)
296       -2.6685e+01    (-186.0,191.0,-185.0,25.0)
297       -2.6724e+01    (-186.0,191.0,-184.0,25.0)
298       -2.6797e+01    (-186.0,191.0,-184.0,26.0)
299       -2.6770e+01    (-186.0,191.0,-185.0,26.0)
300       -2.6863e+01    (-186.0,190.0,-185.0,26.0)
301       -2.6859e+01    (-186.0,190.0,-184.0,26.0)
302       -2.6802e+01    (-186.0,190.0,-184.0,25.0)
303       -2.6866e+01    (-186.0,190.0,-184.0,24.0)
304       -2.6814e+01    (-186.0,191.0,-184.0,24.0)
305       -2.7016e+01    (-186.0,191.0,-183.0,24.0)
306       -2.6876e+01    (-185.0,191.0,-183.0,24.0)
307       -2.6831e+01    (-185.0,191.0,-183.0,25.0)
308       -2.6833e+01    (-185.0,190.0,-183.0,25.0)
309       -2.6863e+01    (-185.0,190.0,-183.0,24.0)
310       -2.6951e+01    (-185.0,190.0,-183.0,23.0)
311       -2.6897e+01    (-185.0,190.0,-184.0,23.0)
312       -2.6894e+01    (-185.0,191.0,-184.0,23.0)
313       -2.6912e+01    (-185.0,191.0,-185.0,23.0)
314       -2.6934e+01    (-185.0,190.0,-185.0,23.0)
315       -2.7077e+01    (-186.0,190.0,-185.0,23.0)
316       -2.7032e+01    (-186.0,190.0,-184.0,23.0)
317       -2.7043e+01    (-186.0,191.0,-184.0,23.0)
318       -2.7072e+01    (-186.0,191.0,-185.0,23.0)
319       -2.7226e+01    (-186.0,191.0,-186.0,23.0)
320       -2.6996e+01    (-186.0,191.0,-186.0,24.0)
321       -2.6805e+01    (-185.0,191.0,-186.0,24.0)
322       -2.6696e+01    (-185.0,191.0,-186.0,25.0)
323       -2.6780e+01    (-185.0,191.0,-186.0,26.0)
324       -2.6870e+01    (-185.0,190.0,-186.0,26.0)
325       -2.6805e+01    (-185.0,190.0,-186.0,25.0)
326       -2.6882e+01    (-185.0,190.0,-186.0,24.0)
327       -2.7048e+01    (-186.0,190.0,-186.0,24.0)
328       -2.7215e+01    (-186.0,190.0,-186.0,23.0)
329       -2.7081e+01    (-185.0,190.0,-186.0,23.0)
330       -2.7077e+01    (-185.0,191.0,-186.0,23.0)
331       -2.7256e+01    (-185.0,192.0,-186.0,23.0)
332       -2.7046e+01    (-185.0,192.0,-186.0,24.0)
333       -2.6855e+01    (-185.0,192.0,-185.0,24.0)
334       -2.6755e+01    (-185.0,192.0,-185.0,25.0)
335       -2.6782e+01    (-185.0,192.0,-184.0,25.0)
336       -2.6851e+01    (-185.0,192.0,-184.0,26.0)
337       -2.6834e+01    (-185.0,192.0,-185.0,26.0)
338       -2.7025e+01    (-186.0,192.0,-185.0,26.0)
339       -2.6956e+01    (-186.0,192.0,-185.0,25.0)
340       -2.6966e+01    (-186.0,192.0,-184.0,25.0)
341       -2.7026e+01    (-186.0,192.0,-184.0,26.0)
342       -2.7180e+01    (-186.0,192.0,-183.0,26.0)
343       -2.7021e+01    (-186.0,191.0,-183.0,26.0)
344       -2.6877e+01    (-185.0,191.0,-183.0,26.0)
345       -2.6870e+01    (-185.0,190.0,-183.0,26.0)
346       -2.6971e+01    (-185.0,190.0,-183.0,27.0)
347       -2.6883e+01    (-185.0,190.0,-184.0,27.0)
348       -2.6857e+01    (-185.0,191.0,-184.0,27.0)
349       -2.6857e+01    (-185.0,191.0,-185.0,27.0)
350       -2.6907e+01    (-185.0,190.0,-185.0,27.0)
351       -2.7061e+01    (-186.0,190.0,-185.0,27.0)
352       -2.7027e+01    (-186.0,190.0,-184.0,27.0)
353       -2.7019e+01    (-186.0,191.0,-184.0,27.0)
354       -2.7033e+01    (-186.0,191.0,-185.0,27.0)
355       -2.7201e+01    (-186.0,191.0,-186.0,27.0)
356       -2.6979e+01    (-186.0,191.0,-186.0,26.0)
357       -2.6905e+01    (-186.0,191.0,-186.0,25.0)
358       -2.7148e+01    (-186.0,192.0,-186.0,25.0)
359       -2.6964e+01    (-185.0,192.0,-186.0,25.0)
360       -2.7032e+01    (-185.0,192.0,-186.0,26.0)
361       -2.7208e+01    (-186.0,192.0,-186.0,26.0)
362       -2.7385e+01    (-186.0,192.0,-186.0,27.0)
363       -2.7233e+01    (-186.0,192.0,-185.0,27.0)
364       -2.7075e+01    (-185.0,192.0,-185.0,27.0)
365       -2.7055e+01    (-185.0,192.0,-184.0,27.0)
366       -2.7152e+01    (-185.0,192.0,-183.0,27.0)
367       -2.7008e+01    (-185.0,191.0,-183.0,27.0)
368       -2.7088e+01    (-184.0,191.0,-183.0,27.0)
369       -2.7006e+01    (-184.0,190.0,-183.0,27.0)
370       -2.6942e+01    (-184.0,189.0,-183.0,27.0)
371       -2.6860e+01    (-184.0,189.0,-182.0,27.0)
372       -2.6752e+01    (-184.0,188.0,-182.0,27.0)
373       -2.6625e+01    (-184.0,188.0,-181.0,27.0)
374       -2.6496e+01    (-184.0,187.0,-181.0,27.0)
375       -2.6308e+01    (-185.0,187.0,-181.0,27.0)
376       -2.6061e+01    (-185.0,187.0,-180.0,27.0)
377       -2.5776e+01    (-185.0,187.0,-180.0,26.0)
378       -2.5684e+01    (-185.0,187.0,-180.0,25.0)
379       -2.5614e+01    (-185.0,187.0,-179.0,25.0)
380       -2.5564e+01    (-185.0,186.0,-179.0,25.0)
381       -2.5635e+01    (-185.0,186.0,-180.0,25.0)
382       -2.5723e+01    (-185.0,186.0,-180.0,26.0)
383       -2.5650e+01    (-185.0,186.0,-179.0,26.0)
384       -2.5703e+01    (-185.0,187.0,-179.0,26.0)
385       -2.5883e+01    (-185.0,187.0,-178.0,26.0)
386       -2.5816e+01    (-185.0,186.0,-178.0,26.0)
387       -2.5755e+01    (-185.0,186.0,-178.0,25.0)
388       -2.5820e+01    (-185.0,187.0,-178.0,25.0)
389       -2.5893e+01    (-185.0,187.0,-178.0,24.0)
390       -2.5733e+01    (-185.0,187.0,-179.0,24.0)
391       -2.5677e+01    (-185.0,186.0,-179.0,24.0)
392       -2.5751e+01    (-185.0,186.0,-180.0,24.0)
393       -2.5806e+01    (-185.0,187.0,-180.0,24.0)
394       -2.6008e+01    (-186.0,187.0,-180.0,24.0)
395       -2.5906e+01    (-186.0,187.0,-180.0,25.0)
396       -2.5833e+01    (-186.0,187.0,-179.0,25.0)
397       -2.5777e+01    (-186.0,186.0,-179.0,25.0)
398       -2.5851e+01    (-186.0,186.0,-180.0,25.0)
399       -2.5927e+01    (-186.0,186.0,-180.0,26.0)
400       -2.5852e+01    (-186.0,186.0,-179.0,26.0)
401       -2.5911e+01    (-186.0,187.0,-179.0,26.0)
402       -2.5986e+01    (-186.0,187.0,-180.0,26.0)
403       -2.6232e+01    (-186.0,187.0,-180.0,27.0)
404       -2.6152e+01    (-186.0,187.0,-179.0,27.0)
405       -2.5983e+01    (-185.0,187.0,-179.0,27.0)
406       -2.5916e+01    (-185.0,186.0,-179.0,27.0)
407       -2.5994e+01    (-185.0,186.0,-178.0,27.0)
408       -2.6069e+01    (-185.0,185.0,-178.0,27.0)
409       -2.5979e+01    (-185.0,185.0,-178.0,26.0)
410       -2.5944e+01    (-185.0,185.0,-178.0,25.0)
411       -2.5902e+01    (-185.0,185.0,-179.0,25.0)
412       -2.5948e+01    (-185.0,185.0,-179.0,24.0)
413       -2.5970e+01    (-185.0,185.0,-178.0,24.0)
414       -2.5824e+01    (-185.0,186.0,-178.0,24.0)
415       -2.5983e+01    (-186.0,186.0,-178.0,24.0)
416       -2.5871e+01    (-186.0,186.0,-179.0,24.0)
417       -2.5933e+01    (-186.0,187.0,-179.0,24.0)
418       -2.6056e+01    (-186.0,187.0,-178.0,24.0)
419       -2.5995e+01    (-186.0,187.0,-178.0,25.0)
420       -2.5927e+01    (-186.0,186.0,-178.0,25.0)
421       -2.5980e+01    (-186.0,186.0,-178.0,26.0)
422       -2.6051e+01    (-186.0,187.0,-178.0,26.0)
423       -2.6212e+01    (-186.0,187.0,-178.0,27.0)
424       -2.6070e+01    (-185.0,187.0,-178.0,27.0)
425       -2.6233e+01    (-184.0,187.0,-178.0,27.0)
426       -2.6144e+01    (-184.0,186.0,-178.0,27.0)
427       -2.6090e+01    (-184.0,185.0,-178.0,27.0)
428       -2.6030e+01    (-184.0,185.0,-177.0,27.0)
429       -2.5945e+01    (-184.0,184.0,-177.0,27.0)
430       -2.5838e+01    (-184.0,184.0,-176.0,27.0)
431       -2.5713e+01    (-184.0,183.0,-176.0,27.0)
432       -2.5582e+01    (-184.0,183.0,-175.0,27.0)
433       -2.5363e+01    (-185.0,183.0,-175.0,27.0)
434       -2.5137e+01    (-185.0,183.0,-175.0,26.0)
435       -2.4922e+01    (-185.0,182.0,-175.0,26.0)
436       -2.4732e+01    (-185.0,182.0,-174.0,26.0)
437       -2.4635e+01    (-185.0,182.0,-174.0,25.0)
438       -2.4735e+01    (-185.0,182.0,-173.0,25.0)
439       -2.4815e+01    (-185.0,182.0,-173.0,26.0)
440       -2.4935e+01    (-185.0,181.0,-173.0,26.0)
441       -2.4876e+01    (-185.0,181.0,-173.0,25.0)
442       -2.4834e+01    (-185.0,181.0,-174.0,25.0)
443       -2.4905e+01    (-185.0,181.0,-174.0,26.0)
444       -2.5063e+01    (-185.0,181.0,-175.0,26.0)
445       -2.5000e+01    (-185.0,181.0,-175.0,25.0)
446       -2.4836e+01    (-185.0,182.0,-175.0,25.0)
447       -2.4949e+01    (-185.0,182.0,-175.0,24.0)
448       -2.4766e+01    (-185.0,182.0,-174.0,24.0)
449       -2.4837e+01    (-185.0,182.0,-173.0,24.0)
450       -2.4942e+01    (-185.0,181.0,-173.0,24.0)
451       -2.4920e+01    (-185.0,181.0,-174.0,24.0)
452       -2.5074e+01    (-185.0,181.0,-175.0,24.0)
453       -2.5237e+01    (-186.0,181.0,-175.0,24.0)
454       -2.5093e+01    (-186.0,181.0,-174.0,24.0)
455       -2.4975e+01    (-186.0,182.0,-174.0,24.0)
456       -2.4866e+01    (-186.0,182.0,-174.0,25.0)
457       -2.4938e+01    (-186.0,182.0,-173.0,25.0)
458       -2.5008e+01    (-186.0,182.0,-173.0,26.0)
459       -2.4950e+01    (-186.0,182.0,-174.0,26.0)
460       -2.5084e+01    (-186.0,181.0,-174.0,26.0)
461       -2.5022e+01    (-186.0,181.0,-174.0,25.0)
462       -2.5044e+01    (-186.0,181.0,-173.0,25.0)
463       -2.5096e+01    (-186.0,181.0,-173.0,26.0)
464       -2.5237e+01    (-186.0,181.0,-172.0,26.0)
465       -2.5115e+01    (-185.0,181.0,-172.0,26.0)
466       -2.5083e+01    (-185.0,181.0,-172.0,25.0)
467       -2.5076e+01    (-185.0,182.0,-172.0,25.0)
468       -2.5112e+01    (-185.0,182.0,-172.0,24.0)
469       -2.5104e+01    (-185.0,181.0,-172.0,24.0)
470       -2.5152e+01    (-184.0,181.0,-172.0,24.0)
471       -2.5101e+01    (-184.0,180.0,-172.0,24.0)
472       -2.5020e+01    (-184.0,180.0,-171.0,24.0)
473       -2.4903e+01    (-184.0,179.0,-171.0,24.0)
474       -2.4762e+01    (-184.0,179.0,-170.0,24.0)
475       -2.4583e+01    (-185.0,179.0,-170.0,24.0)
476       -2.4284e+01    (-185.0,178.0,-170.0,24.0)
477       -2.3999e+01    (-185.0,178.0,-169.0,24.0)
478       -2.3872e+01    (-185.0,178.0,-169.0,25.0)
479       -2.3843e+01    (-185.0,178.0,-168.0,25.0)
480       -2.3845e+01    (-185.0,177.0,-168.0,25.0)
481       -2.3880e+01    (-185.0,177.0,-169.0,25.0)
482       -2.3966e+01    (-185.0,177.0,-169.0,26.0)
483       -2.3926e+01    (-185.0,177.0,-168.0,26.0)
484       -2.3932e+01    (-185.0,178.0,-168.0,26.0)
485       -2.3966e+01    (-185.0,178.0,-169.0,26.0)
486       -2.4181e+01    (-186.0,178.0,-169.0,26.0)
487       -2.4099e+01    (-186.0,178.0,-169.0,25.0)
488       -2.4062e+01    (-186.0,178.0,-168.0,25.0)
489       -2.4050e+01    (-186.0,177.0,-168.0,25.0)
490       -2.4092e+01    (-186.0,177.0,-169.0,25.0)
491       -2.4167e+01    (-186.0,177.0,-169.0,26.0)
492       -2.4121e+01    (-186.0,177.0,-168.0,26.0)
493       -2.4140e+01    (-186.0,178.0,-168.0,26.0)
494       -2.4311e+01    (-186.0,178.0,-167.0,26.0)
495       -2.4148e+01    (-185.0,178.0,-167.0,26.0)
496       -2.4089e+01    (-185.0,178.0,-167.0,25.0)
497       -2.4055e+01    (-185.0,177.0,-167.0,25.0)
498       -2.4110e+01    (-185.0,177.0,-167.0,26.0)
499       -2.4265e+01    (-186.0,177.0,-167.0,26.0)
500       -2.4217e+01    (-186.0,177.0,-167.0,25.0)
501       -2.4258e+01    (-186.0,178.0,-167.0,25.0)
502       -2.4314e+01    (-186.0,178.0,-167.0,24.0)
503       -2.4156e+01    (-185.0,178.0,-167.0,24.0)
504       -2.3961e+01    (-185.0,178.0,-168.0,24.0)
505       -2.3949e+01    (-185.0,177.0,-168.0,24.0)
506       -2.3992e+01    (-185.0,177.0,-169.0,24.0)
507       -2.4186e+01    (-186.0,177.0,-169.0,24.0)
508       -2.4137e+01    (-186.0,177.0,-168.0,24.0)
509       -2.4160e+01    (-186.0,178.0,-168.0,24.0)
510       -2.4205e+01    (-186.0,178.0,-169.0,24.0)
511       -2.4460e+01    (-186.0,178.0,-170.0,24.0)
512       -2.4386e+01    (-186.0,178.0,-170.0,25.0)
513       -2.4194e+01    (-185.0,178.0,-170.0,25.0)
514       -2.4176e+01    (-185.0,177.0,-170.0,25.0)
515       -2.4243e+01    (-185.0,177.0,-170.0,26.0)
516       -2.4267e+01    (-185.0,178.0,-170.0,26.0)
517       -2.4450e+01    (-186.0,178.0,-170.0,26.0)
518       -2.4416e+01    (-186.0,177.0,-170.0,26.0)
519       -2.4357e+01    (-186.0,177.0,-170.0,25.0)
520       -2.4423e+01    (-186.0,177.0,-170.0,24.0)
521       -2.4256e+01    (-185.0,177.0,-170.0,24.0)
522       -2.4458e+01    (-185.0,177.0,-170.0,23.0)
523       -2.4271e+01    (-185.0,177.0,-169.0,23.0)
524       -2.4211e+01    (-185.0,177.0,-168.0,23.0)
525       -2.4255e+01    (-185.0,178.0,-168.0,23.0)
526       -2.4313e+01    (-185.0,178.0,-169.0,23.0)
527       -2.4471e+01    (-186.0,178.0,-169.0,23.0)
528       -2.4409e+01    (-186.0,178.0,-168.0,23.0)
529       -2.4358e+01    (-186.0,177.0,-168.0,23.0)
530       -2.4395e+01    (-186.0,177.0,-167.0,23.0)
531       -2.4265e+01    (-186.0,177.0,-167.0,24.0)
532       -2.4114e+01    (-185.0,177.0,-167.0,24.0)
533       -2.4260e+01    (-185.0,176.0,-167.0,24.0)
534       -2.4244e+01    (-185.0,176.0,-167.0,25.0)
535       -2.4210e+01    (-185.0,176.0,-168.0,25.0)
536       -2.4244e+01    (-185.0,176.0,-168.0,24.0)
537       -2.4312e+01    (-185.0,176.0,-169.0,24.0)
538       -2.4274e+01    (-185.0,176.0,-169.0,25.0)
539       -2.4316e+01    (-185.0,176.0,-169.0,26.0)
540       -2.4250e+01    (-185.0,176.0,-168.0,26.0)
541       -2.4273e+01    (-185.0,176.0,-167.0,26.0)
542       -2.4311e+01    (-184.0,176.0,-167.0,26.0)
543       -2.4265e+01    (-184.0,176.0,-166.0,26.0)
544       -2.4179e+01    (-183.0,176.0,-166.0,26.0)
545       -2.3973e+01    (-183.0,176.0,-165.0,26.0)
546       -2.3806e+01    (-183.0,176.0,-164.0,26.0)
547       -2.3590e+01    (-183.0,177.0,-164.0,26.0)
548       -2.3303e+01    (-182.0,177.0,-164.0,26.0)
549       -2.3156e+01    (-182.0,177.0,-163.0,26.0)
550       -2.3067e+01    (-182.0,177.0,-163.0,25.0)
551       -2.3054e+01    (-182.0,178.0,-163.0,25.0)
552       -2.3153e+01    (-182.0,178.0,-163.0,26.0)
553       -2.3277e+01    (-182.0,178.0,-162.0,26.0)
554       -2.3199e+01    (-182.0,178.0,-162.0,25.0)
555       -2.3187e+01    (-182.0,177.0,-162.0,25.0)
556       -2.3258e+01    (-182.0,177.0,-162.0,26.0)
557       -2.3473e+01    (-182.0,177.0,-162.0,27.0)
558       -2.3434e+01    (-182.0,177.0,-163.0,27.0)
559       -2.3462e+01    (-182.0,178.0,-163.0,27.0)
560       -2.3516e+01    (-182.0,178.0,-162.0,27.0)
561       -2.3700e+01    (-181.0,178.0,-162.0,27.0)
562       -2.3606e+01    (-181.0,178.0,-162.0,26.0)
563       -2.3543e+01    (-181.0,177.0,-162.0,26.0)
564       -2.3509e+01    (-181.0,177.0,-162.0,25.0)
565       -2.3518e+01    (-181.0,177.0,-163.0,25.0)
566       -2.3552e+01    (-181.0,177.0,-163.0,24.0)
567       -2.3185e+01    (-182.0,177.0,-163.0,24.0)
568       -2.3188e+01    (-182.0,178.0,-163.0,24.0)
569       -2.3298e+01    (-182.0,178.0,-162.0,24.0)
570       -2.3274e+01    (-182.0,177.0,-162.0,24.0)
571       -2.3495e+01    (-182.0,177.0,-162.0,23.0)
572       -2.3479e+01    (-182.0,177.0,-163.0,23.0)
573       -2.3518e+01    (-182.0,178.0,-163.0,23.0)
574       -2.3546e+01    (-182.0,178.0,-162.0,23.0)
575       -2.3679e+01    (-181.0,178.0,-162.0,23.0)
576       -2.3598e+01    (-181.0,178.0,-162.0,24.0)
577       -2.3532e+01    (-181.0,177.0,-162.0,24.0)
578       -2.3561e+01    (-181.0,176.0,-162.0,24.0)
579       -2.3512e+01    (-182.0,176.0,-162.0,24.0)
580       -2.3485e+01    (-182.0,176.0,-162.0,25.0)
581       -2.3485e+01    (-182.0,176.0,-163.0,25.0)
582       -2.3525e+01    (-182.0,176.0,-163.0,24.0)
583       -2.3618e+01    (-181.0,176.0,-163.0,24.0)
584       -2.3611e+01    (-181.0,176.0,-163.0,25.0)
585       -2.3559e+01    (-181.0,176.0,-162.0,25.0)
586       -2.3537e+01    (-181.0,176.0,-161.0,25.0)
587       -2.3516e+01    (-181.0,175.0,-161.0,25.0)
588       -2.3337e+01    (-180.0,175.0,-161.0,25.0)
589       -2.3164e+01    (-180.0,174.0,-161.0,25.0)
590       -2.2979e+01    (-179.0,174.0,-161.0,25.0)
591       -2.2643e+01    (-179.0,174.0,-162.0,25.0)
592       -2.2473e+01    (-179.0,173.0,-162.0,25.0)
593       -2.2324e+01    (-179.0,173.0,-163.0,25.0)
594       -2.2424e+01    (-179.0,173.0,-163.0,26.0)
595       -2.2553e+01    (-179.0,173.0,-162.0,26.0)
596       -2.2712e+01    (-179.0,172.0,-162.0,26.0)
597       -2.2657e+01    (-179.0,172.0,-162.0,25.0)
598       -2.2592e+01    (-179.0,172.0,-163.0,25.0)
599       -2.2660e+01    (-179.0,172.0,-163.0,26.0)
600       -2.2790e+01    (-179.0,172.0,-164.0,26.0)
601       -2.2581e+01    (-179.0,173.0,-164.0,26.0)
602       -2.2488e+01    (-179.0,173.0,-164.0,25.0)
603       -2.2612e+01    (-179.0,173.0,-164.0,24.0)
604       -2.2461e+01    (-179.0,173.0,-163.0,24.0)
605       -2.2575e+01    (-179.0,173.0,-162.0,24.0)
606       -2.2717e+01    (-179.0,172.0,-162.0,24.0)
607       -2.2674e+01    (-179.0,172.0,-163.0,24.0)
608       -2.2800e+01    (-179.0,172.0,-164.0,24.0)
609       -2.2726e+01    (-179.0,172.0,-164.0,25.0)
610       -2.2928e+01    (-178.0,172.0,-164.0,25.0)
611       -2.2821e+01    (-178.0,172.0,-163.0,25.0)
612       -2.2737e+01    (-178.0,173.0,-163.0,25.0)
613       -2.2767e+01    (-178.0,173.0,-162.0,25.0)
614       -2.2809e+01    (-178.0,173.0,-162.0,24.0)
615       -2.2796e+01    (-178.0,173.0,-163.0,24.0)
616       -2.2854e+01    (-178.0,172.0,-163.0,24.0)
617       -2.2832e+01    (-178.0,172.0,-162.0,24.0)
618       -2.2810e+01    (-178.0,172.0,-162.0,25.0)
619       -2.2843e+01    (-178.0,172.0,-162.0,26.0)
620       -2.2811e+01    (-178.0,173.0,-162.0,26.0)
621       -2.2792e+01    (-178.0,173.0,-163.0,26.0)
622       -2.2860e+01    (-178.0,172.0,-163.0,26.0)
623       -2.2965e+01    (-178.0,172.0,-164.0,26.0)
624       -2.2910e+01    (-178.0,173.0,-164.0,26.0)
625       -2.2858e+01    (-178.0,173.0,-164.0,25.0)
626       -2.2912e+01    (-178.0,173.0,-164.0,24.0)
627       -2.2957e+01    (-178.0,172.0,-164.0,24.0)
628       -2.3043e+01    (-178.0,172.0,-164.0,23.0)
629       -2.2949e+01    (-178.0,172.0,-163.0,23.0)
630       -2.2884e+01    (-179.0,172.0,-163.0,23.0)
631       -2.2798e+01    (-179.0,173.0,-163.0,23.0)
632       -2.2829e+01    (-179.0,173.0,-162.0,23.0)
633       -2.2873e+01    (-179.0,172.0,-162.0,23.0)
634       -2.2902e+01    (-178.0,172.0,-162.0,23.0)
635       -2.2890e+01    (-178.0,172.0,-161.0,23.0)
636       -2.2846e+01    (-178.0,171.0,-161.0,23.0)
637       -2.2753e+01    (-177.0,171.0,-161.0,23.0)
638       -2.2627e+01    (-177.0,170.0,-161.0,23.0)
639       -2.2492e+01    (-176.0,170.0,-161.0,23.0)
640       -2.2366e+01    (-176.0,169.0,-161.0,23.0)
641       -2.2217e+01    (-176.0,169.0,-162.0,23.0)
642       -2.1959e+01    (-176.0,169.0,-162.0,24.0)
643       -2.1843e+01    (-176.0,169.0,-163.0,24.0)
644       -2.1704e+01    (-176.0,169.0,-163.0,25.0)
645       -2.1778e+01    (-176.0,168.0,-163.0,25.0)
646       -2.1865e+01    (-176.0,168.0,-163.0,26.0)
647       -2.1806e+01    (-176.0,169.0,-163.0,26.0)
648       -2.1937e+01    (-176.0,169.0,-162.0,26.0)
649       -2.1857e+01    (-176.0,169.0,-162.0,25.0)
650       -2.1892e+01    (-176.0,168.0,-162.0,25.0)
651       -2.1962e+01    (-176.0,168.0,-162.0,26.0)
652       -2.2101e+01    (-175.0,168.0,-162.0,26.0)
653       -2.2055e+01    (-175.0,168.0,-162.0,25.0)
654       -2.2018e+01    (-175.0,168.0,-163.0,25.0)
655       -2.2008e+01    (-175.0,169.0,-163.0,25.0)
656       -2.2067e+01    (-175.0,169.0,-162.0,25.0)
657       -2.2120e+01    (-175.0,169.0,-162.0,26.0)
658       -2.2074e+01    (-175.0,169.0,-163.0,26.0)
659       -2.2076e+01    (-175.0,168.0,-163.0,26.0)
660       -2.2196e+01    (-175.0,168.0,-164.0,26.0)
661       -2.2010e+01    (-176.0,168.0,-164.0,26.0)
662       -2.1930e+01    (-176.0,168.0,-164.0,25.0)
663       -2.1870e+01    (-176.0,169.0,-164.0,25.0)
664       -2.1963e+01    (-176.0,169.0,-164.0,26.0)
665       -2.2201e+01    (-175.0,169.0,-164.0,26.0)
666       -2.2140e+01    (-175.0,169.0,-164.0,25.0)
667       -2.2142e+01    (-175.0,168.0,-164.0,25.0)
668       -2.2199e+01    (-175.0,168.0,-164.0,24.0)
669       -2.2033e+01    (-176.0,168.0,-164.0,24.0)
670       -2.1892e+01    (-176.0,168.0,-163.0,24.0)
671       -2.1977e+01    (-176.0,168.0,-162.0,24.0)
672       -2.2100e+01    (-175.0,168.0,-162.0,24.0)
673       -2.2082e+01    (-175.0,168.0,-163.0,24.0)
674       -2.2086e+01    (-175.0,169.0,-163.0,24.0)
675       -2.2124e+01    (-175.0,169.0,-162.0,24.0)
676       -2.2273e+01    (-175.0,169.0,-162.0,23.0)
677       -2.2224e+01    (-175.0,168.0,-162.0,23.0)
678       -2.2191e+01    (-176.0,168.0,-162.0,23.0)
679       -2.2177e+01    (-176.0,168.0,-163.0,23.0)
680       -2.2185e+01    (-176.0,169.0,-163.0,23.0)
681       -2.2287e+01    (-175.0,169.0,-163.0,23.0)
682       -2.2248e+01    (-175.0,168.0,-163.0,23.0)
683       -2.2325e+01    (-175.0,167.0,-163.0,23.0)
684       -2.2262e+01    (-175.0,167.0,-162.0,23.0)
685       -2.2219e+01    (-175.0,167.0,-161.0,23.0)
686       -2.2166e+01    (-174.0,167.0,-161.0,23.0)
687       -2.2051e+01    (-174.0,166.0,-161.0,23.0)
688       -2.1930e+01    (-173.0,166.0,-161.0,23.0)
689       -2.1784e+01    (-173.0,165.0,-161.0,23.0)
690       -2.1659e+01    (-173.0,165.0,-162.0,23.0)
691       -2.1429e+01    (-173.0,165.0,-162.0,24.0)
692       -2.1313e+01    (-173.0,164.0,-162.0,24.0)
693       -2.1206e+01    (-173.0,164.0,-163.0,24.0)
694       -2.1075e+01    (-173.0,164.0,-163.0,25.0)
695       -2.1172e+01    (-173.0,164.0,-163.0,26.0)
696       -2.1293e+01    (-173.0,164.0,-162.0,26.0)
697       -2.1216e+01    (-173.0,164.0,-162.0,25.0)
698       -2.1326e+01    (-172.0,164.0,-162.0,25.0)
699       -2.1247e+01    (-172.0,164.0,-163.0,25.0)
700       -2.1321e+01    (-172.0,164.0,-163.0,26.0)
701       -2.1385e+01    (-172.0,164.0,-162.0,26.0)
702       -2.1494e+01    (-172.0,165.0,-162.0,26.0)
703       -2.1412e+01    (-173.0,165.0,-162.0,26.0)
704       -2.1303e+01    (-173.0,165.0,-163.0,26.0)
705       -2.1210e+01    (-173.0,165.0,-163.0,25.0)
706       -2.1334e+01    (-173.0,165.0,-163.0,24.0)
707       -2.1453e+01    (-172.0,165.0,-163.0,24.0)
708       -2.1339e+01    (-172.0,164.0,-163.0,24.0)
709       -2.1393e+01    (-172.0,164.0,-162.0,24.0)
710       -2.1494e+01    (-172.0,163.0,-162.0,24.0)
711       -2.1460e+01    (-172.0,163.0,-162.0,25.0)
712       -2.1433e+01    (-173.0,163.0,-162.0,25.0)
713       -2.1385e+01    (-173.0,163.0,-163.0,25.0)
714       -2.1447e+01    (-173.0,163.0,-163.0,26.0)
715       -2.1482e+01    (-173.0,163.0,-162.0,26.0)
716       -2.1500e+01    (-172.0,163.0,-162.0,26.0)
717       -2.1497e+01    (-172.0,163.0,-163.0,26.0)
718       -2.1449e+01    (-172.0,163.0,-163.0,25.0)
719       -2.1496e+01    (-172.0,163.0,-163.0,24.0)
720       -2.1456e+01    (-173.0,163.0,-163.0,24.0)
721       -2.1483e+01    (-173.0,163.0,-162.0,24.0)
722       -2.1619e+01    (-173.0,163.0,-162.0,23.0)
723       -2.1557e+01    (-173.0,164.0,-162.0,23.0)
724       -2.1530e+01    (-173.0,164.0,-163.0,23.0)
725       -2.1569e+01    (-172.0,164.0,-163.0,23.0)
726       -2.1566e+01    (-172.0,164.0,-162.0,23.0)
727       -2.1588e+01    (-172.0,163.0,-162.0,23.0)
728       -2.1599e+01    (-172.0,163.0,-161.0,23.0)
729       -2.1572e+01    (-172.0,163.0,-161.0,24.0)
730       -2.1568e+01    (-172.0,163.0,-161.0,25.0)
731       -2.1572e+01    (-172.0,164.0,-161.0,25.0)
732       -2.1587e+01    (-173.0,164.0,-161.0,25.0)
733       -2.1613e+01    (-173.0,163.0,-161.0,25.0)
734       -2.1623e+01    (-173.0,163.0,-161.0,24.0)
735       -2.1614e+01    (-173.0,164.0,-161.0,24.0)
736       -2.1588e+01    (-172.0,164.0,-161.0,24.0)
737       -2.1643e+01    (-172.0,164.0,-161.0,23.0)
738       -2.1674e+01    (-171.0,164.0,-161.0,23.0)
739       -2.1537e+01    (-171.0,164.0,-160.0,23.0)
740       -2.1352e+01    (-170.0,164.0,-160.0,23.0)
741       -2.1066e+01    (-170.0,164.0,-159.0,23.0)
742       -2.0827e+01    (-170.0,164.0,-159.0,24.0)
743       -2.0577e+01    (-170.0,164.0,-158.0,24.0)
744       -2.0451e+01    (-170.0,164.0,-158.0,25.0)
745       -2.0461e+01    (-170.0,164.0,-157.0,25.0)
746       -2.0496e+01    (-169.0,164.0,-157.0,25.0)
747       -2.0499e+01    (-169.0,164.0,-158.0,25.0)
748       -2.0581e+01    (-169.0,164.0,-158.0,26.0)
749       -2.0545e+01    (-170.0,164.0,-158.0,26.0)
750       -2.0547e+01    (-170.0,164.0,-157.0,26.0)
751       -2.0571e+01    (-169.0,164.0,-157.0,26.0)
752       -2.0689e+01    (-169.0,165.0,-157.0,26.0)
753       -2.0618e+01    (-169.0,165.0,-157.0,25.0)
754       -2.0590e+01    (-170.0,165.0,-157.0,25.0)
755       -2.0585e+01    (-170.0,165.0,-158.0,25.0)
756       -2.0626e+01    (-169.0,165.0,-158.0,25.0)
757       -2.0703e+01    (-169.0,165.0,-158.0,26.0)
758       -2.0674e+01    (-170.0,165.0,-158.0,26.0)
759       -2.0671e+01    (-170.0,165.0,-157.0,26.0)
760       -2.0893e+01    (-170.0,165.0,-156.0,26.0)
761       -2.0787e+01    (-170.0,164.0,-156.0,26.0)
762       -2.0733e+01    (-170.0,164.0,-156.0,25.0)
763       -2.0716e+01    (-169.0,164.0,-156.0,25.0)
764       -2.0764e+01    (-169.0,164.0,-156.0,24.0)
765       -2.0590e+01    (-169.0,164.0,-157.0,24.0)
766       -2.0573e+01    (-170.0,164.0,-157.0,24.0)
767       -2.0695e+01    (-170.0,165.0,-157.0,24.0)
768       -2.0703e+01    (-170.0,165.0,-158.0,24.0)
769       -2.0724e+01    (-169.0,165.0,-158.0,24.0)
770       -2.0605e+01    (-169.0,164.0,-158.0,24.0)
771       -2.0795e+01    (-169.0,163.0,-158.0,24.0)
772       -2.0739e+01    (-169.0,163.0,-158.0,25.0)
773       -2.0704e+01    (-169.0,163.0,-157.0,25.0)
774       -2.0720e+01    (-170.0,163.0,-157.0,25.0)
775       -2.0747e+01    (-170.0,163.0,-158.0,25.0)
776       -2.0807e+01    (-170.0,163.0,-158.0,26.0)
777       -2.0774e+01    (-170.0,163.0,-157.0,26.0)
778       -2.0753e+01    (-169.0,163.0,-157.0,26.0)
779       -2.0792e+01    (-169.0,163.0,-158.0,26.0)
780       -2.0943e+01    (-169.0,163.0,-158.0,27.0)
781       -2.0833e+01    (-169.0,164.0,-158.0,27.0)
782       -2.0799e+01    (-169.0,164.0,-157.0,27.0)
783       -2.0813e+01    (-170.0,164.0,-157.0,27.0)
784       -2.0838e+01    (-170.0,164.0,-158.0,27.0)
785       -2.0951e+01    (-170.0,165.0,-158.0,27.0)
786       -2.0922e+01    (-170.0,165.0,-157.0,27.0)
787       -2.0905e+01    (-169.0,165.0,-157.0,27.0)
788       -2.0942e+01    (-169.0,165.0,-158.0,27.0)
789       -2.1117e+01    (-169.0,165.0,-159.0,27.0)
790       -2.0930e+01    (-169.0,165.0,-159.0,26.0)
791       -2.0817e+01    (-169.0,164.0,-159.0,26.0)
792       -2.0750e+01    (-169.0,164.0,-159.0,25.0)
793       -2.0732e+01    (-170.0,164.0,-159.0,25.0)
794       -2.0808e+01    (-170.0,164.0,-159.0,26.0)
795       -2.0926e+01    (-170.0,165.0,-159.0,26.0)
796       -2.0854e+01    (-170.0,165.0,-159.0,25.0)
797       -2.0867e+01    (-169.0,165.0,-159.0,25.0)
798       -2.0940e+01    (-169.0,165.0,-159.0,24.0)
799       -2.0829e+01    (-169.0,164.0,-159.0,24.0)
800       -2.0958e+01    (-169.0,163.0,-159.0,24.0)
801       -2.0918e+01    (-169.0,163.0,-159.0,25.0)
802       -2.0943e+01    (-170.0,163.0,-159.0,25.0)
803       -2.0992e+01    (-170.0,163.0,-159.0,26.0)
804       -2.0961e+01    (-169.0,163.0,-159.0,26.0)
805       -2.1081e+01    (-169.0,163.0,-159.0,27.0)
806       -2.1015e+01    (-169.0,164.0,-159.0,27.0)
807       -2.1038e+01    (-170.0,164.0,-159.0,27.0)
808       -2.1131e+01    (-170.0,163.0,-159.0,27.0)
809       -2.0982e+01    (-170.0,163.0,-158.0,27.0)
810       -2.0934e+01    (-170.0,163.0,-157.0,27.0)
811       -2.0890e+01    (-169.0,163.0,-157.0,27.0)
812       -2.0915e+01    (-169.0,163.0,-156.0,27.0)
813       -2.0831e+01    (-169.0,163.0,-156.0,26.0)
814       -2.0764e+01    (-169.0,164.0,-156.0,26.0)
815       -2.0866e+01    (-169.0,165.0,-156.0,26.0)
816       -2.0820e+01    (-169.0,165.0,-156.0,25.0)
817       -2.0841e+01    (-170.0,165.0,-156.0,25.0)
818       -2.0895e+01    (-170.0,165.0,-156.0,24.0)
819       -2.0791e+01    (-170.0,164.0,-156.0,24.0)
820       -2.0872e+01    (-170.0,163.0,-156.0,24.0)
821       -2.0779e+01    (-170.0,163.0,-157.0,24.0)
822       -2.0753e+01    (-169.0,163.0,-157.0,24.0)
823       -2.0820e+01    (-169.0,163.0,-156.0,24.0)
824       -2.0798e+01    (-169.0,163.0,-156.0,25.0)
825       -2.0844e+01    (-170.0,163.0,-156.0,25.0)
826       -2.0880e+01    (-170.0,163.0,-156.0,26.0)
827       -2.0976e+01    (-170.0,163.0,-156.0,27.0)
828       -2.0943e+01    (-170.0,164.0,-156.0,27.0)
829       -2.0899e+01    (-169.0,164.0,-156.0,27.0)
830       -2.0994e+01    (-169.0,165.0,-156.0,27.0)
831       -2.1041e+01    (-170.0,165.0,-156.0,27.0)
832       -2.1243e+01    (-170.0,165.0,-155.0,27.0)
833       -2.1155e+01    (-169.0,165.0,-155.0,27.0)
834       -2.1049e+01    (-168.0,165.0,-155.0,27.0)
835       -2.0945e+01    (-167.0,165.0,-155.0,27.0)
836       -2.0613e+01    (-167.0,165.0,-154.0,27.0)
837       -2.0370e+01    (-167.0,165.0,-153.0,27.0)
838       -2.0124e+01    (-167.0,165.0,-153.0,26.0)
839       -2.0001e+01    (-167.0,164.0,-153.0,26.0)
840       -1.9889e+01    (-167.0,164.0,-152.0,26.0)
841       -1.9802e+01    (-167.0,164.0,-152.0,25.0)
842       -1.9722e+01    (-166.0,164.0,-152.0,25.0)
843       -1.9809e+01    (-166.0,164.0,-152.0,26.0)
844       -1.9921e+01    (-166.0,164.0,-153.0,26.0)
845       -1.9837e+01    (-166.0,164.0,-153.0,25.0)
846       -1.9917e+01    (-167.0,164.0,-153.0,25.0)
847       -2.0026e+01    (-167.0,164.0,-153.0,24.0)
848       -1.9917e+01    (-167.0,164.0,-152.0,24.0)
849       -1.9837e+01    (-166.0,164.0,-152.0,24.0)
850       -1.9946e+01    (-166.0,164.0,-153.0,24.0)
851       -2.0067e+01    (-166.0,165.0,-153.0,24.0)
852       -1.9959e+01    (-166.0,165.0,-152.0,24.0)
853       -1.9852e+01    (-166.0,165.0,-152.0,25.0)
854       -1.9931e+01    (-167.0,165.0,-152.0,25.0)
855       -2.0015e+01    (-167.0,165.0,-152.0,26.0)
856       -1.9935e+01    (-166.0,165.0,-152.0,26.0)
857       -2.0044e+01    (-166.0,165.0,-153.0,26.0)
858       -1.9965e+01    (-166.0,165.0,-153.0,25.0)
859       -2.0044e+01    (-167.0,165.0,-153.0,25.0)
860       -2.0147e+01    (-167.0,165.0,-153.0,24.0)
861       -2.0039e+01    (-167.0,165.0,-152.0,24.0)
862       -2.0146e+01    (-167.0,165.0,-151.0,24.0)
863       -2.0035e+01    (-167.0,164.0,-151.0,24.0)
864       -1.9954e+01    (-166.0,164.0,-151.0,24.0)
865       -1.9874e+01    (-166.0,164.0,-151.0,25.0)
866       -1.9941e+01    (-166.0,164.0,-151.0,26.0)
867       -2.0022e+01    (-167.0,164.0,-151.0,26.0)
868       -1.9955e+01    (-167.0,164.0,-151.0,25.0)
869       -2.0071e+01    (-167.0,165.0,-151.0,25.0)
870       -1.9991e+01    (-166.0,165.0,-151.0,25.0)
871       -2.0054e+01    (-166.0,165.0,-151.0,26.0)
872       -2.0135e+01    (-167.0,165.0,-151.0,26.0)
873       -2.0325e+01    (-167.0,165.0,-151.0,27.0)
874       -2.0222e+01    (-167.0,164.0,-151.0,27.0)
875       -2.0141e+01    (-166.0,164.0,-151.0,27.0)
876       -2.0081e+01    (-166.0,164.0,-152.0,27.0)
877       -2.0161e+01    (-167.0,164.0,-152.0,27.0)
878       -2.0261e+01    (-167.0,164.0,-153.0,27.0)
879       -2.0180e+01    (-166.0,164.0,-153.0,27.0)
880       -2.0289e+01    (-166.0,165.0,-153.0,27.0)
881       -2.0191e+01    (-166.0,165.0,-152.0,27.0)
882       -2.0243e+01    (-166.0,165.0,-151.0,27.0)
883       -2.0405e+01    (-166.0,165.0,-150.0,27.0)
884       -2.0316e+01    (-166.0,164.0,-150.0,27.0)
885       -2.0248e+01    (-166.0,164.0,-150.0,26.0)
886       -2.0220e+01    (-166.0,164.0,-150.0,25.0)
887       -2.0212e+01    (-166.0,163.0,-150.0,25.0)
888       -2.0044e+01    (-166.0,163.0,-151.0,25.0)
889       -1.9988e+01    (-166.0,163.0,-152.0,25.0)
890       -2.0044e+01    (-166.0,163.0,-152.0,26.0)
891       -2.0088e+01    (-166.0,163.0,-151.0,26.0)
892       -2.0169e+01    (-167.0,163.0,-151.0,26.0)
893       -2.0125e+01    (-167.0,163.0,-152.0,26.0)
894       -2.0069e+01    (-167.0,163.0,-152.0,25.0)
895       -2.0125e+01    (-167.0,163.0,-151.0,25.0)
896       -2.0166e+01    (-167.0,163.0,-151.0,24.0)
897       -2.0084e+01    (-166.0,163.0,-151.0,24.0)
898       -2.0049e+01    (-166.0,163.0,-152.0,24.0)
899       -2.0130e+01    (-167.0,163.0,-152.0,24.0)
900       -2.0226e+01    (-167.0,163.0,-153.0,24.0)
901       -2.0144e+01    (-166.0,163.0,-153.0,24.0)
902       -2.0087e+01    (-166.0,163.0,-153.0,25.0)
903       -2.0140e+01    (-166.0,163.0,-153.0,26.0)
904       -2.0221e+01    (-167.0,163.0,-153.0,26.0)
905       -2.0168e+01    (-167.0,163.0,-153.0,25.0)
906       -2.0415e+01    (-167.0,163.0,-154.0,25.0)
907       -2.0288e+01    (-167.0,164.0,-154.0,25.0)
908       -2.0207e+01    (-166.0,164.0,-154.0,25.0)
909       -2.0264e+01    (-166.0,164.0,-154.0,26.0)
910       -2.0346e+01    (-167.0,164.0,-154.0,26.0)
911       -2.0453e+01    (-167.0,163.0,-154.0,26.0)
912       -2.0371e+01    (-166.0,163.0,-154.0,26.0)
913       -2.0333e+01    (-166.0,163.0,-154.0,25.0)
914       -2.0364e+01    (-166.0,163.0,-154.0,24.0)
915       -2.0271e+01    (-166.0,164.0,-154.0,24.0)
916       -2.0352e+01    (-167.0,164.0,-154.0,24.0)
917       -2.0446e+01    (-167.0,163.0,-154.0,24.0)
918       -2.0538e+01    (-167.0,163.0,-154.0,23.0)
919       -2.0378e+01    (-167.0,163.0,-153.0,23.0)
920       -2.0291e+01    (-167.0,163.0,-152.0,23.0)
921       -2.0204e+01    (-167.0,164.0,-152.0,23.0)
922       -2.0123e+01    (-166.0,164.0,-152.0,23.0)
923       -2.0157e+01    (-166.0,164.0,-151.0,23.0)
924       -2.0197e+01    (-166.0,163.0,-151.0,23.0)
925       -2.0209e+01    (-166.0,163.0,-152.0,23.0)
926       -2.0296e+01    (-166.0,163.0,-153.0,23.0)
927       -2.0218e+01    (-166.0,164.0,-153.0,23.0)
928       -2.0299e+01    (-167.0,164.0,-153.0,23.0)
929       -2.0403e+01    (-167.0,165.0,-153.0,23.0)
930       -2.0309e+01    (-167.0,165.0,-152.0,23.0)
931       -2.0228e+01    (-166.0,165.0,-152.0,23.0)
932       -2.0256e+01    (-166.0,165.0,-151.0,23.0)
933       -2.0065e+01    (-166.0,165.0,-151.0,24.0)
934       -2.0325e+01    (-166.0,165.0,-150.0,24.0)
935       -2.0235e+01    (-166.0,164.0,-150.0,24.0)
936       -2.0215e+01    (-166.0,163.0,-150.0,24.0)
937       -2.0211e+01    (-165.0,163.0,-150.0,24.0)
938       -2.0138e+01    (-165.0,162.0,-150.0,24.0)
939       -2.0038e+01    (-164.0,162.0,-150.0,24.0)
940       -1.9870e+01    (-164.0,161.0,-150.0,24.0)
941       -1.9696e+01    (-164.0,161.0,-151.0,24.0)
942       -1.9489e+01    (-164.0,160.0,-151.0,24.0)
943       -1.9329e+01    (-163.0,160.0,-151.0,24.0)
944       -1.9191e+01    (-163.0,160.0,-152.0,24.0)
945       -1.9062e+01    (-163.0,160.0,-152.0,25.0)
946       -1.9158e+01    (-163.0,160.0,-152.0,26.0)
947       -1.9255e+01    (-163.0,159.0,-152.0,26.0)
948       -1.9178e+01    (-163.0,159.0,-152.0,25.0)
949       -1.9276e+01    (-163.0,159.0,-152.0,24.0)
950       -1.9368e+01    (-163.0,159.0,-151.0,24.0)
951       -1.9300e+01    (-163.0,159.0,-151.0,25.0)
952       -1.9239e+01    (-163.0,160.0,-151.0,25.0)
953       -1.9312e+01    (-163.0,160.0,-151.0,26.0)
954       -1.9360e+01    (-163.0,159.0,-151.0,26.0)
955       -1.9508e+01    (-164.0,159.0,-151.0,26.0)
956       -1.9429e+01    (-164.0,159.0,-152.0,26.0)
957       -1.9356e+01    (-164.0,160.0,-152.0,26.0)
958       -1.9272e+01    (-164.0,160.0,-152.0,25.0)
959       -1.9360e+01    (-164.0,159.0,-152.0,25.0)
960       -1.9443e+01    (-164.0,159.0,-152.0,24.0)
961       -1.9381e+01    (-164.0,160.0,-152.0,24.0)
962       -1.9488e+01    (-164.0,160.0,-153.0,24.0)
963       -1.9303e+01    (-163.0,160.0,-153.0,24.0)
964       -1.9182e+01    (-163.0,160.0,-153.0,25.0)
965       -1.9273e+01    (-163.0,160.0,-153.0,26.0)
966       -1.9363e+01    (-163.0,159.0,-153.0,26.0)
967       -1.9288e+01    (-163.0,159.0,-153.0,25.0)
968       -1.9381e+01    (-163.0,159.0,-153.0,24.0)
969       -1.9544e+01    (-164.0,159.0,-153.0,24.0)
970       -1.9465e+01    (-164.0,159.0,-153.0,25.0)
971       -1.9385e+01    (-164.0,160.0,-153.0,25.0)
972       -1.9466e+01    (-164.0,160.0,-153.0,26.0)
973       -1.9531e+01    (-164.0,159.0,-153.0,26.0)
974       -1.9729e+01    (-164.0,159.0,-153.0,27.0)
975       -1.9590e+01    (-163.0,159.0,-153.0,27.0)
976       -1.9493e+01    (-163.0,159.0,-152.0,27.0)
977       -1.9457e+01    (-163.0,160.0,-152.0,27.0)
978       -1.9532e+01    (-163.0,160.0,-151.0,27.0)
979       -1.9536e+01    (-163.0,159.0,-151.0,27.0)
980       -1.9661e+01    (-164.0,159.0,-151.0,27.0)
981       -1.9635e+01    (-164.0,159.0,-152.0,27.0)
982       -1.9615e+01    (-164.0,160.0,-152.0,27.0)
983       -1.9668e+01    (-164.0,160.0,-151.0,27.0)
984       -1.9477e+01    (-164.0,160.0,-151.0,26.0)
985       -1.9413e+01    (-164.0,160.0,-151.0,25.0)
986       -1.9455e+01    (-164.0,159.0,-151.0,25.0)
987       -1.9512e+01    (-164.0,159.0,-151.0,24.0)
988       -1.9661e+01    (-164.0,159.0,-151.0,23.0)
989       -1.9544e+01    (-163.0,159.0,-151.0,23.0)
990       -1.9523e+01    (-163.0,159.0,-152.0,23.0)
991       -1.9509e+01    (-163.0,160.0,-152.0,23.0)
992       -1.9555e+01    (-163.0,160.0,-151.0,23.0)
993       -1.9682e+01    (-164.0,160.0,-151.0,23.0)
994       -1.9652e+01    (-164.0,160.0,-152.0,23.0)
995       -1.9654e+01    (-164.0,159.0,-152.0,23.0)
996       -1.9744e+01    (-164.0,159.0,-153.0,23.0)
997       -1.9616e+01    (-163.0,159.0,-153.0,23.0)
998       -1.9606e+01    (-163.0,160.0,-153.0,23.0)
999       -1.9747e+01    (-164.0,160.0,-153.0,23.0)
