# run = 14
occ          S   
0         (-308.0,264.0,-193.0,22.0)
0         (-307.0,264.0,-193.0,22.0)
0         (-306.0,264.0,-193.0,22.0)
0         (-305.0,264.0,-193.0,22.0)
0         (-304.0,264.0,-193.0,22.0)
0         (-303.0,264.0,-193.0,22.0)
0         (-302.0,264.0,-193.0,22.0)
0         (-301.0,264.0,-193.0,22.0)
0         (-300.0,264.0,-193.0,22.0)
0         (-299.0,264.0,-193.0,22.0)
0         (-298.0,264.0,-193.0,22.0)
0         (-297.0,264.0,-193.0,22.0)
0         (-296.0,264.0,-193.0,22.0)
0         (-295.0,264.0,-193.0,22.0)
0         (-294.0,264.0,-193.0,22.0)
0         (-293.0,264.0,-193.0,22.0)
0         (-292.0,264.0,-193.0,22.0)
0         (-291.0,264.0,-193.0,22.0)
0         (-290.0,264.0,-193.0,22.0)
0         (-289.0,264.0,-193.0,22.0)
0         (-288.0,264.0,-193.0,22.0)
0         (-287.0,264.0,-193.0,22.0)
0         (-286.0,264.0,-193.0,22.0)
0         (-285.0,264.0,-193.0,22.0)
0         (-284.0,264.0,-193.0,22.0)
0         (-283.0,264.0,-193.0,22.0)
0         (-282.0,264.0,-193.0,22.0)
0         (-281.0,264.0,-193.0,22.0)
0         (-280.0,264.0,-193.0,22.0)
0         (-279.0,264.0,-193.0,22.0)
0         (-278.0,264.0,-193.0,22.0)
0         (-277.0,264.0,-193.0,22.0)
0         (-276.0,264.0,-193.0,22.0)
0         (-275.0,264.0,-193.0,22.0)
0         (-274.0,264.0,-193.0,22.0)
0         (-273.0,264.0,-193.0,22.0)
0         (-272.0,264.0,-193.0,22.0)
0         (-271.0,264.0,-193.0,22.0)
0         (-270.0,264.0,-193.0,22.0)
0         (-269.0,264.0,-193.0,22.0)
0         (-268.0,264.0,-193.0,22.0)
0         (-267.0,264.0,-193.0,22.0)
0         (-266.0,264.0,-193.0,22.0)
0         (-265.0,264.0,-193.0,22.0)
0         (-264.0,264.0,-193.0,22.0)
0         (-264.0,263.0,-193.0,22.0)
0         (-263.0,263.0,-193.0,22.0)
0         (-263.0,262.0,-193.0,22.0)
0         (-262.0,262.0,-193.0,22.0)
0         (-262.0,261.0,-193.0,22.0)
0         (-261.0,261.0,-193.0,22.0)
0         (-261.0,260.0,-193.0,22.0)
0         (-260.0,260.0,-193.0,22.0)
0         (-260.0,259.0,-193.0,22.0)
0         (-259.0,259.0,-193.0,22.0)
0         (-259.0,258.0,-193.0,22.0)
0         (-258.0,258.0,-193.0,22.0)
0         (-257.0,258.0,-193.0,22.0)
0         (-257.0,257.0,-193.0,22.0)
0         (-256.0,257.0,-193.0,22.0)
0         (-256.0,256.0,-193.0,22.0)
0         (-255.0,256.0,-193.0,22.0)
0         (-255.0,255.0,-193.0,22.0)
0         (-254.0,255.0,-193.0,22.0)
0         (-254.0,254.0,-193.0,22.0)
0         (-253.0,254.0,-193.0,22.0)
0         (-253.0,253.0,-193.0,22.0)
0         (-252.0,253.0,-193.0,22.0)
0         (-252.0,252.0,-193.0,22.0)
0         (-251.0,252.0,-193.0,22.0)
0         (-251.0,251.0,-193.0,22.0)
0         (-250.0,251.0,-193.0,22.0)
0         (-250.0,250.0,-193.0,22.0)
0         (-249.0,250.0,-193.0,22.0)
0         (-249.0,249.0,-193.0,22.0)
0         (-248.0,249.0,-193.0,22.0)
0         (-248.0,248.0,-193.0,22.0)
0         (-248.0,247.0,-193.0,22.0)
0         (-247.0,247.0,-193.0,22.0)
0         (-247.0,246.0,-193.0,22.0)
0         (-246.0,246.0,-193.0,22.0)
0         (-246.0,245.0,-193.0,22.0)
0         (-245.0,245.0,-193.0,22.0)
0         (-245.0,244.0,-193.0,22.0)
0         (-244.0,244.0,-193.0,22.0)
0         (-244.0,243.0,-193.0,22.0)
0         (-243.0,243.0,-193.0,22.0)
0         (-243.0,242.0,-193.0,22.0)
0         (-242.0,242.0,-193.0,22.0)
0         (-242.0,241.0,-193.0,22.0)
0         (-241.0,241.0,-193.0,22.0)
0         (-241.0,240.0,-193.0,22.0)
0         (-240.0,240.0,-193.0,22.0)
0         (-240.0,239.0,-193.0,22.0)
0         (-239.0,239.0,-193.0,22.0)
0         (-239.0,238.0,-193.0,22.0)
0         (-238.0,238.0,-193.0,22.0)
0         (-238.0,237.0,-193.0,22.0)
0         (-237.0,237.0,-193.0,22.0)
0         (-237.0,236.0,-193.0,22.0)
0         (-236.0,236.0,-193.0,22.0)
0         (-235.0,236.0,-193.0,22.0)
0         (-235.0,235.0,-193.0,22.0)
0         (-234.0,235.0,-193.0,22.0)
0         (-234.0,234.0,-193.0,22.0)
0         (-233.0,234.0,-193.0,22.0)
0         (-233.0,233.0,-193.0,22.0)
0         (-232.0,233.0,-193.0,22.0)
0         (-232.0,232.0,-193.0,22.0)
0         (-231.0,232.0,-193.0,22.0)
0         (-231.0,231.0,-193.0,22.0)
0         (-230.0,231.0,-193.0,22.0)
0         (-230.0,230.0,-193.0,22.0)
0         (-229.0,230.0,-193.0,22.0)
0         (-229.0,229.0,-193.0,22.0)
0         (-228.0,229.0,-193.0,22.0)
0         (-228.0,228.0,-193.0,22.0)
0         (-227.0,228.0,-193.0,22.0)
0         (-227.0,227.0,-193.0,22.0)
0         (-226.0,227.0,-193.0,22.0)
0         (-226.0,226.0,-193.0,22.0)
0         (-226.0,225.0,-193.0,22.0)
0         (-225.0,225.0,-193.0,22.0)
0         (-225.0,224.0,-193.0,22.0)
0         (-224.0,224.0,-193.0,22.0)
0         (-224.0,223.0,-193.0,22.0)
0         (-223.0,223.0,-193.0,22.0)
0         (-223.0,222.0,-193.0,22.0)
0         (-222.0,222.0,-193.0,22.0)
0         (-222.0,221.0,-193.0,22.0)
0         (-221.0,221.0,-193.0,22.0)
0         (-221.0,220.0,-193.0,22.0)
0         (-220.0,220.0,-193.0,22.0)
0         (-220.0,219.0,-193.0,22.0)
0         (-219.0,219.0,-193.0,22.0)
0         (-219.0,218.0,-193.0,22.0)
0         (-218.0,218.0,-193.0,22.0)
0         (-218.0,217.0,-193.0,22.0)
0         (-217.0,217.0,-193.0,22.0)
0         (-217.0,216.0,-193.0,22.0)
0         (-216.0,216.0,-193.0,22.0)
0         (-216.0,215.0,-193.0,22.0)
0         (-215.0,215.0,-193.0,22.0)
0         (-215.0,214.0,-193.0,22.0)
0         (-214.0,214.0,-193.0,22.0)
0         (-213.0,214.0,-193.0,22.0)
0         (-213.0,213.0,-193.0,22.0)
0         (-212.0,213.0,-193.0,22.0)
0         (-212.0,212.0,-193.0,22.0)
0         (-211.0,212.0,-193.0,22.0)
0         (-211.0,211.0,-193.0,22.0)
0         (-210.0,211.0,-193.0,22.0)
0         (-210.0,210.0,-193.0,22.0)
0         (-209.0,210.0,-193.0,22.0)
0         (-209.0,209.0,-193.0,22.0)
0         (-208.0,209.0,-193.0,22.0)
0         (-208.0,208.0,-193.0,22.0)
0         (-207.0,208.0,-193.0,22.0)
0         (-207.0,207.0,-193.0,22.0)
0         (-206.0,207.0,-193.0,22.0)
0         (-206.0,206.0,-193.0,22.0)
0         (-205.0,206.0,-193.0,22.0)
0         (-205.0,205.0,-193.0,22.0)
0         (-204.0,205.0,-193.0,22.0)
0         (-204.0,204.0,-193.0,22.0)
0         (-204.0,203.0,-193.0,22.0)
0         (-203.0,203.0,-193.0,22.0)
0         (-203.0,202.0,-193.0,22.0)
0         (-202.0,202.0,-193.0,22.0)
0         (-202.0,201.0,-193.0,22.0)
0         (-201.0,201.0,-193.0,22.0)
0         (-201.0,200.0,-193.0,22.0)
0         (-200.0,200.0,-193.0,22.0)
0         (-200.0,199.0,-193.0,22.0)
0         (-199.0,199.0,-193.0,22.0)
0         (-199.0,198.0,-193.0,22.0)
0         (-198.0,198.0,-193.0,22.0)
0         (-198.0,197.0,-193.0,22.0)
0         (-197.0,197.0,-193.0,22.0)
0         (-197.0,196.0,-193.0,22.0)
0         (-196.0,196.0,-193.0,22.0)
0         (-196.0,195.0,-193.0,22.0)
0         (-195.0,195.0,-193.0,22.0)
0         (-195.0,194.0,-193.0,22.0)
0         (-194.0,194.0,-193.0,22.0)
0         (-194.0,193.0,-193.0,22.0)
0         (-193.0,193.0,-193.0,22.0)
0         (-193.0,192.0,-193.0,22.0)
0         (-192.0,192.0,-193.0,22.0)
0         (-191.0,192.0,-193.0,22.0)
0         (-191.0,191.0,-193.0,22.0)
0         (-190.0,191.0,-193.0,22.0)
0         (-190.0,191.0,-192.0,22.0)
0         (-189.0,191.0,-192.0,22.0)
0         (-189.0,191.0,-192.0,23.0)
0         (-189.0,191.0,-191.0,23.0)
0         (-189.0,191.0,-191.0,24.0)
0         (-189.0,191.0,-191.0,25.0)
0         (-189.0,191.0,-190.0,25.0)
0         (-188.0,191.0,-190.0,25.0)
0         (-188.0,191.0,-190.0,26.0)
0         (-189.0,191.0,-190.0,26.0)
0         (-189.0,190.0,-190.0,26.0)
0         (-188.0,190.0,-190.0,26.0)
0         (-188.0,190.0,-190.0,25.0)
0         (-188.0,190.0,-190.0,24.0)
0         (-188.0,191.0,-190.0,24.0)
0         (-189.0,191.0,-190.0,24.0)
0         (-189.0,190.0,-190.0,24.0)
0         (-189.0,190.0,-190.0,25.0)
0         (-189.0,190.0,-189.0,25.0)
0         (-188.0,190.0,-189.0,25.0)
0         (-188.0,191.0,-189.0,25.0)
0         (-188.0,191.0,-189.0,26.0)
0         (-188.0,190.0,-189.0,26.0)
0         (-189.0,190.0,-189.0,26.0)
0         (-189.0,191.0,-189.0,26.0)
0         (-189.0,191.0,-189.0,25.0)
0         (-189.0,191.0,-189.0,24.0)
0         (-188.0,191.0,-189.0,24.0)
0         (-188.0,190.0,-189.0,24.0)
0         (-189.0,190.0,-189.0,24.0)
0         (-189.0,190.0,-189.0,23.0)
0         (-188.0,190.0,-189.0,23.0)
0         (-188.0,190.0,-190.0,23.0)
0         (-188.0,191.0,-190.0,23.0)
0         (-188.0,191.0,-189.0,23.0)
0         (-189.0,191.0,-189.0,23.0)
0         (-189.0,191.0,-190.0,23.0)
0         (-189.0,190.0,-190.0,23.0)
0         (-189.0,190.0,-191.0,23.0)
0         (-189.0,190.0,-191.0,24.0)
0         (-188.0,190.0,-191.0,24.0)
0         (-188.0,191.0,-191.0,24.0)
0         (-188.0,191.0,-191.0,25.0)
0         (-188.0,191.0,-191.0,26.0)
0         (-189.0,191.0,-191.0,26.0)
0         (-189.0,190.0,-191.0,26.0)
0         (-188.0,190.0,-191.0,26.0)
0         (-188.0,190.0,-191.0,25.0)
0         (-189.0,190.0,-191.0,25.0)
0         (-189.0,190.0,-192.0,25.0)
0         (-188.0,190.0,-192.0,25.0)
0         (-188.0,191.0,-192.0,25.0)
0         (-188.0,191.0,-192.0,26.0)
0         (-188.0,190.0,-192.0,26.0)
0         (-189.0,190.0,-192.0,26.0)
0         (-189.0,191.0,-192.0,26.0)
0         (-189.0,191.0,-192.0,25.0)
0         (-189.0,191.0,-192.0,24.0)
0         (-188.0,191.0,-192.0,24.0)
0         (-188.0,190.0,-192.0,24.0)
0         (-189.0,190.0,-192.0,24.0)
0         (-189.0,190.0,-192.0,23.0)
0         (-188.0,190.0,-192.0,23.0)
0         (-188.0,190.0,-191.0,23.0)
0         (-188.0,191.0,-191.0,23.0)
0         (-188.0,192.0,-191.0,23.0)
0         (-188.0,192.0,-191.0,24.0)
0         (-188.0,192.0,-190.0,24.0)
0         (-188.0,192.0,-190.0,25.0)
0         (-188.0,192.0,-190.0,26.0)
0         (-188.0,192.0,-189.0,26.0)
0         (-188.0,192.0,-189.0,25.0)
0         (-188.0,192.0,-189.0,24.0)
0         (-189.0,192.0,-189.0,24.0)
0         (-189.0,192.0,-190.0,24.0)
0         (-189.0,192.0,-190.0,25.0)
0         (-189.0,192.0,-190.0,26.0)
0         (-189.0,192.0,-189.0,26.0)
0         (-189.0,192.0,-189.0,25.0)
0         (-189.0,192.0,-188.0,25.0)
0         (-189.0,191.0,-188.0,25.0)
0         (-188.0,191.0,-188.0,25.0)
0         (-188.0,190.0,-188.0,25.0)
0         (-188.0,189.0,-188.0,25.0)
0         (-187.0,189.0,-188.0,25.0)
0         (-187.0,189.0,-187.0,25.0)
0         (-186.0,189.0,-187.0,25.0)
0         (-186.0,189.0,-186.0,25.0)
0         (-186.0,190.0,-186.0,25.0)
0         (-186.0,190.0,-185.0,25.0)
0         (-185.0,190.0,-185.0,25.0)
0         (-185.0,191.0,-185.0,25.0)
0         (-185.0,191.0,-184.0,25.0)
0         (-185.0,191.0,-184.0,26.0)
0         (-185.0,191.0,-185.0,26.0)
0         (-185.0,190.0,-185.0,26.0)
0         (-185.0,190.0,-184.0,26.0)
0         (-185.0,190.0,-184.0,25.0)
0         (-185.0,190.0,-184.0,24.0)
0         (-185.0,191.0,-184.0,24.0)
0         (-185.0,191.0,-185.0,24.0)
0         (-185.0,190.0,-185.0,24.0)
0         (-186.0,190.0,-185.0,24.0)
0         (-186.0,191.0,-185.0,24.0)
0         (-186.0,191.0,-185.0,25.0)
0         (-186.0,191.0,-184.0,25.0)
0         (-186.0,191.0,-184.0,26.0)
0         (-186.0,191.0,-185.0,26.0)
0         (-186.0,190.0,-185.0,26.0)
0         (-186.0,190.0,-184.0,26.0)
0         (-186.0,190.0,-184.0,25.0)
0         (-186.0,190.0,-184.0,24.0)
0         (-186.0,191.0,-184.0,24.0)
0         (-186.0,191.0,-183.0,24.0)
0         (-185.0,191.0,-183.0,24.0)
0         (-185.0,191.0,-183.0,25.0)
0         (-185.0,190.0,-183.0,25.0)
0         (-185.0,190.0,-183.0,24.0)
0         (-185.0,190.0,-183.0,23.0)
0         (-185.0,190.0,-184.0,23.0)
0         (-185.0,191.0,-184.0,23.0)
0         (-185.0,191.0,-185.0,23.0)
0         (-185.0,190.0,-185.0,23.0)
0         (-186.0,190.0,-185.0,23.0)
0         (-186.0,190.0,-184.0,23.0)
0         (-186.0,191.0,-184.0,23.0)
0         (-186.0,191.0,-185.0,23.0)
0         (-186.0,191.0,-186.0,23.0)
0         (-186.0,191.0,-186.0,24.0)
0         (-185.0,191.0,-186.0,24.0)
0         (-185.0,191.0,-186.0,25.0)
0         (-185.0,191.0,-186.0,26.0)
0         (-185.0,190.0,-186.0,26.0)
0         (-185.0,190.0,-186.0,25.0)
0         (-185.0,190.0,-186.0,24.0)
0         (-186.0,190.0,-186.0,24.0)
0         (-186.0,190.0,-186.0,23.0)
0         (-185.0,190.0,-186.0,23.0)
0         (-185.0,191.0,-186.0,23.0)
0         (-185.0,192.0,-186.0,23.0)
0         (-185.0,192.0,-186.0,24.0)
0         (-185.0,192.0,-185.0,24.0)
0         (-185.0,192.0,-185.0,25.0)
0         (-185.0,192.0,-184.0,25.0)
0         (-185.0,192.0,-184.0,26.0)
0         (-185.0,192.0,-185.0,26.0)
0         (-186.0,192.0,-185.0,26.0)
0         (-186.0,192.0,-185.0,25.0)
0         (-186.0,192.0,-184.0,25.0)
0         (-186.0,192.0,-184.0,26.0)
0         (-186.0,192.0,-183.0,26.0)
0         (-186.0,191.0,-183.0,26.0)
0         (-185.0,191.0,-183.0,26.0)
0         (-185.0,190.0,-183.0,26.0)
0         (-185.0,190.0,-183.0,27.0)
0         (-185.0,190.0,-184.0,27.0)
0         (-185.0,191.0,-184.0,27.0)
0         (-185.0,191.0,-185.0,27.0)
0         (-185.0,190.0,-185.0,27.0)
0         (-186.0,190.0,-185.0,27.0)
0         (-186.0,190.0,-184.0,27.0)
0         (-186.0,191.0,-184.0,27.0)
0         (-186.0,191.0,-185.0,27.0)
0         (-186.0,191.0,-186.0,27.0)
0         (-186.0,191.0,-186.0,26.0)
0         (-186.0,191.0,-186.0,25.0)
0         (-186.0,192.0,-186.0,25.0)
0         (-185.0,192.0,-186.0,25.0)
0         (-185.0,192.0,-186.0,26.0)
0         (-186.0,192.0,-186.0,26.0)
0         (-186.0,192.0,-186.0,27.0)
0         (-186.0,192.0,-185.0,27.0)
0         (-185.0,192.0,-185.0,27.0)
0         (-185.0,192.0,-184.0,27.0)
0         (-185.0,192.0,-183.0,27.0)
0         (-185.0,191.0,-183.0,27.0)
0         (-184.0,191.0,-183.0,27.0)
0         (-184.0,190.0,-183.0,27.0)
0         (-184.0,189.0,-183.0,27.0)
0         (-184.0,189.0,-182.0,27.0)
0         (-184.0,188.0,-182.0,27.0)
0         (-184.0,188.0,-181.0,27.0)
0         (-184.0,187.0,-181.0,27.0)
0         (-185.0,187.0,-181.0,27.0)
0         (-185.0,187.0,-180.0,27.0)
0         (-185.0,187.0,-180.0,26.0)
0         (-185.0,187.0,-180.0,25.0)
0         (-185.0,187.0,-179.0,25.0)
0         (-185.0,186.0,-179.0,25.0)
0         (-185.0,186.0,-180.0,25.0)
0         (-185.0,186.0,-180.0,26.0)
0         (-185.0,186.0,-179.0,26.0)
0         (-185.0,187.0,-179.0,26.0)
0         (-185.0,187.0,-178.0,26.0)
0         (-185.0,186.0,-178.0,26.0)
0         (-185.0,186.0,-178.0,25.0)
0         (-185.0,187.0,-178.0,25.0)
0         (-185.0,187.0,-178.0,24.0)
0         (-185.0,187.0,-179.0,24.0)
0         (-185.0,186.0,-179.0,24.0)
0         (-185.0,186.0,-180.0,24.0)
0         (-185.0,187.0,-180.0,24.0)
0         (-186.0,187.0,-180.0,24.0)
0         (-186.0,187.0,-180.0,25.0)
0         (-186.0,187.0,-179.0,25.0)
0         (-186.0,186.0,-179.0,25.0)
0         (-186.0,186.0,-180.0,25.0)
0         (-186.0,186.0,-180.0,26.0)
0         (-186.0,186.0,-179.0,26.0)
0         (-186.0,187.0,-179.0,26.0)
0         (-186.0,187.0,-180.0,26.0)
0         (-186.0,187.0,-180.0,27.0)
0         (-186.0,187.0,-179.0,27.0)
0         (-185.0,187.0,-179.0,27.0)
0         (-185.0,186.0,-179.0,27.0)
0         (-185.0,186.0,-178.0,27.0)
0         (-185.0,185.0,-178.0,27.0)
0         (-185.0,185.0,-178.0,26.0)
0         (-185.0,185.0,-178.0,25.0)
0         (-185.0,185.0,-179.0,25.0)
0         (-185.0,185.0,-179.0,24.0)
0         (-185.0,185.0,-178.0,24.0)
0         (-185.0,186.0,-178.0,24.0)
0         (-186.0,186.0,-178.0,24.0)
0         (-186.0,186.0,-179.0,24.0)
0         (-186.0,187.0,-179.0,24.0)
0         (-186.0,187.0,-178.0,24.0)
0         (-186.0,187.0,-178.0,25.0)
0         (-186.0,186.0,-178.0,25.0)
0         (-186.0,186.0,-178.0,26.0)
0         (-186.0,187.0,-178.0,26.0)
0         (-186.0,187.0,-178.0,27.0)
0         (-185.0,187.0,-178.0,27.0)
0         (-184.0,187.0,-178.0,27.0)
0         (-184.0,186.0,-178.0,27.0)
0         (-184.0,185.0,-178.0,27.0)
0         (-184.0,185.0,-177.0,27.0)
0         (-184.0,184.0,-177.0,27.0)
0         (-184.0,184.0,-176.0,27.0)
0         (-184.0,183.0,-176.0,27.0)
0         (-184.0,183.0,-175.0,27.0)
0         (-185.0,183.0,-175.0,27.0)
0         (-185.0,183.0,-175.0,26.0)
0         (-185.0,182.0,-175.0,26.0)
0         (-185.0,182.0,-174.0,26.0)
0         (-185.0,182.0,-174.0,25.0)
0         (-185.0,182.0,-173.0,25.0)
0         (-185.0,182.0,-173.0,26.0)
0         (-185.0,181.0,-173.0,26.0)
0         (-185.0,181.0,-173.0,25.0)
0         (-185.0,181.0,-174.0,25.0)
0         (-185.0,181.0,-174.0,26.0)
0         (-185.0,181.0,-175.0,26.0)
0         (-185.0,181.0,-175.0,25.0)
0         (-185.0,182.0,-175.0,25.0)
0         (-185.0,182.0,-175.0,24.0)
0         (-185.0,182.0,-174.0,24.0)
0         (-185.0,182.0,-173.0,24.0)
0         (-185.0,181.0,-173.0,24.0)
0         (-185.0,181.0,-174.0,24.0)
0         (-185.0,181.0,-175.0,24.0)
0         (-186.0,181.0,-175.0,24.0)
0         (-186.0,181.0,-174.0,24.0)
0         (-186.0,182.0,-174.0,24.0)
0         (-186.0,182.0,-174.0,25.0)
0         (-186.0,182.0,-173.0,25.0)
0         (-186.0,182.0,-173.0,26.0)
0         (-186.0,182.0,-174.0,26.0)
0         (-186.0,181.0,-174.0,26.0)
0         (-186.0,181.0,-174.0,25.0)
0         (-186.0,181.0,-173.0,25.0)
0         (-186.0,181.0,-173.0,26.0)
0         (-186.0,181.0,-172.0,26.0)
0         (-185.0,181.0,-172.0,26.0)
0         (-185.0,181.0,-172.0,25.0)
0         (-185.0,182.0,-172.0,25.0)
0         (-185.0,182.0,-172.0,24.0)
0         (-185.0,181.0,-172.0,24.0)
0         (-184.0,181.0,-172.0,24.0)
0         (-184.0,180.0,-172.0,24.0)
0         (-184.0,180.0,-171.0,24.0)
0         (-184.0,179.0,-171.0,24.0)
0         (-184.0,179.0,-170.0,24.0)
0         (-185.0,179.0,-170.0,24.0)
0         (-185.0,178.0,-170.0,24.0)
0         (-185.0,178.0,-169.0,24.0)
0         (-185.0,178.0,-169.0,25.0)
0         (-185.0,178.0,-168.0,25.0)
0         (-185.0,177.0,-168.0,25.0)
0         (-185.0,177.0,-169.0,25.0)
0         (-185.0,177.0,-169.0,26.0)
0         (-185.0,177.0,-168.0,26.0)
0         (-185.0,178.0,-168.0,26.0)
0         (-185.0,178.0,-169.0,26.0)
0         (-186.0,178.0,-169.0,26.0)
0         (-186.0,178.0,-169.0,25.0)
0         (-186.0,178.0,-168.0,25.0)
0         (-186.0,177.0,-168.0,25.0)
0         (-186.0,177.0,-169.0,25.0)
0         (-186.0,177.0,-169.0,26.0)
0         (-186.0,177.0,-168.0,26.0)
0         (-186.0,178.0,-168.0,26.0)
0         (-186.0,178.0,-167.0,26.0)
0         (-185.0,178.0,-167.0,26.0)
0         (-185.0,178.0,-167.0,25.0)
0         (-185.0,177.0,-167.0,25.0)
0         (-185.0,177.0,-167.0,26.0)
0         (-186.0,177.0,-167.0,26.0)
0         (-186.0,177.0,-167.0,25.0)
0         (-186.0,178.0,-167.0,25.0)
0         (-186.0,178.0,-167.0,24.0)
0         (-185.0,178.0,-167.0,24.0)
0         (-185.0,178.0,-168.0,24.0)
0         (-185.0,177.0,-168.0,24.0)
0         (-185.0,177.0,-169.0,24.0)
0         (-186.0,177.0,-169.0,24.0)
0         (-186.0,177.0,-168.0,24.0)
0         (-186.0,178.0,-168.0,24.0)
0         (-186.0,178.0,-169.0,24.0)
0         (-186.0,178.0,-170.0,24.0)
0         (-186.0,178.0,-170.0,25.0)
0         (-185.0,178.0,-170.0,25.0)
0         (-185.0,177.0,-170.0,25.0)
0         (-185.0,177.0,-170.0,26.0)
0         (-185.0,178.0,-170.0,26.0)
0         (-186.0,178.0,-170.0,26.0)
0         (-186.0,177.0,-170.0,26.0)
0         (-186.0,177.0,-170.0,25.0)
0         (-186.0,177.0,-170.0,24.0)
0         (-185.0,177.0,-170.0,24.0)
0         (-185.0,177.0,-170.0,23.0)
0         (-185.0,177.0,-169.0,23.0)
0         (-185.0,177.0,-168.0,23.0)
0         (-185.0,178.0,-168.0,23.0)
0         (-185.0,178.0,-169.0,23.0)
0         (-186.0,178.0,-169.0,23.0)
0         (-186.0,178.0,-168.0,23.0)
0         (-186.0,177.0,-168.0,23.0)
0         (-186.0,177.0,-167.0,23.0)
0         (-186.0,177.0,-167.0,24.0)
0         (-185.0,177.0,-167.0,24.0)
0         (-185.0,176.0,-167.0,24.0)
0         (-185.0,176.0,-167.0,25.0)
0         (-185.0,176.0,-168.0,25.0)
0         (-185.0,176.0,-168.0,24.0)
0         (-185.0,176.0,-169.0,24.0)
0         (-185.0,176.0,-169.0,25.0)
0         (-185.0,176.0,-169.0,26.0)
0         (-185.0,176.0,-168.0,26.0)
0         (-185.0,176.0,-167.0,26.0)
0         (-184.0,176.0,-167.0,26.0)
0         (-184.0,176.0,-166.0,26.0)
0         (-183.0,176.0,-166.0,26.0)
0         (-183.0,176.0,-165.0,26.0)
0         (-183.0,176.0,-164.0,26.0)
0         (-183.0,177.0,-164.0,26.0)
0         (-182.0,177.0,-164.0,26.0)
0         (-182.0,177.0,-163.0,26.0)
0         (-182.0,177.0,-163.0,25.0)
0         (-182.0,178.0,-163.0,25.0)
0         (-182.0,178.0,-163.0,26.0)
0         (-182.0,178.0,-162.0,26.0)
0         (-182.0,178.0,-162.0,25.0)
0         (-182.0,177.0,-162.0,25.0)
0         (-182.0,177.0,-162.0,26.0)
0         (-182.0,177.0,-162.0,27.0)
0         (-182.0,177.0,-163.0,27.0)
0         (-182.0,178.0,-163.0,27.0)
0         (-182.0,178.0,-162.0,27.0)
0         (-181.0,178.0,-162.0,27.0)
0         (-181.0,178.0,-162.0,26.0)
0         (-181.0,177.0,-162.0,26.0)
0         (-181.0,177.0,-162.0,25.0)
0         (-181.0,177.0,-163.0,25.0)
0         (-181.0,177.0,-163.0,24.0)
0         (-182.0,177.0,-163.0,24.0)
0         (-182.0,178.0,-163.0,24.0)
0         (-182.0,178.0,-162.0,24.0)
0         (-182.0,177.0,-162.0,24.0)
0         (-182.0,177.0,-162.0,23.0)
0         (-182.0,177.0,-163.0,23.0)
0         (-182.0,178.0,-163.0,23.0)
0         (-182.0,178.0,-162.0,23.0)
0         (-181.0,178.0,-162.0,23.0)
0         (-181.0,178.0,-162.0,24.0)
0         (-181.0,177.0,-162.0,24.0)
0         (-181.0,176.0,-162.0,24.0)
0         (-182.0,176.0,-162.0,24.0)
0         (-182.0,176.0,-162.0,25.0)
0         (-182.0,176.0,-163.0,25.0)
0         (-182.0,176.0,-163.0,24.0)
0         (-181.0,176.0,-163.0,24.0)
0         (-181.0,176.0,-163.0,25.0)
0         (-181.0,176.0,-162.0,25.0)
0         (-181.0,176.0,-161.0,25.0)
0         (-181.0,175.0,-161.0,25.0)
0         (-180.0,175.0,-161.0,25.0)
0         (-180.0,174.0,-161.0,25.0)
0         (-179.0,174.0,-161.0,25.0)
0         (-179.0,174.0,-162.0,25.0)
0         (-179.0,173.0,-162.0,25.0)
0         (-179.0,173.0,-163.0,25.0)
0         (-179.0,173.0,-163.0,26.0)
0         (-179.0,173.0,-162.0,26.0)
0         (-179.0,172.0,-162.0,26.0)
0         (-179.0,172.0,-162.0,25.0)
0         (-179.0,172.0,-163.0,25.0)
0         (-179.0,172.0,-163.0,26.0)
0         (-179.0,172.0,-164.0,26.0)
0         (-179.0,173.0,-164.0,26.0)
0         (-179.0,173.0,-164.0,25.0)
0         (-179.0,173.0,-164.0,24.0)
0         (-179.0,173.0,-163.0,24.0)
0         (-179.0,173.0,-162.0,24.0)
0         (-179.0,172.0,-162.0,24.0)
0         (-179.0,172.0,-163.0,24.0)
0         (-179.0,172.0,-164.0,24.0)
0         (-179.0,172.0,-164.0,25.0)
0         (-178.0,172.0,-164.0,25.0)
0         (-178.0,172.0,-163.0,25.0)
0         (-178.0,173.0,-163.0,25.0)
0         (-178.0,173.0,-162.0,25.0)
0         (-178.0,173.0,-162.0,24.0)
0         (-178.0,173.0,-163.0,24.0)
0         (-178.0,172.0,-163.0,24.0)
0         (-178.0,172.0,-162.0,24.0)
0         (-178.0,172.0,-162.0,25.0)
0         (-178.0,172.0,-162.0,26.0)
0         (-178.0,173.0,-162.0,26.0)
0         (-178.0,173.0,-163.0,26.0)
0         (-178.0,172.0,-163.0,26.0)
0         (-178.0,172.0,-164.0,26.0)
0         (-178.0,173.0,-164.0,26.0)
0         (-178.0,173.0,-164.0,25.0)
0         (-178.0,173.0,-164.0,24.0)
0         (-178.0,172.0,-164.0,24.0)
0         (-178.0,172.0,-164.0,23.0)
0         (-178.0,172.0,-163.0,23.0)
0         (-179.0,172.0,-163.0,23.0)
0         (-179.0,173.0,-163.0,23.0)
0         (-179.0,173.0,-162.0,23.0)
0         (-179.0,172.0,-162.0,23.0)
0         (-178.0,172.0,-162.0,23.0)
0         (-178.0,172.0,-161.0,23.0)
0         (-178.0,171.0,-161.0,23.0)
0         (-177.0,171.0,-161.0,23.0)
0         (-177.0,170.0,-161.0,23.0)
0         (-176.0,170.0,-161.0,23.0)
0         (-176.0,169.0,-161.0,23.0)
0         (-176.0,169.0,-162.0,23.0)
0         (-176.0,169.0,-162.0,24.0)
0         (-176.0,169.0,-163.0,24.0)
0         (-176.0,169.0,-163.0,25.0)
0         (-176.0,168.0,-163.0,25.0)
0         (-176.0,168.0,-163.0,26.0)
0         (-176.0,169.0,-163.0,26.0)
0         (-176.0,169.0,-162.0,26.0)
0         (-176.0,169.0,-162.0,25.0)
0         (-176.0,168.0,-162.0,25.0)
0         (-176.0,168.0,-162.0,26.0)
0         (-175.0,168.0,-162.0,26.0)
0         (-175.0,168.0,-162.0,25.0)
0         (-175.0,168.0,-163.0,25.0)
0         (-175.0,169.0,-163.0,25.0)
0         (-175.0,169.0,-162.0,25.0)
0         (-175.0,169.0,-162.0,26.0)
0         (-175.0,169.0,-163.0,26.0)
0         (-175.0,168.0,-163.0,26.0)
0         (-175.0,168.0,-164.0,26.0)
0         (-176.0,168.0,-164.0,26.0)
0         (-176.0,168.0,-164.0,25.0)
0         (-176.0,169.0,-164.0,25.0)
0         (-176.0,169.0,-164.0,26.0)
0         (-175.0,169.0,-164.0,26.0)
0         (-175.0,169.0,-164.0,25.0)
0         (-175.0,168.0,-164.0,25.0)
0         (-175.0,168.0,-164.0,24.0)
0         (-176.0,168.0,-164.0,24.0)
0         (-176.0,168.0,-163.0,24.0)
0         (-176.0,168.0,-162.0,24.0)
0         (-175.0,168.0,-162.0,24.0)
0         (-175.0,168.0,-163.0,24.0)
0         (-175.0,169.0,-163.0,24.0)
0         (-175.0,169.0,-162.0,24.0)
0         (-175.0,169.0,-162.0,23.0)
0         (-175.0,168.0,-162.0,23.0)
0         (-176.0,168.0,-162.0,23.0)
0         (-176.0,168.0,-163.0,23.0)
0         (-176.0,169.0,-163.0,23.0)
0         (-175.0,169.0,-163.0,23.0)
0         (-175.0,168.0,-163.0,23.0)
0         (-175.0,167.0,-163.0,23.0)
0         (-175.0,167.0,-162.0,23.0)
0         (-175.0,167.0,-161.0,23.0)
0         (-174.0,167.0,-161.0,23.0)
0         (-174.0,166.0,-161.0,23.0)
0         (-173.0,166.0,-161.0,23.0)
0         (-173.0,165.0,-161.0,23.0)
0         (-173.0,165.0,-162.0,23.0)
0         (-173.0,165.0,-162.0,24.0)
0         (-173.0,164.0,-162.0,24.0)
0         (-173.0,164.0,-163.0,24.0)
0         (-173.0,164.0,-163.0,25.0)
0         (-173.0,164.0,-163.0,26.0)
0         (-173.0,164.0,-162.0,26.0)
0         (-173.0,164.0,-162.0,25.0)
0         (-172.0,164.0,-162.0,25.0)
0         (-172.0,164.0,-163.0,25.0)
0         (-172.0,164.0,-163.0,26.0)
0         (-172.0,164.0,-162.0,26.0)
0         (-172.0,165.0,-162.0,26.0)
0         (-173.0,165.0,-162.0,26.0)
0         (-173.0,165.0,-163.0,26.0)
0         (-173.0,165.0,-163.0,25.0)
0         (-173.0,165.0,-163.0,24.0)
0         (-172.0,165.0,-163.0,24.0)
0         (-172.0,164.0,-163.0,24.0)
0         (-172.0,164.0,-162.0,24.0)
0         (-172.0,163.0,-162.0,24.0)
0         (-172.0,163.0,-162.0,25.0)
0         (-173.0,163.0,-162.0,25.0)
0         (-173.0,163.0,-163.0,25.0)
0         (-173.0,163.0,-163.0,26.0)
0         (-173.0,163.0,-162.0,26.0)
0         (-172.0,163.0,-162.0,26.0)
0         (-172.0,163.0,-163.0,26.0)
0         (-172.0,163.0,-163.0,25.0)
0         (-172.0,163.0,-163.0,24.0)
0         (-173.0,163.0,-163.0,24.0)
0         (-173.0,163.0,-162.0,24.0)
0         (-173.0,163.0,-162.0,23.0)
0         (-173.0,164.0,-162.0,23.0)
0         (-173.0,164.0,-163.0,23.0)
0         (-172.0,164.0,-163.0,23.0)
0         (-172.0,164.0,-162.0,23.0)
0         (-172.0,163.0,-162.0,23.0)
0         (-172.0,163.0,-161.0,23.0)
0         (-172.0,163.0,-161.0,24.0)
0         (-172.0,163.0,-161.0,25.0)
0         (-172.0,164.0,-161.0,25.0)
0         (-173.0,164.0,-161.0,25.0)
0         (-173.0,163.0,-161.0,25.0)
0         (-173.0,163.0,-161.0,24.0)
0         (-173.0,164.0,-161.0,24.0)
0         (-172.0,164.0,-161.0,24.0)
0         (-172.0,164.0,-161.0,23.0)
0         (-171.0,164.0,-161.0,23.0)
0         (-171.0,164.0,-160.0,23.0)
0         (-170.0,164.0,-160.0,23.0)
0         (-170.0,164.0,-159.0,23.0)
0         (-170.0,164.0,-159.0,24.0)
0         (-170.0,164.0,-158.0,24.0)
0         (-170.0,164.0,-158.0,25.0)
0         (-170.0,164.0,-157.0,25.0)
0         (-169.0,164.0,-157.0,25.0)
0         (-169.0,164.0,-158.0,25.0)
0         (-169.0,164.0,-158.0,26.0)
0         (-170.0,164.0,-158.0,26.0)
0         (-170.0,164.0,-157.0,26.0)
0         (-169.0,164.0,-157.0,26.0)
0         (-169.0,165.0,-157.0,26.0)
0         (-169.0,165.0,-157.0,25.0)
0         (-170.0,165.0,-157.0,25.0)
0         (-170.0,165.0,-158.0,25.0)
0         (-169.0,165.0,-158.0,25.0)
0         (-169.0,165.0,-158.0,26.0)
0         (-170.0,165.0,-158.0,26.0)
0         (-170.0,165.0,-157.0,26.0)
0         (-170.0,165.0,-156.0,26.0)
0         (-170.0,164.0,-156.0,26.0)
0         (-170.0,164.0,-156.0,25.0)
0         (-169.0,164.0,-156.0,25.0)
0         (-169.0,164.0,-156.0,24.0)
0         (-169.0,164.0,-157.0,24.0)
0         (-170.0,164.0,-157.0,24.0)
0         (-170.0,165.0,-157.0,24.0)
0         (-170.0,165.0,-158.0,24.0)
0         (-169.0,165.0,-158.0,24.0)
0         (-169.0,164.0,-158.0,24.0)
0         (-169.0,163.0,-158.0,24.0)
0         (-169.0,163.0,-158.0,25.0)
0         (-169.0,163.0,-157.0,25.0)
0         (-170.0,163.0,-157.0,25.0)
0         (-170.0,163.0,-158.0,25.0)
0         (-170.0,163.0,-158.0,26.0)
0         (-170.0,163.0,-157.0,26.0)
0         (-169.0,163.0,-157.0,26.0)
0         (-169.0,163.0,-158.0,26.0)
0         (-169.0,163.0,-158.0,27.0)
0         (-169.0,164.0,-158.0,27.0)
0         (-169.0,164.0,-157.0,27.0)
0         (-170.0,164.0,-157.0,27.0)
0         (-170.0,164.0,-158.0,27.0)
0         (-170.0,165.0,-158.0,27.0)
0         (-170.0,165.0,-157.0,27.0)
0         (-169.0,165.0,-157.0,27.0)
0         (-169.0,165.0,-158.0,27.0)
0         (-169.0,165.0,-159.0,27.0)
0         (-169.0,165.0,-159.0,26.0)
0         (-169.0,164.0,-159.0,26.0)
0         (-169.0,164.0,-159.0,25.0)
0         (-170.0,164.0,-159.0,25.0)
0         (-170.0,164.0,-159.0,26.0)
0         (-170.0,165.0,-159.0,26.0)
0         (-170.0,165.0,-159.0,25.0)
0         (-169.0,165.0,-159.0,25.0)
0         (-169.0,165.0,-159.0,24.0)
0         (-169.0,164.0,-159.0,24.0)
0         (-169.0,163.0,-159.0,24.0)
0         (-169.0,163.0,-159.0,25.0)
0         (-170.0,163.0,-159.0,25.0)
0         (-170.0,163.0,-159.0,26.0)
0         (-169.0,163.0,-159.0,26.0)
0         (-169.0,163.0,-159.0,27.0)
0         (-169.0,164.0,-159.0,27.0)
0         (-170.0,164.0,-159.0,27.0)
0         (-170.0,163.0,-159.0,27.0)
0         (-170.0,163.0,-158.0,27.0)
0         (-170.0,163.0,-157.0,27.0)
0         (-169.0,163.0,-157.0,27.0)
0         (-169.0,163.0,-156.0,27.0)
0         (-169.0,163.0,-156.0,26.0)
0         (-169.0,164.0,-156.0,26.0)
0         (-169.0,165.0,-156.0,26.0)
0         (-169.0,165.0,-156.0,25.0)
0         (-170.0,165.0,-156.0,25.0)
0         (-170.0,165.0,-156.0,24.0)
0         (-170.0,164.0,-156.0,24.0)
0         (-170.0,163.0,-156.0,24.0)
0         (-170.0,163.0,-157.0,24.0)
0         (-169.0,163.0,-157.0,24.0)
0         (-169.0,163.0,-156.0,24.0)
0         (-169.0,163.0,-156.0,25.0)
0         (-170.0,163.0,-156.0,25.0)
0         (-170.0,163.0,-156.0,26.0)
0         (-170.0,163.0,-156.0,27.0)
0         (-170.0,164.0,-156.0,27.0)
0         (-169.0,164.0,-156.0,27.0)
0         (-169.0,165.0,-156.0,27.0)
0         (-170.0,165.0,-156.0,27.0)
0         (-170.0,165.0,-155.0,27.0)
0         (-169.0,165.0,-155.0,27.0)
0         (-168.0,165.0,-155.0,27.0)
0         (-167.0,165.0,-155.0,27.0)
0         (-167.0,165.0,-154.0,27.0)
0         (-167.0,165.0,-153.0,27.0)
0         (-167.0,165.0,-153.0,26.0)
0         (-167.0,164.0,-153.0,26.0)
0         (-167.0,164.0,-152.0,26.0)
0         (-167.0,164.0,-152.0,25.0)
0         (-166.0,164.0,-152.0,25.0)
0         (-166.0,164.0,-152.0,26.0)
0         (-166.0,164.0,-153.0,26.0)
0         (-166.0,164.0,-153.0,25.0)
0         (-167.0,164.0,-153.0,25.0)
0         (-167.0,164.0,-153.0,24.0)
0         (-167.0,164.0,-152.0,24.0)
0         (-166.0,164.0,-152.0,24.0)
0         (-166.0,164.0,-153.0,24.0)
0         (-166.0,165.0,-153.0,24.0)
0         (-166.0,165.0,-152.0,24.0)
0         (-166.0,165.0,-152.0,25.0)
0         (-167.0,165.0,-152.0,25.0)
0         (-167.0,165.0,-152.0,26.0)
0         (-166.0,165.0,-152.0,26.0)
0         (-166.0,165.0,-153.0,26.0)
0         (-166.0,165.0,-153.0,25.0)
0         (-167.0,165.0,-153.0,25.0)
0         (-167.0,165.0,-153.0,24.0)
0         (-167.0,165.0,-152.0,24.0)
0         (-167.0,165.0,-151.0,24.0)
0         (-167.0,164.0,-151.0,24.0)
0         (-166.0,164.0,-151.0,24.0)
0         (-166.0,164.0,-151.0,25.0)
0         (-166.0,164.0,-151.0,26.0)
0         (-167.0,164.0,-151.0,26.0)
0         (-167.0,164.0,-151.0,25.0)
0         (-167.0,165.0,-151.0,25.0)
0         (-166.0,165.0,-151.0,25.0)
0         (-166.0,165.0,-151.0,26.0)
0         (-167.0,165.0,-151.0,26.0)
0         (-167.0,165.0,-151.0,27.0)
0         (-167.0,164.0,-151.0,27.0)
0         (-166.0,164.0,-151.0,27.0)
0         (-166.0,164.0,-152.0,27.0)
0         (-167.0,164.0,-152.0,27.0)
0         (-167.0,164.0,-153.0,27.0)
0         (-166.0,164.0,-153.0,27.0)
0         (-166.0,165.0,-153.0,27.0)
0         (-166.0,165.0,-152.0,27.0)
0         (-166.0,165.0,-151.0,27.0)
0         (-166.0,165.0,-150.0,27.0)
0         (-166.0,164.0,-150.0,27.0)
0         (-166.0,164.0,-150.0,26.0)
0         (-166.0,164.0,-150.0,25.0)
0         (-166.0,163.0,-150.0,25.0)
0         (-166.0,163.0,-151.0,25.0)
0         (-166.0,163.0,-152.0,25.0)
0         (-166.0,163.0,-152.0,26.0)
0         (-166.0,163.0,-151.0,26.0)
0         (-167.0,163.0,-151.0,26.0)
0         (-167.0,163.0,-152.0,26.0)
0         (-167.0,163.0,-152.0,25.0)
0         (-167.0,163.0,-151.0,25.0)
0         (-167.0,163.0,-151.0,24.0)
0         (-166.0,163.0,-151.0,24.0)
0         (-166.0,163.0,-152.0,24.0)
0         (-167.0,163.0,-152.0,24.0)
0         (-167.0,163.0,-153.0,24.0)
0         (-166.0,163.0,-153.0,24.0)
0         (-166.0,163.0,-153.0,25.0)
0         (-166.0,163.0,-153.0,26.0)
0         (-167.0,163.0,-153.0,26.0)
0         (-167.0,163.0,-153.0,25.0)
0         (-167.0,163.0,-154.0,25.0)
0         (-167.0,164.0,-154.0,25.0)
0         (-166.0,164.0,-154.0,25.0)
0         (-166.0,164.0,-154.0,26.0)
0         (-167.0,164.0,-154.0,26.0)
0         (-167.0,163.0,-154.0,26.0)
0         (-166.0,163.0,-154.0,26.0)
0         (-166.0,163.0,-154.0,25.0)
0         (-166.0,163.0,-154.0,24.0)
0         (-166.0,164.0,-154.0,24.0)
0         (-167.0,164.0,-154.0,24.0)
0         (-167.0,163.0,-154.0,24.0)
0         (-167.0,163.0,-154.0,23.0)
0         (-167.0,163.0,-153.0,23.0)
0         (-167.0,163.0,-152.0,23.0)
0         (-167.0,164.0,-152.0,23.0)
0         (-166.0,164.0,-152.0,23.0)
0         (-166.0,164.0,-151.0,23.0)
0         (-166.0,163.0,-151.0,23.0)
0         (-166.0,163.0,-152.0,23.0)
0         (-166.0,163.0,-153.0,23.0)
0         (-166.0,164.0,-153.0,23.0)
0         (-167.0,164.0,-153.0,23.0)
0         (-167.0,165.0,-153.0,23.0)
0         (-167.0,165.0,-152.0,23.0)
0         (-166.0,165.0,-152.0,23.0)
0         (-166.0,165.0,-151.0,23.0)
0         (-166.0,165.0,-151.0,24.0)
0         (-166.0,165.0,-150.0,24.0)
0         (-166.0,164.0,-150.0,24.0)
0         (-166.0,163.0,-150.0,24.0)
0         (-165.0,163.0,-150.0,24.0)
0         (-165.0,162.0,-150.0,24.0)
0         (-164.0,162.0,-150.0,24.0)
0         (-164.0,161.0,-150.0,24.0)
0         (-164.0,161.0,-151.0,24.0)
0         (-164.0,160.0,-151.0,24.0)
0         (-163.0,160.0,-151.0,24.0)
0         (-163.0,160.0,-152.0,24.0)
0         (-163.0,160.0,-152.0,25.0)
0         (-163.0,160.0,-152.0,26.0)
0         (-163.0,159.0,-152.0,26.0)
0         (-163.0,159.0,-152.0,25.0)
0         (-163.0,159.0,-152.0,24.0)
0         (-163.0,159.0,-151.0,24.0)
0         (-163.0,159.0,-151.0,25.0)
0         (-163.0,160.0,-151.0,25.0)
0         (-163.0,160.0,-151.0,26.0)
0         (-163.0,159.0,-151.0,26.0)
0         (-164.0,159.0,-151.0,26.0)
0         (-164.0,159.0,-152.0,26.0)
0         (-164.0,160.0,-152.0,26.0)
0         (-164.0,160.0,-152.0,25.0)
0         (-164.0,159.0,-152.0,25.0)
0         (-164.0,159.0,-152.0,24.0)
0         (-164.0,160.0,-152.0,24.0)
0         (-164.0,160.0,-153.0,24.0)
0         (-163.0,160.0,-153.0,24.0)
0         (-163.0,160.0,-153.0,25.0)
0         (-163.0,160.0,-153.0,26.0)
0         (-163.0,159.0,-153.0,26.0)
0         (-163.0,159.0,-153.0,25.0)
0         (-163.0,159.0,-153.0,24.0)
0         (-164.0,159.0,-153.0,24.0)
0         (-164.0,159.0,-153.0,25.0)
0         (-164.0,160.0,-153.0,25.0)
0         (-164.0,160.0,-153.0,26.0)
0         (-164.0,159.0,-153.0,26.0)
0         (-164.0,159.0,-153.0,27.0)
0         (-163.0,159.0,-153.0,27.0)
0         (-163.0,159.0,-152.0,27.0)
0         (-163.0,160.0,-152.0,27.0)
0         (-163.0,160.0,-151.0,27.0)
0         (-163.0,159.0,-151.0,27.0)
0         (-164.0,159.0,-151.0,27.0)
0         (-164.0,159.0,-152.0,27.0)
0         (-164.0,160.0,-152.0,27.0)
0         (-164.0,160.0,-151.0,27.0)
0         (-164.0,160.0,-151.0,26.0)
0         (-164.0,160.0,-151.0,25.0)
0         (-164.0,159.0,-151.0,25.0)
0         (-164.0,159.0,-151.0,24.0)
0         (-164.0,159.0,-151.0,23.0)
0         (-163.0,159.0,-151.0,23.0)
0         (-163.0,159.0,-152.0,23.0)
0         (-163.0,160.0,-152.0,23.0)
0         (-163.0,160.0,-151.0,23.0)
0         (-164.0,160.0,-151.0,23.0)
0         (-164.0,160.0,-152.0,23.0)
0         (-164.0,159.0,-152.0,23.0)
0         (-164.0,159.0,-153.0,23.0)
0         (-163.0,159.0,-153.0,23.0)
0         (-163.0,160.0,-153.0,23.0)
0         (-164.0,160.0,-153.0,23.0)
