# run = 25
ltot         F            S   
0         -6.4006e+01    (19.0,-480.0,-120.0,-56.0)
1         -6.3469e+01    (20.0,-480.0,-120.0,-56.0)
2         -6.2578e+01    (21.0,-480.0,-120.0,-56.0)
3         -6.2163e+01    (22.0,-480.0,-120.0,-56.0)
4         -6.2075e+01    (22.0,-479.0,-120.0,-56.0)
5         -6.2071e+01    (22.0,-479.0,-119.0,-56.0)
6         -6.2090e+01    (22.0,-479.0,-119.0,-57.0)
7         -6.2094e+01    (22.0,-479.0,-120.0,-57.0)
8         -6.2179e+01    (22.0,-480.0,-120.0,-57.0)
9         -6.2186e+01    (22.0,-480.0,-119.0,-57.0)
10        -6.2169e+01    (22.0,-480.0,-119.0,-56.0)
11        -6.2367e+01    (22.0,-480.0,-119.0,-55.0)
12        -6.2232e+01    (22.0,-479.0,-119.0,-55.0)
13        -6.2251e+01    (22.0,-479.0,-120.0,-55.0)
14        -6.2377e+01    (22.0,-480.0,-120.0,-55.0)
15        -6.2615e+01    (22.0,-480.0,-121.0,-55.0)
16        -6.2460e+01    (22.0,-479.0,-121.0,-55.0)
17        -6.2336e+01    (22.0,-479.0,-121.0,-56.0)
18        -6.2357e+01    (22.0,-479.0,-121.0,-57.0)
19        -6.2482e+01    (22.0,-480.0,-121.0,-57.0)
20        -6.2462e+01    (22.0,-480.0,-121.0,-56.0)
21        -6.2769e+01    (21.0,-480.0,-121.0,-56.0)
22        -6.2592e+01    (21.0,-479.0,-121.0,-56.0)
23        -6.2422e+01    (21.0,-479.0,-120.0,-56.0)
24        -6.2392e+01    (21.0,-479.0,-119.0,-56.0)
25        -6.2416e+01    (21.0,-479.0,-119.0,-57.0)
26        -6.2445e+01    (21.0,-479.0,-120.0,-57.0)
27        -6.2500e+01    (21.0,-478.0,-120.0,-57.0)
28        -6.2392e+01    (22.0,-478.0,-120.0,-57.0)
29        -6.2351e+01    (22.0,-478.0,-119.0,-57.0)
30        -6.2326e+01    (22.0,-478.0,-119.0,-56.0)
31        -6.2360e+01    (22.0,-478.0,-119.0,-55.0)
32        -6.2372e+01    (22.0,-478.0,-118.0,-55.0)
33        -6.2363e+01    (22.0,-478.0,-118.0,-56.0)
34        -6.2305e+01    (22.0,-479.0,-118.0,-56.0)
35        -6.2328e+01    (22.0,-479.0,-118.0,-57.0)
36        -6.2389e+01    (22.0,-478.0,-118.0,-57.0)
37        -6.2444e+01    (21.0,-478.0,-118.0,-57.0)
38        -6.2409e+01    (21.0,-477.0,-118.0,-57.0)
39        -6.2184e+01    (20.0,-477.0,-118.0,-57.0)
40        -6.1838e+01    (20.0,-476.0,-118.0,-57.0)
41        -6.1546e+01    (19.0,-476.0,-118.0,-57.0)
42        -6.1279e+01    (19.0,-475.0,-118.0,-57.0)
43        -6.0998e+01    (19.0,-475.0,-119.0,-57.0)
44        -6.0981e+01    (19.0,-475.0,-119.0,-56.0)
45        -6.0977e+01    (19.0,-475.0,-120.0,-56.0)
46        -6.0994e+01    (19.0,-475.0,-120.0,-57.0)
47        -6.1144e+01    (19.0,-474.0,-120.0,-57.0)
48        -6.1121e+01    (19.0,-474.0,-119.0,-57.0)
49        -6.1099e+01    (19.0,-474.0,-119.0,-56.0)
50        -6.1122e+01    (19.0,-474.0,-120.0,-56.0)
51        -6.1228e+01    (19.0,-474.0,-120.0,-55.0)
52        -6.1182e+01    (19.0,-475.0,-120.0,-55.0)
53        -6.1169e+01    (19.0,-475.0,-119.0,-55.0)
54        -6.1196e+01    (19.0,-474.0,-119.0,-55.0)
55        -6.1280e+01    (19.0,-474.0,-118.0,-55.0)
56        -6.1233e+01    (19.0,-474.0,-118.0,-56.0)
57        -6.1257e+01    (19.0,-475.0,-118.0,-56.0)
58        -6.1359e+01    (19.0,-475.0,-118.0,-55.0)
59        -6.1474e+01    (18.0,-475.0,-118.0,-55.0)
60        -6.1343e+01    (18.0,-474.0,-118.0,-55.0)
61        -6.1281e+01    (18.0,-473.0,-118.0,-55.0)
62        -6.1192e+01    (18.0,-473.0,-117.0,-55.0)
63        -6.0958e+01    (18.0,-472.0,-117.0,-55.0)
64        -6.0710e+01    (18.0,-472.0,-116.0,-55.0)
65        -6.0406e+01    (18.0,-471.0,-116.0,-55.0)
66        -6.0173e+01    (18.0,-471.0,-115.0,-55.0)
67        -5.9969e+01    (19.0,-471.0,-115.0,-55.0)
68        -5.9773e+01    (19.0,-471.0,-115.0,-56.0)
69        -5.9644e+01    (19.0,-471.0,-114.0,-56.0)
70        -5.9611e+01    (19.0,-470.0,-114.0,-56.0)
71        -5.9630e+01    (19.0,-470.0,-114.0,-57.0)
72        -5.9660e+01    (19.0,-471.0,-114.0,-57.0)
73        -5.9791e+01    (19.0,-471.0,-115.0,-57.0)
74        -5.9744e+01    (19.0,-470.0,-115.0,-57.0)
75        -5.9724e+01    (19.0,-470.0,-115.0,-56.0)
76        -5.9872e+01    (19.0,-470.0,-115.0,-55.0)
77        -5.9773e+01    (19.0,-470.0,-114.0,-55.0)
78        -5.9852e+01    (19.0,-470.0,-113.0,-55.0)
79        -5.9736e+01    (19.0,-470.0,-113.0,-56.0)
80        -5.9758e+01    (19.0,-470.0,-113.0,-57.0)
81        -5.9839e+01    (19.0,-471.0,-113.0,-57.0)
82        -5.9820e+01    (19.0,-471.0,-113.0,-56.0)
83        -5.9974e+01    (19.0,-471.0,-113.0,-55.0)
84        -5.9858e+01    (19.0,-471.0,-114.0,-55.0)
85        -6.0081e+01    (18.0,-471.0,-114.0,-55.0)
86        -5.9945e+01    (18.0,-470.0,-114.0,-55.0)
87        -5.9846e+01    (18.0,-470.0,-114.0,-56.0)
88        -5.9868e+01    (18.0,-470.0,-114.0,-57.0)
89        -5.9935e+01    (18.0,-470.0,-113.0,-57.0)
90        -5.9911e+01    (18.0,-470.0,-113.0,-56.0)
91        -5.9956e+01    (18.0,-469.0,-113.0,-56.0)
92        -5.9920e+01    (19.0,-469.0,-113.0,-56.0)
93        -5.9927e+01    (19.0,-469.0,-113.0,-55.0)
94        -5.9938e+01    (19.0,-469.0,-112.0,-55.0)
95        -5.9828e+01    (19.0,-468.0,-112.0,-55.0)
96        -5.9575e+01    (19.0,-468.0,-111.0,-55.0)
97        -5.9242e+01    (19.0,-467.0,-111.0,-55.0)
98        -5.8876e+01    (19.0,-467.0,-110.0,-55.0)
99        -5.8644e+01    (19.0,-466.0,-110.0,-55.0)
100       -5.8446e+01    (19.0,-466.0,-109.0,-55.0)
101       -5.8246e+01    (19.0,-466.0,-109.0,-56.0)
102       -5.8263e+01    (19.0,-466.0,-109.0,-57.0)
103       -5.8305e+01    (19.0,-466.0,-108.0,-57.0)
104       -5.8287e+01    (19.0,-466.0,-108.0,-56.0)
105       -5.8435e+01    (19.0,-465.0,-108.0,-56.0)
106       -5.8440e+01    (19.0,-465.0,-109.0,-56.0)
107       -5.8462e+01    (19.0,-465.0,-109.0,-57.0)
108       -5.8458e+01    (19.0,-465.0,-108.0,-57.0)
109       -5.8584e+01    (19.0,-465.0,-108.0,-58.0)
110       -5.8521e+01    (19.0,-466.0,-108.0,-58.0)
111       -5.8501e+01    (19.0,-466.0,-109.0,-58.0)
112       -5.8600e+01    (19.0,-465.0,-109.0,-58.0)
113       -5.8709e+01    (18.0,-465.0,-109.0,-58.0)
114       -5.8608e+01    (18.0,-465.0,-109.0,-57.0)
115       -5.8552e+01    (18.0,-466.0,-109.0,-57.0)
116       -5.8531e+01    (18.0,-466.0,-109.0,-56.0)
117       -5.8541e+01    (18.0,-466.0,-108.0,-56.0)
118       -5.8562e+01    (18.0,-466.0,-108.0,-57.0)
119       -5.8587e+01    (18.0,-465.0,-108.0,-57.0)
120       -5.8563e+01    (18.0,-465.0,-108.0,-56.0)
121       -5.8584e+01    (18.0,-465.0,-109.0,-56.0)
122       -5.8635e+01    (18.0,-465.0,-109.0,-55.0)
123       -5.8531e+01    (19.0,-465.0,-109.0,-55.0)
124       -5.8513e+01    (19.0,-465.0,-108.0,-55.0)
125       -5.8463e+01    (19.0,-466.0,-108.0,-55.0)
126       -5.8649e+01    (18.0,-466.0,-108.0,-55.0)
127       -5.8605e+01    (18.0,-465.0,-108.0,-55.0)
128       -5.8642e+01    (18.0,-465.0,-107.0,-55.0)
129       -5.8569e+01    (18.0,-464.0,-107.0,-55.0)
130       -5.8465e+01    (18.0,-464.0,-106.0,-55.0)
131       -5.8215e+01    (18.0,-463.0,-106.0,-55.0)
132       -5.7964e+01    (18.0,-463.0,-105.0,-55.0)
133       -5.7673e+01    (18.0,-462.0,-105.0,-55.0)
134       -5.7460e+01    (18.0,-462.0,-104.0,-55.0)
135       -5.7249e+01    (19.0,-462.0,-104.0,-55.0)
136       -5.7047e+01    (19.0,-462.0,-104.0,-56.0)
137       -5.6960e+01    (19.0,-462.0,-103.0,-56.0)
138       -5.6977e+01    (19.0,-462.0,-103.0,-57.0)
139       -5.6997e+01    (19.0,-461.0,-103.0,-57.0)
140       -5.6977e+01    (19.0,-461.0,-103.0,-56.0)
141       -5.7055e+01    (19.0,-461.0,-104.0,-56.0)
142       -5.7075e+01    (19.0,-461.0,-104.0,-57.0)
143       -5.7065e+01    (19.0,-462.0,-104.0,-57.0)
144       -5.7303e+01    (19.0,-462.0,-104.0,-58.0)
145       -5.7224e+01    (19.0,-462.0,-103.0,-58.0)
146       -5.7186e+01    (19.0,-461.0,-103.0,-58.0)
147       -5.7258e+01    (19.0,-461.0,-104.0,-58.0)
148       -5.7417e+01    (18.0,-461.0,-104.0,-58.0)
149       -5.7286e+01    (18.0,-461.0,-104.0,-57.0)
150       -5.7216e+01    (18.0,-461.0,-103.0,-57.0)
151       -5.7194e+01    (18.0,-461.0,-103.0,-56.0)
152       -5.7259e+01    (18.0,-462.0,-103.0,-56.0)
153       -5.7279e+01    (18.0,-462.0,-103.0,-57.0)
154       -5.7355e+01    (18.0,-462.0,-104.0,-57.0)
155       -5.7334e+01    (18.0,-462.0,-104.0,-56.0)
156       -5.7263e+01    (18.0,-461.0,-104.0,-56.0)
157       -5.7347e+01    (18.0,-461.0,-104.0,-55.0)
158       -5.7195e+01    (19.0,-461.0,-104.0,-55.0)
159       -5.7124e+01    (19.0,-461.0,-103.0,-55.0)
160       -5.7171e+01    (19.0,-462.0,-103.0,-55.0)
161       -5.7317e+01    (19.0,-462.0,-102.0,-55.0)
162       -5.7174e+01    (19.0,-462.0,-102.0,-56.0)
163       -5.7120e+01    (19.0,-461.0,-102.0,-56.0)
164       -5.7142e+01    (19.0,-461.0,-102.0,-57.0)
165       -5.7194e+01    (19.0,-462.0,-102.0,-57.0)
166       -5.7379e+01    (19.0,-462.0,-102.0,-58.0)
167       -5.7285e+01    (19.0,-461.0,-102.0,-58.0)
168       -5.7373e+01    (19.0,-460.0,-102.0,-58.0)
169       -5.7327e+01    (19.0,-460.0,-102.0,-57.0)
170       -5.7300e+01    (19.0,-460.0,-102.0,-56.0)
171       -5.7291e+01    (19.0,-460.0,-102.0,-55.0)
172       -5.7217e+01    (19.0,-461.0,-102.0,-55.0)
173       -5.7328e+01    (18.0,-461.0,-102.0,-55.0)
174       -5.7272e+01    (18.0,-461.0,-102.0,-56.0)
175       -5.7296e+01    (18.0,-461.0,-102.0,-57.0)
176       -5.7343e+01    (18.0,-460.0,-102.0,-57.0)
177       -5.7316e+01    (18.0,-460.0,-102.0,-56.0)
178       -5.7301e+01    (18.0,-460.0,-102.0,-55.0)
179       -5.7277e+01    (18.0,-460.0,-101.0,-55.0)
180       -5.7108e+01    (18.0,-459.0,-101.0,-55.0)
181       -5.6909e+01    (18.0,-459.0,-100.0,-55.0)
182       -5.6608e+01    (18.0,-458.0,-100.0,-55.0)
183       -5.6355e+01    (18.0,-458.0,-99.0,-55.0)
184       -5.6149e+01    (18.0,-457.0,-99.0,-55.0)
185       -5.5984e+01    (19.0,-457.0,-99.0,-55.0)
186       -5.5819e+01    (19.0,-457.0,-98.0,-55.0)
187       -5.5625e+01    (19.0,-457.0,-98.0,-56.0)
188       -5.5643e+01    (19.0,-457.0,-98.0,-57.0)
189       -5.5721e+01    (19.0,-457.0,-97.0,-57.0)
190       -5.5701e+01    (19.0,-457.0,-97.0,-56.0)
191       -5.5863e+01    (19.0,-457.0,-97.0,-55.0)
192       -5.5932e+01    (19.0,-456.0,-97.0,-55.0)
193       -5.5873e+01    (19.0,-456.0,-97.0,-56.0)
194       -5.5865e+01    (19.0,-456.0,-98.0,-56.0)
195       -5.5888e+01    (19.0,-456.0,-98.0,-57.0)
196       -5.5897e+01    (19.0,-456.0,-97.0,-57.0)
197       -5.6002e+01    (18.0,-456.0,-97.0,-57.0)
198       -5.5959e+01    (18.0,-457.0,-97.0,-57.0)
199       -5.5923e+01    (18.0,-457.0,-98.0,-57.0)
200       -5.5902e+01    (18.0,-457.0,-98.0,-56.0)
201       -5.5937e+01    (18.0,-457.0,-97.0,-56.0)
202       -5.5976e+01    (18.0,-456.0,-97.0,-56.0)
203       -5.5987e+01    (18.0,-456.0,-98.0,-56.0)
204       -5.6012e+01    (18.0,-456.0,-98.0,-57.0)
205       -5.6102e+01    (18.0,-456.0,-98.0,-58.0)
206       -5.6010e+01    (19.0,-456.0,-98.0,-58.0)
207       -5.5874e+01    (19.0,-457.0,-98.0,-58.0)
208       -5.5923e+01    (19.0,-457.0,-97.0,-58.0)
209       -5.6005e+01    (19.0,-456.0,-97.0,-58.0)
210       -5.6083e+01    (18.0,-456.0,-97.0,-58.0)
211       -5.6104e+01    (18.0,-457.0,-97.0,-58.0)
212       -5.6088e+01    (18.0,-457.0,-98.0,-58.0)
213       -5.6217e+01    (18.0,-457.0,-99.0,-58.0)
214       -5.6044e+01    (19.0,-457.0,-99.0,-58.0)
215       -5.5849e+01    (19.0,-457.0,-99.0,-57.0)
216       -5.5829e+01    (19.0,-457.0,-99.0,-56.0)
217       -5.5985e+01    (19.0,-456.0,-99.0,-56.0)
218       -5.6009e+01    (19.0,-456.0,-99.0,-57.0)
219       -5.6109e+01    (18.0,-456.0,-99.0,-57.0)
220       -5.6077e+01    (18.0,-457.0,-99.0,-57.0)
221       -5.6055e+01    (18.0,-457.0,-99.0,-56.0)
222       -5.6083e+01    (18.0,-456.0,-99.0,-56.0)
223       -5.6111e+01    (18.0,-456.0,-99.0,-55.0)
224       -5.6027e+01    (18.0,-456.0,-98.0,-55.0)
225       -5.5939e+01    (19.0,-456.0,-98.0,-55.0)
226       -5.6040e+01    (19.0,-456.0,-99.0,-55.0)
227       -5.6155e+01    (19.0,-456.0,-99.0,-54.0)
228       -5.6085e+01    (19.0,-456.0,-98.0,-54.0)
229       -5.6053e+01    (19.0,-456.0,-97.0,-54.0)
230       -5.5996e+01    (19.0,-455.0,-97.0,-54.0)
231       -5.5854e+01    (19.0,-455.0,-97.0,-53.0)
232       -5.5531e+01    (19.0,-454.0,-97.0,-53.0)
233       -5.5191e+01    (19.0,-454.0,-97.0,-52.0)
234       -5.4878e+01    (19.0,-453.0,-97.0,-52.0)
235       -5.4612e+01    (19.0,-453.0,-97.0,-51.0)
236       -5.4528e+01    (19.0,-453.0,-98.0,-51.0)
237       -5.4446e+01    (19.0,-453.0,-98.0,-50.0)
238       -5.4531e+01    (19.0,-452.0,-98.0,-50.0)
239       -5.4578e+01    (19.0,-452.0,-97.0,-50.0)
240       -5.4538e+01    (19.0,-453.0,-97.0,-50.0)
241       -5.4669e+01    (19.0,-453.0,-97.0,-49.0)
242       -5.4603e+01    (19.0,-453.0,-98.0,-49.0)
243       -5.4630e+01    (19.0,-452.0,-98.0,-49.0)
244       -5.4659e+01    (19.0,-452.0,-97.0,-49.0)
245       -5.4802e+01    (18.0,-452.0,-97.0,-49.0)
246       -5.4757e+01    (18.0,-452.0,-97.0,-50.0)
247       -5.4742e+01    (18.0,-452.0,-98.0,-50.0)
248       -5.4760e+01    (18.0,-453.0,-98.0,-50.0)
249       -5.4805e+01    (18.0,-453.0,-97.0,-50.0)
250       -5.4863e+01    (18.0,-453.0,-97.0,-51.0)
251       -5.4804e+01    (18.0,-452.0,-97.0,-51.0)
252       -5.4636e+01    (19.0,-452.0,-97.0,-51.0)
253       -5.4595e+01    (19.0,-452.0,-98.0,-51.0)
254       -5.4756e+01    (19.0,-452.0,-99.0,-51.0)
255       -5.4699e+01    (19.0,-452.0,-99.0,-50.0)
256       -5.4670e+01    (19.0,-453.0,-99.0,-50.0)
257       -5.4742e+01    (19.0,-453.0,-99.0,-51.0)
258       -5.4982e+01    (18.0,-453.0,-99.0,-51.0)
259       -5.4823e+01    (18.0,-453.0,-98.0,-51.0)
260       -5.4793e+01    (18.0,-452.0,-98.0,-51.0)
261       -5.4916e+01    (18.0,-452.0,-99.0,-51.0)
262       -5.4870e+01    (18.0,-452.0,-99.0,-50.0)
263       -5.4913e+01    (18.0,-452.0,-99.0,-49.0)
264       -5.4776e+01    (19.0,-452.0,-99.0,-49.0)
265       -5.4794e+01    (19.0,-453.0,-99.0,-49.0)
266       -5.5000e+01    (18.0,-453.0,-99.0,-49.0)
267       -5.4856e+01    (18.0,-453.0,-98.0,-49.0)
268       -5.4799e+01    (18.0,-452.0,-98.0,-49.0)
269       -5.4915e+01    (18.0,-451.0,-98.0,-49.0)
270       -5.4868e+01    (18.0,-451.0,-97.0,-49.0)
271       -5.4828e+01    (18.0,-451.0,-96.0,-49.0)
272       -5.4754e+01    (18.0,-450.0,-96.0,-49.0)
273       -5.4520e+01    (18.0,-450.0,-95.0,-49.0)
274       -5.4270e+01    (18.0,-449.0,-95.0,-49.0)
275       -5.3951e+01    (18.0,-449.0,-94.0,-49.0)
276       -5.3742e+01    (18.0,-449.0,-93.0,-49.0)
277       -5.3502e+01    (19.0,-449.0,-93.0,-49.0)
278       -5.3355e+01    (19.0,-449.0,-93.0,-50.0)
279       -5.3236e+01    (19.0,-448.0,-93.0,-50.0)
280       -5.3191e+01    (19.0,-448.0,-92.0,-50.0)
281       -5.3264e+01    (19.0,-448.0,-92.0,-51.0)
282       -5.3309e+01    (19.0,-448.0,-93.0,-51.0)
283       -5.3434e+01    (19.0,-449.0,-93.0,-51.0)
284       -5.3389e+01    (19.0,-449.0,-92.0,-51.0)
285       -5.3310e+01    (19.0,-449.0,-92.0,-50.0)
286       -5.3457e+01    (19.0,-449.0,-92.0,-49.0)
287       -5.3319e+01    (19.0,-448.0,-92.0,-49.0)
288       -5.3364e+01    (19.0,-448.0,-93.0,-49.0)
289       -5.3545e+01    (19.0,-447.0,-93.0,-49.0)
290       -5.3499e+01    (19.0,-447.0,-92.0,-49.0)
291       -5.3465e+01    (19.0,-447.0,-92.0,-50.0)
292       -5.3508e+01    (19.0,-447.0,-92.0,-51.0)
293       -5.3554e+01    (19.0,-447.0,-93.0,-51.0)
294       -5.3510e+01    (19.0,-447.0,-93.0,-50.0)
295       -5.3607e+01    (18.0,-447.0,-93.0,-50.0)
296       -5.3498e+01    (18.0,-448.0,-93.0,-50.0)
297       -5.3453e+01    (18.0,-448.0,-92.0,-50.0)
298       -5.3510e+01    (18.0,-448.0,-92.0,-51.0)
299       -5.3556e+01    (18.0,-448.0,-93.0,-51.0)
300       -5.3645e+01    (18.0,-447.0,-93.0,-51.0)
301       -5.3599e+01    (18.0,-447.0,-92.0,-51.0)
302       -5.3561e+01    (18.0,-447.0,-92.0,-50.0)
303       -5.3576e+01    (18.0,-447.0,-92.0,-49.0)
304       -5.3530e+01    (18.0,-448.0,-92.0,-49.0)
305       -5.3575e+01    (18.0,-448.0,-93.0,-49.0)
306       -5.3622e+01    (18.0,-447.0,-93.0,-49.0)
307       -5.3680e+01    (18.0,-447.0,-93.0,-48.0)
308       -5.3634e+01    (18.0,-447.0,-92.0,-48.0)
309       -5.3597e+01    (18.0,-446.0,-92.0,-48.0)
310       -5.3454e+01    (17.0,-446.0,-92.0,-48.0)
311       -5.3172e+01    (17.0,-445.0,-92.0,-48.0)
312       -5.2921e+01    (16.0,-445.0,-92.0,-48.0)
313       -5.2638e+01    (16.0,-445.0,-92.0,-49.0)
314       -5.2340e+01    (16.0,-444.0,-92.0,-49.0)
315       -5.2199e+01    (16.0,-444.0,-92.0,-50.0)
316       -5.2244e+01    (16.0,-444.0,-93.0,-50.0)
317       -5.2321e+01    (16.0,-444.0,-93.0,-51.0)
318       -5.2276e+01    (16.0,-444.0,-92.0,-51.0)
319       -5.2368e+01    (16.0,-443.0,-92.0,-51.0)
320       -5.2310e+01    (16.0,-443.0,-92.0,-50.0)
321       -5.2355e+01    (16.0,-443.0,-93.0,-50.0)
322       -5.2413e+01    (16.0,-443.0,-93.0,-51.0)
323       -5.2514e+01    (15.0,-443.0,-93.0,-51.0)
324       -5.2463e+01    (15.0,-443.0,-93.0,-50.0)
325       -5.2417e+01    (15.0,-443.0,-92.0,-50.0)
326       -5.2375e+01    (15.0,-444.0,-92.0,-50.0)
327       -5.2420e+01    (15.0,-444.0,-93.0,-50.0)
328       -5.2487e+01    (15.0,-444.0,-93.0,-51.0)
329       -5.2441e+01    (15.0,-444.0,-92.0,-51.0)
330       -5.2468e+01    (15.0,-443.0,-92.0,-51.0)
331       -5.2558e+01    (15.0,-443.0,-91.0,-51.0)
332       -5.2493e+01    (16.0,-443.0,-91.0,-51.0)
333       -5.2446e+01    (16.0,-443.0,-91.0,-50.0)
334       -5.2443e+01    (16.0,-444.0,-91.0,-50.0)
335       -5.2503e+01    (16.0,-444.0,-91.0,-51.0)
336       -5.2612e+01    (15.0,-444.0,-91.0,-51.0)
337       -5.2559e+01    (15.0,-444.0,-91.0,-50.0)
338       -5.2516e+01    (15.0,-443.0,-91.0,-50.0)
339       -5.2546e+01    (15.0,-443.0,-91.0,-49.0)
340       -5.2475e+01    (15.0,-443.0,-92.0,-49.0)
341       -5.2389e+01    (16.0,-443.0,-92.0,-49.0)
342       -5.2435e+01    (16.0,-443.0,-93.0,-49.0)
343       -5.2385e+01    (16.0,-444.0,-93.0,-49.0)
344       -5.2527e+01    (15.0,-444.0,-93.0,-49.0)
345       -5.2482e+01    (15.0,-444.0,-92.0,-49.0)
346       -5.2623e+01    (15.0,-444.0,-91.0,-49.0)
347       -5.2530e+01    (16.0,-444.0,-91.0,-49.0)
348       -5.2491e+01    (16.0,-443.0,-91.0,-49.0)
349       -5.2599e+01    (16.0,-442.0,-91.0,-49.0)
350       -5.2535e+01    (16.0,-442.0,-90.0,-49.0)
351       -5.2376e+01    (16.0,-441.0,-90.0,-49.0)
352       -5.2034e+01    (16.0,-441.0,-89.0,-49.0)
353       -5.1709e+01    (16.0,-440.0,-89.0,-49.0)
354       -5.1342e+01    (16.0,-440.0,-88.0,-49.0)
355       -5.1189e+01    (16.0,-440.0,-87.0,-49.0)
356       -5.1038e+01    (16.0,-440.0,-87.0,-50.0)
357       -5.0977e+01    (16.0,-439.0,-87.0,-50.0)
358       -5.1048e+01    (16.0,-439.0,-87.0,-51.0)
359       -5.1119e+01    (16.0,-440.0,-87.0,-51.0)
360       -5.1237e+01    (16.0,-440.0,-86.0,-51.0)
361       -5.1139e+01    (16.0,-439.0,-86.0,-51.0)
362       -5.1077e+01    (16.0,-439.0,-86.0,-50.0)
363       -5.1166e+01    (16.0,-440.0,-86.0,-50.0)
364       -5.1285e+01    (16.0,-440.0,-86.0,-49.0)
365       -5.1172e+01    (16.0,-439.0,-86.0,-49.0)
366       -5.1099e+01    (16.0,-439.0,-87.0,-49.0)
367       -5.1223e+01    (15.0,-439.0,-87.0,-49.0)
368       -5.1132e+01    (15.0,-439.0,-87.0,-50.0)
369       -5.1193e+01    (15.0,-439.0,-87.0,-51.0)
370       -5.1257e+01    (15.0,-439.0,-86.0,-51.0)
371       -5.1202e+01    (15.0,-439.0,-86.0,-50.0)
372       -5.1272e+01    (15.0,-439.0,-86.0,-49.0)
373       -5.1335e+01    (15.0,-438.0,-86.0,-49.0)
374       -5.1308e+01    (16.0,-438.0,-86.0,-49.0)
375       -5.1295e+01    (16.0,-438.0,-86.0,-50.0)
376       -5.1293e+01    (16.0,-438.0,-87.0,-50.0)
377       -5.1315e+01    (16.0,-438.0,-87.0,-49.0)
378       -5.1349e+01    (15.0,-438.0,-87.0,-49.0)
379       -5.1337e+01    (15.0,-438.0,-87.0,-50.0)
380       -5.1329e+01    (15.0,-438.0,-86.0,-50.0)
381       -5.1364e+01    (15.0,-438.0,-86.0,-51.0)
382       -5.1332e+01    (16.0,-438.0,-86.0,-51.0)
383       -5.1333e+01    (16.0,-438.0,-87.0,-51.0)
384       -5.1374e+01    (15.0,-438.0,-87.0,-51.0)
385       -5.1444e+01    (15.0,-438.0,-88.0,-51.0)
386       -5.1321e+01    (15.0,-439.0,-88.0,-51.0)
387       -5.1197e+01    (16.0,-439.0,-88.0,-51.0)
388       -5.1133e+01    (16.0,-439.0,-88.0,-50.0)
389       -5.1216e+01    (16.0,-440.0,-88.0,-50.0)
390       -5.1289e+01    (16.0,-440.0,-88.0,-51.0)
391       -5.1438e+01    (15.0,-440.0,-88.0,-51.0)
392       -5.1294e+01    (15.0,-440.0,-87.0,-51.0)
393       -5.1225e+01    (15.0,-440.0,-87.0,-50.0)
394       -5.1318e+01    (15.0,-440.0,-86.0,-50.0)
395       -5.1379e+01    (15.0,-440.0,-86.0,-51.0)
396       -5.1582e+01    (15.0,-440.0,-86.0,-52.0)
397       -5.1429e+01    (15.0,-439.0,-86.0,-52.0)
398       -5.1350e+01    (16.0,-439.0,-86.0,-52.0)
399       -5.1301e+01    (16.0,-439.0,-87.0,-52.0)
400       -5.1399e+01    (15.0,-439.0,-87.0,-52.0)
401       -5.1456e+01    (15.0,-438.0,-87.0,-52.0)
402       -5.1431e+01    (16.0,-438.0,-87.0,-52.0)
403       -5.1417e+01    (16.0,-438.0,-86.0,-52.0)
404       -5.1437e+01    (15.0,-438.0,-86.0,-52.0)
405       -5.1452e+01    (15.0,-438.0,-85.0,-52.0)
406       -5.1359e+01    (15.0,-437.0,-85.0,-52.0)
407       -5.1197e+01    (15.0,-437.0,-84.0,-52.0)
408       -5.0932e+01    (15.0,-436.0,-84.0,-52.0)
409       -5.0665e+01    (15.0,-436.0,-83.0,-52.0)
410       -5.0431e+01    (15.0,-435.0,-83.0,-52.0)
411       -5.0259e+01    (15.0,-435.0,-83.0,-51.0)
412       -5.0029e+01    (15.0,-435.0,-82.0,-51.0)
413       -4.9864e+01    (16.0,-435.0,-82.0,-51.0)
414       -4.9787e+01    (16.0,-435.0,-82.0,-50.0)
415       -4.9782e+01    (16.0,-435.0,-81.0,-50.0)
416       -4.9858e+01    (16.0,-435.0,-81.0,-51.0)
417       -4.9986e+01    (16.0,-434.0,-81.0,-51.0)
418       -4.9932e+01    (16.0,-434.0,-81.0,-50.0)
419       -4.9952e+01    (16.0,-434.0,-82.0,-50.0)
420       -5.0007e+01    (16.0,-434.0,-82.0,-51.0)
421       -5.0098e+01    (15.0,-434.0,-82.0,-51.0)
422       -5.0049e+01    (15.0,-434.0,-82.0,-50.0)
423       -4.9963e+01    (15.0,-435.0,-82.0,-50.0)
424       -4.9951e+01    (15.0,-435.0,-81.0,-50.0)
425       -5.0016e+01    (15.0,-435.0,-81.0,-51.0)
426       -5.0072e+01    (15.0,-434.0,-81.0,-51.0)
427       -5.0025e+01    (15.0,-434.0,-81.0,-50.0)
428       -5.0072e+01    (15.0,-434.0,-81.0,-49.0)
429       -4.9998e+01    (16.0,-434.0,-81.0,-49.0)
430       -4.9917e+01    (16.0,-435.0,-81.0,-49.0)
431       -4.9928e+01    (16.0,-435.0,-82.0,-49.0)
432       -5.0022e+01    (16.0,-434.0,-82.0,-49.0)
433       -5.0099e+01    (15.0,-434.0,-82.0,-49.0)
434       -5.0070e+01    (15.0,-435.0,-82.0,-49.0)
435       -5.0052e+01    (15.0,-435.0,-81.0,-49.0)
436       -5.0214e+01    (15.0,-435.0,-80.0,-49.0)
437       -5.0131e+01    (16.0,-435.0,-80.0,-49.0)
438       -5.0055e+01    (16.0,-435.0,-80.0,-50.0)
439       -5.0070e+01    (16.0,-434.0,-80.0,-50.0)
440       -5.0103e+01    (16.0,-434.0,-80.0,-49.0)
441       -5.0147e+01    (15.0,-434.0,-80.0,-49.0)
442       -5.0126e+01    (15.0,-434.0,-80.0,-50.0)
443       -5.0159e+01    (15.0,-435.0,-80.0,-50.0)
444       -5.0209e+01    (15.0,-435.0,-80.0,-51.0)
445       -5.0112e+01    (16.0,-435.0,-80.0,-51.0)
446       -5.0113e+01    (16.0,-434.0,-80.0,-51.0)
447       -5.0165e+01    (15.0,-434.0,-80.0,-51.0)
448       -5.0233e+01    (15.0,-433.0,-80.0,-51.0)
449       -5.0144e+01    (15.0,-433.0,-79.0,-51.0)
450       -4.9953e+01    (15.0,-432.0,-79.0,-51.0)
451       -4.9622e+01    (15.0,-432.0,-78.0,-51.0)
452       -4.9316e+01    (15.0,-431.0,-78.0,-51.0)
453       -4.8998e+01    (15.0,-431.0,-77.0,-51.0)
454       -4.8842e+01    (16.0,-431.0,-77.0,-51.0)
455       -4.8710e+01    (16.0,-431.0,-76.0,-51.0)
456       -4.8630e+01    (16.0,-431.0,-76.0,-50.0)
457       -4.8623e+01    (16.0,-430.0,-76.0,-50.0)
458       -4.8691e+01    (16.0,-430.0,-76.0,-51.0)
459       -4.8802e+01    (16.0,-430.0,-77.0,-51.0)
460       -4.8739e+01    (16.0,-430.0,-77.0,-50.0)
461       -4.8767e+01    (16.0,-431.0,-77.0,-50.0)
462       -4.8900e+01    (16.0,-431.0,-77.0,-49.0)
463       -4.8781e+01    (16.0,-431.0,-76.0,-49.0)
464       -4.8735e+01    (16.0,-430.0,-76.0,-49.0)
465       -4.8828e+01    (16.0,-430.0,-75.0,-49.0)
466       -4.8746e+01    (16.0,-430.0,-75.0,-50.0)
467       -4.8798e+01    (16.0,-431.0,-75.0,-50.0)
468       -4.8867e+01    (16.0,-431.0,-75.0,-51.0)
469       -4.8805e+01    (16.0,-430.0,-75.0,-51.0)
470       -4.8909e+01    (15.0,-430.0,-75.0,-51.0)
471       -4.8827e+01    (15.0,-430.0,-76.0,-51.0)
472       -4.8767e+01    (15.0,-430.0,-76.0,-50.0)
473       -4.8817e+01    (15.0,-431.0,-76.0,-50.0)
474       -4.8886e+01    (15.0,-431.0,-76.0,-51.0)
475       -4.9002e+01    (15.0,-431.0,-75.0,-51.0)
476       -4.8943e+01    (15.0,-431.0,-75.0,-50.0)
477       -4.8857e+01    (15.0,-430.0,-75.0,-50.0)
478       -4.8917e+01    (15.0,-430.0,-75.0,-49.0)
479       -4.8851e+01    (15.0,-430.0,-76.0,-49.0)
480       -4.8932e+01    (15.0,-431.0,-76.0,-49.0)
481       -4.9027e+01    (15.0,-431.0,-75.0,-49.0)
482       -4.8911e+01    (16.0,-431.0,-75.0,-49.0)
483       -4.9171e+01    (16.0,-431.0,-75.0,-48.0)
484       -4.9026e+01    (16.0,-430.0,-75.0,-48.0)
485       -4.8995e+01    (16.0,-430.0,-76.0,-48.0)
486       -4.9020e+01    (16.0,-429.0,-76.0,-48.0)
487       -4.8977e+01    (16.0,-429.0,-76.0,-49.0)
488       -4.8969e+01    (16.0,-429.0,-76.0,-50.0)
489       -4.8970e+01    (16.0,-429.0,-75.0,-50.0)
490       -4.8970e+01    (16.0,-429.0,-75.0,-49.0)
491       -4.8985e+01    (15.0,-429.0,-75.0,-49.0)
492       -4.8990e+01    (15.0,-429.0,-75.0,-50.0)
493       -4.8998e+01    (15.0,-429.0,-76.0,-50.0)
494       -4.8999e+01    (15.0,-429.0,-76.0,-49.0)
495       -4.9028e+01    (15.0,-429.0,-76.0,-48.0)
496       -4.9003e+01    (15.0,-429.0,-75.0,-48.0)
497       -4.8959e+01    (15.0,-428.0,-75.0,-48.0)
498       -4.8792e+01    (15.0,-428.0,-75.0,-47.0)
499       -4.8563e+01    (15.0,-427.0,-75.0,-47.0)
500       -4.8277e+01    (15.0,-427.0,-75.0,-46.0)
501       -4.8065e+01    (15.0,-427.0,-75.0,-45.0)
502       -4.7856e+01    (15.0,-426.0,-75.0,-45.0)
503       -4.7739e+01    (16.0,-426.0,-75.0,-45.0)
504       -4.7606e+01    (16.0,-426.0,-76.0,-45.0)
505       -4.7471e+01    (16.0,-426.0,-76.0,-44.0)
506       -4.7555e+01    (16.0,-426.0,-76.0,-43.0)
507       -4.7676e+01    (16.0,-426.0,-77.0,-43.0)
508       -4.7603e+01    (16.0,-426.0,-77.0,-44.0)
509       -4.7726e+01    (16.0,-426.0,-77.0,-45.0)
510       -4.7853e+01    (16.0,-425.0,-77.0,-45.0)
511       -4.7773e+01    (16.0,-425.0,-76.0,-45.0)
512       -4.7693e+01    (16.0,-425.0,-76.0,-44.0)
513       -4.7725e+01    (16.0,-425.0,-76.0,-43.0)
514       -4.7775e+01    (16.0,-425.0,-75.0,-43.0)
515       -4.7689e+01    (16.0,-426.0,-75.0,-43.0)
516       -4.7628e+01    (16.0,-426.0,-75.0,-44.0)
517       -4.7755e+01    (16.0,-425.0,-75.0,-44.0)
518       -4.7821e+01    (15.0,-425.0,-75.0,-44.0)
519       -4.7764e+01    (15.0,-426.0,-75.0,-44.0)
520       -4.7648e+01    (15.0,-426.0,-76.0,-44.0)
521       -4.7709e+01    (15.0,-426.0,-76.0,-43.0)
522       -4.7800e+01    (15.0,-425.0,-76.0,-43.0)
523       -4.7779e+01    (15.0,-425.0,-76.0,-44.0)
524       -4.7847e+01    (15.0,-425.0,-76.0,-45.0)
525       -4.7759e+01    (15.0,-426.0,-76.0,-45.0)
526       -4.7862e+01    (15.0,-426.0,-77.0,-45.0)
527       -4.7760e+01    (15.0,-426.0,-77.0,-44.0)
528       -4.7813e+01    (15.0,-426.0,-77.0,-43.0)
529       -4.7872e+01    (15.0,-425.0,-77.0,-43.0)
530       -4.7806e+01    (16.0,-425.0,-77.0,-43.0)
531       -4.7779e+01    (16.0,-425.0,-77.0,-44.0)
532       -4.7856e+01    (15.0,-425.0,-77.0,-44.0)
533       -4.7919e+01    (15.0,-425.0,-77.0,-45.0)
534       -4.8052e+01    (15.0,-425.0,-77.0,-46.0)
535       -4.7993e+01    (15.0,-425.0,-76.0,-46.0)
536       -4.7951e+01    (16.0,-425.0,-76.0,-46.0)
537       -4.7932e+01    (16.0,-426.0,-76.0,-46.0)
538       -4.7998e+01    (16.0,-426.0,-75.0,-46.0)
539       -4.7966e+01    (16.0,-425.0,-75.0,-46.0)
540       -4.7822e+01    (16.0,-425.0,-75.0,-45.0)
541       -4.7879e+01    (15.0,-425.0,-75.0,-45.0)
542       -4.7990e+01    (15.0,-425.0,-74.0,-45.0)
543       -4.7918e+01    (15.0,-424.0,-74.0,-45.0)
544       -4.7803e+01    (15.0,-424.0,-73.0,-45.0)
545       -4.7489e+01    (15.0,-423.0,-73.0,-45.0)
546       -4.7198e+01    (15.0,-423.0,-72.0,-45.0)
547       -4.6885e+01    (15.0,-422.0,-72.0,-45.0)
548       -4.6689e+01    (15.0,-422.0,-71.0,-45.0)
549       -4.6526e+01    (16.0,-422.0,-71.0,-45.0)
550       -4.6384e+01    (16.0,-422.0,-71.0,-44.0)
551       -4.6423e+01    (16.0,-422.0,-70.0,-44.0)
552       -4.6451e+01    (16.0,-421.0,-70.0,-44.0)
553       -4.6432e+01    (16.0,-421.0,-71.0,-44.0)
554       -4.6491e+01    (16.0,-421.0,-71.0,-43.0)
555       -4.6474e+01    (16.0,-422.0,-71.0,-43.0)
556       -4.6504e+01    (16.0,-422.0,-70.0,-43.0)
557       -4.6504e+01    (16.0,-421.0,-70.0,-43.0)
558       -4.6611e+01    (15.0,-421.0,-70.0,-43.0)
559       -4.6574e+01    (15.0,-421.0,-70.0,-44.0)
560       -4.6566e+01    (15.0,-421.0,-71.0,-44.0)
561       -4.6572e+01    (15.0,-422.0,-71.0,-44.0)
562       -4.6596e+01    (15.0,-422.0,-70.0,-44.0)
563       -4.6655e+01    (15.0,-422.0,-70.0,-43.0)
564       -4.6638e+01    (15.0,-422.0,-71.0,-43.0)
565       -4.6609e+01    (15.0,-421.0,-71.0,-43.0)
566       -4.6762e+01    (15.0,-421.0,-72.0,-43.0)
567       -4.6675e+01    (16.0,-421.0,-72.0,-43.0)
568       -4.6636e+01    (16.0,-421.0,-72.0,-44.0)
569       -4.6651e+01    (16.0,-422.0,-72.0,-44.0)
570       -4.6714e+01    (16.0,-422.0,-72.0,-43.0)
571       -4.6836e+01    (15.0,-422.0,-72.0,-43.0)
572       -4.6791e+01    (15.0,-422.0,-72.0,-44.0)
573       -4.6735e+01    (15.0,-421.0,-72.0,-44.0)
574       -4.6810e+01    (15.0,-421.0,-72.0,-45.0)
575       -4.6657e+01    (15.0,-421.0,-71.0,-45.0)
576       -4.6541e+01    (16.0,-421.0,-71.0,-45.0)
577       -4.6553e+01    (16.0,-421.0,-70.0,-45.0)
578       -4.6556e+01    (16.0,-422.0,-70.0,-45.0)
579       -4.6705e+01    (15.0,-422.0,-70.0,-45.0)
580       -4.6660e+01    (15.0,-421.0,-70.0,-45.0)
581       -4.6804e+01    (15.0,-421.0,-69.0,-45.0)
582       -4.6745e+01    (15.0,-421.0,-69.0,-44.0)
583       -4.6675e+01    (16.0,-421.0,-69.0,-44.0)
584       -4.6698e+01    (16.0,-421.0,-69.0,-43.0)
585       -4.6758e+01    (15.0,-421.0,-69.0,-43.0)
586       -4.6771e+01    (15.0,-420.0,-69.0,-43.0)
587       -4.6764e+01    (15.0,-420.0,-69.0,-42.0)
588       -4.6705e+01    (15.0,-419.0,-69.0,-42.0)
589       -4.6541e+01    (15.0,-419.0,-68.0,-42.0)
590       -4.6330e+01    (15.0,-418.0,-68.0,-42.0)
591       -4.6078e+01    (15.0,-418.0,-67.0,-42.0)
592       -4.5884e+01    (15.0,-417.0,-67.0,-42.0)
593       -4.5714e+01    (15.0,-417.0,-66.0,-42.0)
594       -4.5525e+01    (15.0,-417.0,-66.0,-43.0)
595       -4.5388e+01    (16.0,-417.0,-66.0,-43.0)
596       -4.5304e+01    (16.0,-417.0,-65.0,-43.0)
597       -4.5225e+01    (16.0,-417.0,-65.0,-44.0)
598       -4.5316e+01    (16.0,-417.0,-66.0,-44.0)
599       -4.5438e+01    (16.0,-417.0,-66.0,-45.0)
600       -4.5355e+01    (16.0,-417.0,-65.0,-45.0)
601       -4.5501e+01    (15.0,-417.0,-65.0,-45.0)
602       -4.5394e+01    (15.0,-417.0,-65.0,-44.0)
603       -4.5452e+01    (15.0,-417.0,-65.0,-43.0)
604       -4.5571e+01    (15.0,-416.0,-65.0,-43.0)
605       -4.5509e+01    (16.0,-416.0,-65.0,-43.0)
606       -4.5486e+01    (16.0,-416.0,-65.0,-44.0)
607       -4.5544e+01    (16.0,-416.0,-66.0,-44.0)
608       -4.5565e+01    (16.0,-416.0,-66.0,-43.0)
609       -4.5622e+01    (15.0,-416.0,-66.0,-43.0)
610       -4.5610e+01    (15.0,-416.0,-66.0,-44.0)
611       -4.5472e+01    (15.0,-417.0,-66.0,-44.0)
612       -4.5574e+01    (15.0,-417.0,-66.0,-45.0)
613       -4.5668e+01    (15.0,-416.0,-66.0,-45.0)
614       -4.5612e+01    (16.0,-416.0,-66.0,-45.0)
615       -4.5556e+01    (16.0,-416.0,-65.0,-45.0)
616       -4.5610e+01    (16.0,-416.0,-64.0,-45.0)
617       -4.5514e+01    (16.0,-417.0,-64.0,-45.0)
618       -4.5411e+01    (16.0,-417.0,-64.0,-44.0)
619       -4.5464e+01    (16.0,-417.0,-64.0,-43.0)
620       -4.5563e+01    (16.0,-416.0,-64.0,-43.0)
621       -4.5551e+01    (16.0,-416.0,-64.0,-44.0)
622       -4.5603e+01    (15.0,-416.0,-64.0,-44.0)
623       -4.5535e+01    (15.0,-417.0,-64.0,-44.0)
624       -4.5572e+01    (15.0,-417.0,-64.0,-43.0)
625       -4.5608e+01    (15.0,-416.0,-64.0,-43.0)
626       -4.5662e+01    (15.0,-416.0,-64.0,-42.0)
627       -4.5637e+01    (16.0,-416.0,-64.0,-42.0)
628       -4.5616e+01    (16.0,-416.0,-65.0,-42.0)
629       -4.5567e+01    (16.0,-417.0,-65.0,-42.0)
630       -4.5632e+01    (16.0,-417.0,-66.0,-42.0)
631       -4.5663e+01    (16.0,-416.0,-66.0,-42.0)
632       -4.5695e+01    (15.0,-416.0,-66.0,-42.0)
633       -4.5651e+01    (15.0,-416.0,-65.0,-42.0)
634       -4.5656e+01    (15.0,-417.0,-65.0,-42.0)
635       -4.5718e+01    (15.0,-417.0,-64.0,-42.0)
636       -4.5655e+01    (16.0,-417.0,-64.0,-42.0)
637       -4.5839e+01    (16.0,-418.0,-64.0,-42.0)
638       -4.5634e+01    (16.0,-418.0,-64.0,-43.0)
639       -4.5460e+01    (16.0,-418.0,-65.0,-43.0)
640       -4.5374e+01    (16.0,-418.0,-65.0,-44.0)
641       -4.5468e+01    (16.0,-418.0,-66.0,-44.0)
642       -4.5547e+01    (16.0,-418.0,-66.0,-43.0)
643       -4.5694e+01    (15.0,-418.0,-66.0,-43.0)
644       -4.5618e+01    (15.0,-418.0,-65.0,-43.0)
645       -4.5554e+01    (15.0,-418.0,-65.0,-44.0)
646       -4.5636e+01    (15.0,-418.0,-66.0,-44.0)
647       -4.5744e+01    (15.0,-418.0,-66.0,-45.0)
648       -4.5598e+01    (16.0,-418.0,-66.0,-45.0)
649       -4.5511e+01    (16.0,-418.0,-65.0,-45.0)
650       -4.5668e+01    (15.0,-418.0,-65.0,-45.0)
651       -4.5798e+01    (15.0,-418.0,-64.0,-45.0)
652       -4.5620e+01    (15.0,-417.0,-64.0,-45.0)
653       -4.5653e+01    (15.0,-416.0,-64.0,-45.0)
654       -4.5618e+01    (15.0,-416.0,-65.0,-45.0)
655       -4.5557e+01    (15.0,-416.0,-65.0,-44.0)
656       -4.5867e+01    (15.0,-415.0,-65.0,-44.0)
657       -4.5607e+01    (14.0,-415.0,-65.0,-44.0)
658       -4.5325e+01    (14.0,-414.0,-65.0,-44.0)
659       -4.4681e+01    (13.0,-414.0,-65.0,-44.0)
660       -4.4339e+01    (13.0,-413.0,-65.0,-44.0)
661       -4.4394e+01    (12.0,-413.0,-65.0,-44.0)
662       -4.4457e+01    (12.0,-412.0,-65.0,-44.0)
663       -4.4422e+01    (13.0,-412.0,-65.0,-44.0)
664       -4.4471e+01    (13.0,-412.0,-65.0,-43.0)
665       -4.4422e+01    (13.0,-413.0,-65.0,-43.0)
666       -4.4470e+01    (12.0,-413.0,-65.0,-43.0)
667       -4.4501e+01    (12.0,-412.0,-65.0,-43.0)
668       -4.4567e+01    (12.0,-412.0,-66.0,-43.0)
669       -4.4528e+01    (12.0,-412.0,-66.0,-44.0)
670       -4.4483e+01    (12.0,-413.0,-66.0,-44.0)
671       -4.4431e+01    (13.0,-413.0,-66.0,-44.0)
672       -4.4495e+01    (13.0,-412.0,-66.0,-44.0)
673       -4.4539e+01    (13.0,-412.0,-66.0,-43.0)
674       -4.4507e+01    (13.0,-413.0,-66.0,-43.0)
675       -4.4552e+01    (12.0,-413.0,-66.0,-43.0)
676       -4.4787e+01    (12.0,-413.0,-66.0,-42.0)
677       -4.4719e+01    (12.0,-412.0,-66.0,-42.0)
678       -4.4665e+01    (12.0,-412.0,-65.0,-42.0)
679       -4.4649e+01    (13.0,-412.0,-65.0,-42.0)
680       -4.4696e+01    (13.0,-413.0,-65.0,-42.0)
681       -4.4724e+01    (12.0,-413.0,-65.0,-42.0)
682       -4.4808e+01    (12.0,-413.0,-64.0,-42.0)
683       -4.4624e+01    (12.0,-413.0,-64.0,-43.0)
684       -4.4574e+01    (12.0,-413.0,-64.0,-44.0)
685       -4.4534e+01    (13.0,-413.0,-64.0,-44.0)
686       -4.4543e+01    (13.0,-412.0,-64.0,-44.0)
687       -4.4568e+01    (12.0,-412.0,-64.0,-44.0)
688       -4.4594e+01    (12.0,-412.0,-64.0,-43.0)
689       -4.4573e+01    (13.0,-412.0,-64.0,-43.0)
690       -4.4590e+01    (13.0,-413.0,-64.0,-43.0)
691       -4.4789e+01    (13.0,-413.0,-64.0,-42.0)
692       -4.4700e+01    (13.0,-412.0,-64.0,-42.0)
693       -4.4711e+01    (12.0,-412.0,-64.0,-42.0)
694       -4.4723e+01    (12.0,-411.0,-64.0,-42.0)
695       -4.4697e+01    (12.0,-411.0,-63.0,-42.0)
696       -4.4565e+01    (12.0,-410.0,-63.0,-42.0)
697       -4.4368e+01    (12.0,-410.0,-62.0,-42.0)
698       -4.4110e+01    (12.0,-409.0,-62.0,-42.0)
699       -4.3868e+01    (12.0,-409.0,-61.0,-42.0)
700       -4.3671e+01    (12.0,-409.0,-61.0,-43.0)
701       -4.3489e+01    (12.0,-409.0,-60.0,-43.0)
702       -4.3373e+01    (12.0,-408.0,-60.0,-43.0)
703       -4.3309e+01    (12.0,-408.0,-60.0,-44.0)
704       -4.3261e+01    (13.0,-408.0,-60.0,-44.0)
705       -4.3322e+01    (13.0,-408.0,-59.0,-44.0)
706       -4.3364e+01    (12.0,-408.0,-59.0,-44.0)
707       -4.3418e+01    (12.0,-408.0,-59.0,-43.0)
708       -4.3382e+01    (13.0,-408.0,-59.0,-43.0)
709       -4.3331e+01    (13.0,-408.0,-60.0,-43.0)
710       -4.3440e+01    (13.0,-409.0,-60.0,-43.0)
711       -4.3357e+01    (13.0,-409.0,-60.0,-44.0)
712       -4.3413e+01    (12.0,-409.0,-60.0,-44.0)
713       -4.3480e+01    (12.0,-409.0,-59.0,-44.0)
714       -4.3431e+01    (13.0,-409.0,-59.0,-44.0)
715       -4.3502e+01    (13.0,-409.0,-59.0,-43.0)
716       -4.3544e+01    (12.0,-409.0,-59.0,-43.0)
717       -4.3767e+01    (12.0,-409.0,-59.0,-42.0)
718       -4.3611e+01    (12.0,-408.0,-59.0,-42.0)
719       -4.3591e+01    (13.0,-408.0,-59.0,-42.0)
720       -4.3571e+01    (13.0,-408.0,-60.0,-42.0)
721       -4.3595e+01    (12.0,-408.0,-60.0,-42.0)
722       -4.3637e+01    (12.0,-407.0,-60.0,-42.0)
723       -4.3566e+01    (12.0,-407.0,-60.0,-43.0)
724       -4.3553e+01    (13.0,-407.0,-60.0,-43.0)
725       -4.3540e+01    (13.0,-407.0,-60.0,-44.0)
726       -4.3545e+01    (13.0,-407.0,-59.0,-44.0)
727       -4.3554e+01    (13.0,-407.0,-59.0,-43.0)
728       -4.3564e+01    (12.0,-407.0,-59.0,-43.0)
729       -4.3557e+01    (12.0,-407.0,-59.0,-44.0)
730       -4.3554e+01    (12.0,-407.0,-60.0,-44.0)
731       -4.3612e+01    (12.0,-407.0,-60.0,-45.0)
732       -4.3423e+01    (12.0,-408.0,-60.0,-45.0)
733       -4.3382e+01    (13.0,-408.0,-60.0,-45.0)
734       -4.3432e+01    (13.0,-408.0,-59.0,-45.0)
735       -4.3468e+01    (12.0,-408.0,-59.0,-45.0)
736       -4.3594e+01    (12.0,-409.0,-59.0,-45.0)
737       -4.3540e+01    (12.0,-409.0,-60.0,-45.0)
738       -4.3492e+01    (13.0,-409.0,-60.0,-45.0)
739       -4.3553e+01    (13.0,-409.0,-59.0,-45.0)
740       -4.3836e+01    (13.0,-409.0,-58.0,-45.0)
741       -4.3677e+01    (13.0,-408.0,-58.0,-45.0)
742       -4.3608e+01    (13.0,-408.0,-58.0,-44.0)
743       -4.3628e+01    (12.0,-408.0,-58.0,-44.0)
744       -4.3640e+01    (12.0,-407.0,-58.0,-44.0)
745       -4.3634e+01    (12.0,-407.0,-58.0,-43.0)
746       -4.3631e+01    (13.0,-407.0,-58.0,-43.0)
747       -4.3630e+01    (13.0,-408.0,-58.0,-43.0)
748       -4.3647e+01    (12.0,-408.0,-58.0,-43.0)
749       -4.3743e+01    (12.0,-408.0,-58.0,-42.0)
750       -4.3657e+01    (12.0,-407.0,-58.0,-42.0)
751       -4.3607e+01    (12.0,-406.0,-58.0,-42.0)
752       -4.3485e+01    (12.0,-406.0,-57.0,-42.0)
753       -4.3264e+01    (12.0,-405.0,-57.0,-42.0)
754       -4.3019e+01    (12.0,-405.0,-56.0,-42.0)
755       -4.2790e+01    (12.0,-404.0,-56.0,-42.0)
756       -4.2611e+01    (12.0,-404.0,-55.0,-42.0)
757       -4.2373e+01    (12.0,-404.0,-55.0,-43.0)
758       -4.2302e+01    (12.0,-404.0,-55.0,-44.0)
759       -4.2250e+01    (13.0,-404.0,-55.0,-44.0)
760       -4.2198e+01    (13.0,-404.0,-54.0,-44.0)
761       -4.2252e+01    (12.0,-404.0,-54.0,-44.0)
762       -4.2325e+01    (12.0,-404.0,-54.0,-43.0)
763       -4.2278e+01    (13.0,-404.0,-54.0,-43.0)
764       -4.2327e+01    (13.0,-404.0,-55.0,-43.0)
765       -4.2406e+01    (13.0,-403.0,-55.0,-43.0)
766       -4.2365e+01    (13.0,-403.0,-54.0,-43.0)
767       -4.2324e+01    (13.0,-403.0,-54.0,-44.0)
768       -4.2355e+01    (12.0,-403.0,-54.0,-44.0)
769       -4.2392e+01    (12.0,-403.0,-54.0,-43.0)
770       -4.2432e+01    (12.0,-403.0,-55.0,-43.0)
771       -4.2397e+01    (12.0,-403.0,-55.0,-44.0)
772       -4.2367e+01    (13.0,-403.0,-55.0,-44.0)
773       -4.2455e+01    (13.0,-403.0,-55.0,-45.0)
774       -4.2378e+01    (13.0,-404.0,-55.0,-45.0)
775       -4.2329e+01    (13.0,-404.0,-54.0,-45.0)
776       -4.2376e+01    (12.0,-404.0,-54.0,-45.0)
777       -4.2423e+01    (12.0,-404.0,-55.0,-45.0)
778       -4.2480e+01    (12.0,-403.0,-55.0,-45.0)
779       -4.2440e+01    (12.0,-403.0,-54.0,-45.0)
780       -4.2414e+01    (13.0,-403.0,-54.0,-45.0)
781       -4.2525e+01    (13.0,-403.0,-53.0,-45.0)
782       -4.2455e+01    (13.0,-403.0,-53.0,-44.0)
783       -4.2425e+01    (13.0,-404.0,-53.0,-44.0)
784       -4.2462e+01    (12.0,-404.0,-53.0,-44.0)
785       -4.2475e+01    (12.0,-403.0,-53.0,-44.0)
786       -4.2494e+01    (12.0,-403.0,-53.0,-43.0)
787       -4.2477e+01    (13.0,-403.0,-53.0,-43.0)
788       -4.2475e+01    (13.0,-404.0,-53.0,-43.0)
789       -4.2507e+01    (12.0,-404.0,-53.0,-43.0)
790       -4.2674e+01    (12.0,-404.0,-53.0,-42.0)
791       -4.2571e+01    (12.0,-404.0,-54.0,-42.0)
792       -4.2536e+01    (12.0,-403.0,-54.0,-42.0)
793       -4.2522e+01    (13.0,-403.0,-54.0,-42.0)
794       -4.2544e+01    (13.0,-404.0,-54.0,-42.0)
795       -4.2585e+01    (13.0,-404.0,-55.0,-42.0)
796       -4.2558e+01    (13.0,-403.0,-55.0,-42.0)
797       -4.2572e+01    (12.0,-403.0,-55.0,-42.0)
798       -4.2659e+01    (12.0,-402.0,-55.0,-42.0)
799       -4.2617e+01    (12.0,-402.0,-55.0,-41.0)
800       -4.2457e+01    (12.0,-401.0,-55.0,-41.0)
801       -4.2168e+01    (12.0,-401.0,-55.0,-40.0)
802       -4.1869e+01    (12.0,-400.0,-55.0,-40.0)
803       -4.1542e+01    (12.0,-400.0,-55.0,-39.0)
804       -4.1370e+01    (12.0,-400.0,-55.0,-38.0)
805       -4.1307e+01    (12.0,-399.0,-55.0,-38.0)
806       -4.1261e+01    (12.0,-399.0,-54.0,-38.0)
807       -4.1217e+01    (13.0,-399.0,-54.0,-38.0)
808       -4.1234e+01    (13.0,-399.0,-54.0,-37.0)
809       -4.1275e+01    (12.0,-399.0,-54.0,-37.0)
810       -4.1321e+01    (12.0,-399.0,-55.0,-37.0)
811       -4.1281e+01    (13.0,-399.0,-55.0,-37.0)
812       -4.1265e+01    (13.0,-399.0,-55.0,-38.0)
813       -4.1317e+01    (13.0,-400.0,-55.0,-38.0)
814       -4.1265e+01    (13.0,-400.0,-54.0,-38.0)
815       -4.1289e+01    (13.0,-400.0,-54.0,-37.0)
816       -4.1340e+01    (13.0,-400.0,-55.0,-37.0)
817       -4.1390e+01    (12.0,-400.0,-55.0,-37.0)
818       -4.1341e+01    (12.0,-400.0,-54.0,-37.0)
819       -4.1319e+01    (12.0,-400.0,-54.0,-38.0)
820       -4.1496e+01    (12.0,-400.0,-54.0,-39.0)
821       -4.1410e+01    (12.0,-399.0,-54.0,-39.0)
822       -4.1376e+01    (13.0,-399.0,-54.0,-39.0)
823       -4.1420e+01    (13.0,-399.0,-55.0,-39.0)
824       -4.1453e+01    (12.0,-399.0,-55.0,-39.0)
825       -4.1613e+01    (12.0,-398.0,-55.0,-39.0)
826       -4.1555e+01    (12.0,-398.0,-55.0,-38.0)
827       -4.1522e+01    (12.0,-398.0,-54.0,-38.0)
828       -4.1513e+01    (13.0,-398.0,-54.0,-38.0)
829       -4.1505e+01    (13.0,-398.0,-54.0,-37.0)
830       -4.1513e+01    (12.0,-398.0,-54.0,-37.0)
831       -4.1544e+01    (12.0,-398.0,-53.0,-37.0)
832       -4.1435e+01    (12.0,-399.0,-53.0,-37.0)
833       -4.1408e+01    (13.0,-399.0,-53.0,-37.0)
834       -4.1401e+01    (13.0,-399.0,-53.0,-38.0)
835       -4.1430e+01    (12.0,-399.0,-53.0,-38.0)
836       -4.1531e+01    (12.0,-400.0,-53.0,-38.0)
837       -4.1494e+01    (13.0,-400.0,-53.0,-38.0)
838       -4.1506e+01    (13.0,-400.0,-53.0,-37.0)
839       -4.1540e+01    (12.0,-400.0,-53.0,-37.0)
840       -4.1682e+01    (12.0,-400.0,-53.0,-36.0)
841       -4.1549e+01    (12.0,-399.0,-53.0,-36.0)
842       -4.1445e+01    (12.0,-399.0,-54.0,-36.0)
843       -4.1418e+01    (13.0,-399.0,-54.0,-36.0)
844       -4.1459e+01    (13.0,-399.0,-55.0,-36.0)
845       -4.1485e+01    (12.0,-399.0,-55.0,-36.0)
846       -4.1584e+01    (12.0,-398.0,-55.0,-36.0)
847       -4.1546e+01    (12.0,-398.0,-55.0,-37.0)
848       -4.1538e+01    (13.0,-398.0,-55.0,-37.0)
849       -4.1546e+01    (13.0,-398.0,-55.0,-38.0)
850       -4.1607e+01    (13.0,-398.0,-55.0,-39.0)
851       -4.1575e+01    (13.0,-398.0,-54.0,-39.0)
852       -4.1581e+01    (12.0,-398.0,-54.0,-39.0)
853       -4.1603e+01    (12.0,-398.0,-53.0,-39.0)
854       -4.1541e+01    (12.0,-399.0,-53.0,-39.0)
855       -4.1519e+01    (13.0,-399.0,-53.0,-39.0)
856       -4.1600e+01    (13.0,-398.0,-53.0,-39.0)
857       -4.1551e+01    (13.0,-398.0,-53.0,-38.0)
858       -4.1540e+01    (13.0,-398.0,-53.0,-37.0)
859       -4.1566e+01    (13.0,-398.0,-53.0,-36.0)
860       -4.1532e+01    (13.0,-399.0,-53.0,-36.0)
861       -4.1660e+01    (13.0,-400.0,-53.0,-36.0)
862       -4.1516e+01    (13.0,-400.0,-54.0,-36.0)
863       -4.1550e+01    (12.0,-400.0,-54.0,-36.0)
864       -4.1593e+01    (12.0,-400.0,-55.0,-36.0)
865       -4.1560e+01    (13.0,-400.0,-55.0,-36.0)
866       -4.1787e+01    (13.0,-400.0,-56.0,-36.0)
867       -4.1651e+01    (13.0,-399.0,-56.0,-36.0)
868       -4.1542e+01    (13.0,-399.0,-56.0,-37.0)
869       -4.1539e+01    (13.0,-399.0,-56.0,-38.0)
870       -4.1564e+01    (12.0,-399.0,-56.0,-38.0)
871       -4.1566e+01    (12.0,-399.0,-56.0,-37.0)
872       -4.1641e+01    (12.0,-398.0,-56.0,-37.0)
873       -4.1638e+01    (13.0,-398.0,-56.0,-37.0)
874       -4.1650e+01    (13.0,-398.0,-56.0,-38.0)
875       -4.1653e+01    (12.0,-398.0,-56.0,-38.0)
876       -4.1698e+01    (12.0,-398.0,-56.0,-39.0)
877       -4.1665e+01    (12.0,-399.0,-56.0,-39.0)
878       -4.1646e+01    (13.0,-399.0,-56.0,-39.0)
879       -4.1696e+01    (13.0,-398.0,-56.0,-39.0)
880       -4.1770e+01    (13.0,-398.0,-56.0,-40.0)
881       -4.1711e+01    (13.0,-398.0,-55.0,-40.0)
882       -4.1681e+01    (13.0,-398.0,-54.0,-40.0)
883       -4.1676e+01    (13.0,-399.0,-54.0,-40.0)
884       -4.1691e+01    (12.0,-399.0,-54.0,-40.0)
885       -4.1681e+01    (12.0,-398.0,-54.0,-40.0)
886       -4.1679e+01    (12.0,-398.0,-53.0,-40.0)
887       -4.1643e+01    (12.0,-397.0,-53.0,-40.0)
888       -4.1535e+01    (11.0,-397.0,-53.0,-40.0)
889       -4.1338e+01    (11.0,-396.0,-53.0,-40.0)
890       -4.1116e+01    (10.0,-396.0,-53.0,-40.0)
891       -4.0892e+01    (10.0,-396.0,-53.0,-39.0)
892       -4.0676e+01    (10.0,-395.0,-53.0,-39.0)
893       -4.0520e+01    (10.0,-395.0,-54.0,-39.0)
894       -4.0350e+01    (10.0,-395.0,-54.0,-38.0)
895       -4.0279e+01    (9.0,-395.0,-54.0,-38.0)
896       -4.0302e+01    (9.0,-395.0,-54.0,-37.0)
897       -4.0352e+01    (9.0,-395.0,-55.0,-37.0)
898       -4.0331e+01    (9.0,-395.0,-55.0,-38.0)
899       -4.0400e+01    (10.0,-395.0,-55.0,-38.0)
900       -4.0418e+01    (10.0,-395.0,-55.0,-37.0)
901       -4.0370e+01    (10.0,-395.0,-54.0,-37.0)
902       -4.0492e+01    (10.0,-394.0,-54.0,-37.0)
903       -4.0452e+01    (9.0,-394.0,-54.0,-37.0)
904       -4.0448e+01    (9.0,-394.0,-54.0,-38.0)
905       -4.0489e+01    (9.0,-394.0,-55.0,-38.0)
906       -4.0493e+01    (9.0,-394.0,-55.0,-37.0)
907       -4.0532e+01    (10.0,-394.0,-55.0,-37.0)
908       -4.0529e+01    (10.0,-394.0,-55.0,-38.0)
909       -4.0490e+01    (10.0,-394.0,-54.0,-38.0)
910       -4.0591e+01    (10.0,-394.0,-53.0,-38.0)
911       -4.0551e+01    (10.0,-395.0,-53.0,-38.0)
912       -4.0499e+01    (9.0,-395.0,-53.0,-38.0)
913       -4.0510e+01    (9.0,-395.0,-53.0,-37.0)
914       -4.0558e+01    (9.0,-394.0,-53.0,-37.0)
915       -4.0560e+01    (9.0,-394.0,-53.0,-38.0)
916       -4.0644e+01    (9.0,-394.0,-53.0,-39.0)
917       -4.0559e+01    (9.0,-394.0,-54.0,-39.0)
918       -4.0462e+01    (9.0,-395.0,-54.0,-39.0)
919       -4.0508e+01    (9.0,-395.0,-55.0,-39.0)
920       -4.0565e+01    (10.0,-395.0,-55.0,-39.0)
921       -4.0631e+01    (10.0,-394.0,-55.0,-39.0)
922       -4.0594e+01    (10.0,-394.0,-54.0,-39.0)
923       -4.0670e+01    (10.0,-394.0,-53.0,-39.0)
924       -4.0783e+01    (10.0,-393.0,-53.0,-39.0)
925       -4.0710e+01    (10.0,-393.0,-52.0,-39.0)
926       -4.0585e+01    (10.0,-392.0,-52.0,-39.0)
927       -4.0277e+01    (10.0,-392.0,-51.0,-39.0)
928       -4.0016e+01    (10.0,-391.0,-51.0,-39.0)
929       -3.9697e+01    (10.0,-391.0,-50.0,-39.0)
930       -3.9544e+01    (10.0,-391.0,-50.0,-38.0)
931       -3.9377e+01    (10.0,-391.0,-49.0,-38.0)
932       -3.9301e+01    (9.0,-391.0,-49.0,-38.0)
933       -3.9311e+01    (9.0,-390.0,-49.0,-38.0)
934       -3.9327e+01    (9.0,-390.0,-49.0,-37.0)
935       -3.9327e+01    (9.0,-391.0,-49.0,-37.0)
936       -3.9400e+01    (10.0,-391.0,-49.0,-37.0)
937       -3.9384e+01    (10.0,-390.0,-49.0,-37.0)
938       -3.9371e+01    (10.0,-390.0,-49.0,-38.0)
939       -3.9445e+01    (10.0,-390.0,-48.0,-38.0)
940       -3.9393e+01    (9.0,-390.0,-48.0,-38.0)
941       -3.9404e+01    (9.0,-390.0,-48.0,-37.0)
942       -3.9434e+01    (9.0,-391.0,-48.0,-37.0)
943       -3.9415e+01    (9.0,-391.0,-48.0,-38.0)
944       -3.9480e+01    (10.0,-391.0,-48.0,-38.0)
945       -3.9496e+01    (10.0,-391.0,-48.0,-37.0)
946       -3.9453e+01    (10.0,-390.0,-48.0,-37.0)
947       -3.9588e+01    (10.0,-390.0,-48.0,-36.0)
948       -3.9547e+01    (10.0,-390.0,-49.0,-36.0)
949       -3.9505e+01    (9.0,-390.0,-49.0,-36.0)
950       -3.9552e+01    (9.0,-390.0,-48.0,-36.0)
951       -3.9631e+01    (9.0,-391.0,-48.0,-36.0)
952       -3.9563e+01    (9.0,-391.0,-49.0,-36.0)
953       -3.9616e+01    (10.0,-391.0,-49.0,-36.0)
954       -3.9676e+01    (10.0,-391.0,-48.0,-36.0)
955       -3.9890e+01    (10.0,-391.0,-47.0,-36.0)
956       -3.9747e+01    (10.0,-390.0,-47.0,-36.0)
957       -3.9690e+01    (10.0,-390.0,-47.0,-37.0)
958       -3.9663e+01    (9.0,-390.0,-47.0,-37.0)
959       -3.9667e+01    (9.0,-390.0,-47.0,-38.0)
960       -3.9695e+01    (10.0,-390.0,-47.0,-38.0)
961       -3.9708e+01    (10.0,-389.0,-47.0,-38.0)
962       -3.9670e+01    (10.0,-389.0,-48.0,-38.0)
963       -3.9655e+01    (9.0,-389.0,-48.0,-38.0)
964       -3.9642e+01    (9.0,-389.0,-48.0,-37.0)
965       -3.9644e+01    (9.0,-389.0,-49.0,-37.0)
966       -3.9655e+01    (9.0,-389.0,-49.0,-38.0)
967       -3.9672e+01    (10.0,-389.0,-49.0,-38.0)
968       -3.9660e+01    (10.0,-389.0,-49.0,-37.0)
969       -3.9657e+01    (10.0,-389.0,-48.0,-37.0)
970       -3.9673e+01    (10.0,-389.0,-48.0,-36.0)
971       -3.9662e+01    (9.0,-389.0,-48.0,-36.0)
972       -3.9670e+01    (9.0,-389.0,-49.0,-36.0)
973       -3.9683e+01    (10.0,-389.0,-49.0,-36.0)
974       -3.9724e+01    (10.0,-389.0,-50.0,-36.0)
975       -3.9644e+01    (10.0,-390.0,-50.0,-36.0)
976       -3.9513e+01    (10.0,-390.0,-50.0,-37.0)
977       -3.9464e+01    (9.0,-390.0,-50.0,-37.0)
978       -3.9455e+01    (9.0,-390.0,-50.0,-38.0)
979       -3.9480e+01    (9.0,-391.0,-50.0,-38.0)
980       -3.9498e+01    (9.0,-391.0,-50.0,-37.0)
981       -3.9559e+01    (10.0,-391.0,-50.0,-37.0)
982       -3.9735e+01    (10.0,-391.0,-50.0,-36.0)
983       -3.9691e+01    (9.0,-391.0,-50.0,-36.0)
984       -3.9609e+01    (9.0,-390.0,-50.0,-36.0)
985       -3.9713e+01    (9.0,-389.0,-50.0,-36.0)
986       -3.9694e+01    (9.0,-389.0,-50.0,-37.0)
987       -3.9706e+01    (9.0,-389.0,-50.0,-38.0)
988       -3.9721e+01    (10.0,-389.0,-50.0,-38.0)
989       -3.9505e+01    (10.0,-390.0,-50.0,-38.0)
990       -3.9628e+01    (10.0,-390.0,-50.0,-39.0)
991       -3.9515e+01    (10.0,-390.0,-49.0,-39.0)
992       -3.9466e+01    (9.0,-390.0,-49.0,-39.0)
993       -3.9496e+01    (9.0,-391.0,-49.0,-39.0)
994       -3.9558e+01    (10.0,-391.0,-49.0,-39.0)
995       -3.9636e+01    (10.0,-391.0,-48.0,-39.0)
996       -3.9570e+01    (10.0,-390.0,-48.0,-39.0)
997       -3.9528e+01    (9.0,-390.0,-48.0,-39.0)
998       -3.9583e+01    (9.0,-391.0,-48.0,-39.0)
999       -3.9870e+01    (9.0,-391.0,-47.0,-39.0)
