# run = 10
ltot         F            S   
0         -1.1449e+02    (-429.0,26.0,-430.0,291.0)
1         -1.1429e+02    (-429.0,26.0,-429.0,291.0)
2         -1.1410e+02    (-429.0,26.0,-429.0,290.0)
3         -1.1379e+02    (-430.0,26.0,-429.0,290.0)
4         -1.1356e+02    (-430.0,26.0,-429.0,289.0)
5         -1.1351e+02    (-430.0,26.0,-429.0,288.0)
6         -1.1347e+02    (-430.0,27.0,-429.0,288.0)
7         -1.1351e+02    (-430.0,27.0,-429.0,289.0)
8         -1.1362e+02    (-430.0,27.0,-430.0,289.0)
9         -1.1359e+02    (-430.0,27.0,-430.0,288.0)
10        -1.1364e+02    (-430.0,26.0,-430.0,288.0)
11        -1.1368e+02    (-430.0,26.0,-430.0,289.0)
12        -1.1392e+02    (-430.0,26.0,-430.0,290.0)
13        -1.1387e+02    (-430.0,27.0,-430.0,290.0)
14        -1.1375e+02    (-430.0,27.0,-429.0,290.0)
15        -1.1386e+02    (-430.0,27.0,-428.0,290.0)
16        -1.1366e+02    (-430.0,27.0,-428.0,289.0)
17        -1.1357e+02    (-430.0,27.0,-428.0,288.0)
18        -1.1357e+02    (-430.0,27.0,-428.0,287.0)
19        -1.1354e+02    (-429.0,27.0,-428.0,287.0)
20        -1.1337e+02    (-429.0,27.0,-427.0,287.0)
21        -1.1312e+02    (-428.0,27.0,-427.0,287.0)
22        -1.1271e+02    (-428.0,27.0,-426.0,287.0)
23        -1.1237e+02    (-428.0,27.0,-425.0,287.0)
24        -1.1204e+02    (-427.0,27.0,-425.0,287.0)
25        -1.1182e+02    (-427.0,27.0,-424.0,287.0)
26        -1.1165e+02    (-427.0,27.0,-424.0,288.0)
27        -1.1168e+02    (-427.0,27.0,-423.0,288.0)
28        -1.1171e+02    (-427.0,26.0,-423.0,288.0)
29        -1.1170e+02    (-427.0,26.0,-424.0,288.0)
30        -1.1174e+02    (-427.0,26.0,-424.0,289.0)
31        -1.1168e+02    (-427.0,27.0,-424.0,289.0)
32        -1.1174e+02    (-427.0,27.0,-423.0,289.0)
33        -1.1178e+02    (-427.0,26.0,-423.0,289.0)
34        -1.1196e+02    (-426.0,26.0,-423.0,289.0)
35        -1.1184e+02    (-426.0,26.0,-423.0,288.0)
36        -1.1175e+02    (-426.0,26.0,-422.0,288.0)
37        -1.1163e+02    (-426.0,26.0,-422.0,287.0)
38        -1.1149e+02    (-425.0,26.0,-422.0,287.0)
39        -1.1111e+02    (-425.0,26.0,-421.0,287.0)
40        -1.1077e+02    (-425.0,26.0,-420.0,287.0)
41        -1.1041e+02    (-424.0,26.0,-420.0,287.0)
42        -1.1013e+02    (-424.0,26.0,-419.0,287.0)
43        -1.0997e+02    (-424.0,26.0,-419.0,288.0)
44        -1.0988e+02    (-424.0,26.0,-418.0,288.0)
45        -1.0984e+02    (-424.0,27.0,-418.0,288.0)
46        -1.0988e+02    (-424.0,27.0,-418.0,289.0)
47        -1.0993e+02    (-424.0,26.0,-418.0,289.0)
48        -1.1000e+02    (-424.0,26.0,-419.0,289.0)
49        -1.0993e+02    (-424.0,27.0,-419.0,289.0)
50        -1.0991e+02    (-424.0,27.0,-419.0,288.0)
51        -1.1010e+02    (-424.0,27.0,-419.0,287.0)
52        -1.0997e+02    (-424.0,27.0,-418.0,287.0)
53        -1.0998e+02    (-424.0,27.0,-417.0,287.0)
54        -1.0989e+02    (-423.0,27.0,-417.0,287.0)
55        -1.0981e+02    (-423.0,27.0,-416.0,287.0)
56        -1.0952e+02    (-422.0,27.0,-416.0,287.0)
57        -1.0917e+02    (-422.0,27.0,-415.0,287.0)
58        -1.0880e+02    (-421.0,27.0,-415.0,287.0)
59        -1.0844e+02    (-421.0,27.0,-414.0,287.0)
60        -1.0824e+02    (-421.0,27.0,-413.0,287.0)
61        -1.0807e+02    (-421.0,27.0,-413.0,288.0)
62        -1.0809e+02    (-421.0,27.0,-413.0,289.0)
63        -1.0815e+02    (-421.0,26.0,-413.0,289.0)
64        -1.0812e+02    (-421.0,26.0,-413.0,288.0)
65        -1.0816e+02    (-421.0,26.0,-412.0,288.0)
66        -1.0813e+02    (-421.0,27.0,-412.0,288.0)
67        -1.0816e+02    (-420.0,27.0,-412.0,288.0)
68        -1.0813e+02    (-420.0,27.0,-412.0,287.0)
69        -1.0808e+02    (-420.0,27.0,-411.0,287.0)
70        -1.0792e+02    (-419.0,27.0,-411.0,287.0)
71        -1.0760e+02    (-419.0,27.0,-410.0,287.0)
72        -1.0725e+02    (-418.0,27.0,-410.0,287.0)
73        -1.0684e+02    (-418.0,27.0,-409.0,287.0)
74        -1.0657e+02    (-418.0,27.0,-408.0,287.0)
75        -1.0638e+02    (-418.0,27.0,-408.0,288.0)
76        -1.0634e+02    (-418.0,27.0,-407.0,288.0)
77        -1.0635e+02    (-417.0,27.0,-407.0,288.0)
78        -1.0637e+02    (-417.0,26.0,-407.0,288.0)
79        -1.0638e+02    (-418.0,26.0,-407.0,288.0)
80        -1.0643e+02    (-418.0,26.0,-407.0,289.0)
81        -1.0639e+02    (-418.0,27.0,-407.0,289.0)
82        -1.0640e+02    (-418.0,27.0,-408.0,289.0)
83        -1.0647e+02    (-418.0,26.0,-408.0,289.0)
84        -1.0644e+02    (-418.0,26.0,-408.0,288.0)
85        -1.0647e+02    (-417.0,26.0,-408.0,288.0)
86        -1.0644e+02    (-417.0,27.0,-408.0,288.0)
87        -1.0650e+02    (-417.0,27.0,-408.0,289.0)
88        -1.0642e+02    (-417.0,27.0,-407.0,289.0)
89        -1.0645e+02    (-417.0,26.0,-407.0,289.0)
90        -1.0652e+02    (-417.0,26.0,-406.0,289.0)
91        -1.0640e+02    (-417.0,26.0,-406.0,288.0)
92        -1.0633e+02    (-417.0,26.0,-406.0,287.0)
93        -1.0628e+02    (-416.0,26.0,-406.0,287.0)
94        -1.0600e+02    (-416.0,26.0,-405.0,287.0)
95        -1.0572e+02    (-415.0,26.0,-405.0,287.0)
96        -1.0530e+02    (-415.0,26.0,-404.0,287.0)
97        -1.0498e+02    (-415.0,26.0,-403.0,287.0)
98        -1.0480e+02    (-415.0,26.0,-402.0,287.0)
99        -1.0467e+02    (-414.0,26.0,-402.0,287.0)
100       -1.0460e+02    (-414.0,26.0,-402.0,288.0)
101       -1.0456e+02    (-414.0,27.0,-402.0,288.0)
102       -1.0459e+02    (-414.0,27.0,-401.0,288.0)
103       -1.0460e+02    (-414.0,27.0,-401.0,287.0)
104       -1.0460e+02    (-414.0,26.0,-401.0,287.0)
105       -1.0460e+02    (-414.0,26.0,-400.0,287.0)
106       -1.0441e+02    (-413.0,26.0,-400.0,287.0)
107       -1.0417e+02    (-413.0,26.0,-399.0,287.0)
108       -1.0378e+02    (-412.0,26.0,-399.0,287.0)
109       -1.0341e+02    (-412.0,26.0,-398.0,287.0)
110       -1.0318e+02    (-412.0,26.0,-397.0,287.0)
111       -1.0299e+02    (-411.0,26.0,-397.0,287.0)
112       -1.0288e+02    (-411.0,26.0,-397.0,288.0)
113       -1.0283e+02    (-411.0,26.0,-396.0,288.0)
114       -1.0280e+02    (-411.0,27.0,-396.0,288.0)
115       -1.0284e+02    (-411.0,27.0,-397.0,288.0)
116       -1.0287e+02    (-411.0,27.0,-397.0,289.0)
117       -1.0287e+02    (-411.0,27.0,-396.0,289.0)
118       -1.0290e+02    (-411.0,26.0,-396.0,289.0)
119       -1.0293e+02    (-411.0,26.0,-397.0,289.0)
120       -1.0309e+02    (-412.0,26.0,-397.0,289.0)
121       -1.0303e+02    (-412.0,27.0,-397.0,289.0)
122       -1.0300e+02    (-412.0,27.0,-397.0,288.0)
123       -1.0298e+02    (-412.0,27.0,-396.0,288.0)
124       -1.0301e+02    (-412.0,26.0,-396.0,288.0)
125       -1.0305e+02    (-412.0,26.0,-397.0,288.0)
126       -1.0331e+02    (-412.0,26.0,-398.0,288.0)
127       -1.0314e+02    (-411.0,26.0,-398.0,288.0)
128       -1.0310e+02    (-411.0,27.0,-398.0,288.0)
129       -1.0315e+02    (-411.0,27.0,-398.0,289.0)
130       -1.0319e+02    (-411.0,26.0,-398.0,289.0)
131       -1.0336e+02    (-412.0,26.0,-398.0,289.0)
132       -1.0331e+02    (-412.0,27.0,-398.0,289.0)
133       -1.0327e+02    (-412.0,27.0,-398.0,288.0)
134       -1.0340e+02    (-412.0,27.0,-398.0,287.0)
135       -1.0315e+02    (-412.0,27.0,-397.0,287.0)
136       -1.0297e+02    (-411.0,27.0,-397.0,287.0)
137       -1.0288e+02    (-411.0,27.0,-396.0,287.0)
138       -1.0289e+02    (-411.0,27.0,-395.0,287.0)
139       -1.0280e+02    (-410.0,27.0,-395.0,287.0)
140       -1.0261e+02    (-410.0,27.0,-394.0,287.0)
141       -1.0228e+02    (-409.0,27.0,-394.0,287.0)
142       -1.0188e+02    (-409.0,27.0,-393.0,287.0)
143       -1.0159e+02    (-409.0,27.0,-392.0,287.0)
144       -1.0134e+02    (-408.0,27.0,-392.0,287.0)
145       -1.0118e+02    (-408.0,27.0,-392.0,288.0)
146       -1.0106e+02    (-408.0,27.0,-391.0,288.0)
147       -1.0110e+02    (-408.0,27.0,-391.0,289.0)
148       -1.0115e+02    (-408.0,26.0,-391.0,289.0)
149       -1.0110e+02    (-408.0,26.0,-391.0,288.0)
150       -1.0118e+02    (-408.0,26.0,-390.0,288.0)
151       -1.0116e+02    (-408.0,27.0,-390.0,288.0)
152       -1.0117e+02    (-408.0,27.0,-390.0,287.0)
153       -1.0117e+02    (-407.0,27.0,-390.0,287.0)
154       -1.0102e+02    (-407.0,27.0,-389.0,287.0)
155       -1.0080e+02    (-406.0,27.0,-389.0,287.0)
156       -1.0040e+02    (-406.0,27.0,-388.0,287.0)
157       -1.0007e+02    (-406.0,27.0,-387.0,287.0)
158       -9.9763e+01    (-405.0,27.0,-387.0,287.0)
159       -9.9544e+01    (-405.0,27.0,-386.0,287.0)
160       -9.9373e+01    (-405.0,27.0,-386.0,288.0)
161       -9.9397e+01    (-405.0,27.0,-385.0,288.0)
162       -9.9430e+01    (-405.0,26.0,-385.0,288.0)
163       -9.9423e+01    (-405.0,26.0,-386.0,288.0)
164       -9.9459e+01    (-405.0,26.0,-386.0,289.0)
165       -9.9399e+01    (-405.0,27.0,-386.0,289.0)
166       -9.9455e+01    (-405.0,27.0,-385.0,289.0)
167       -9.9495e+01    (-405.0,26.0,-385.0,289.0)
168       -9.9711e+01    (-405.0,26.0,-385.0,290.0)
169       -9.9677e+01    (-405.0,27.0,-385.0,290.0)
170       -9.9650e+01    (-405.0,27.0,-386.0,290.0)
171       -9.9701e+01    (-405.0,26.0,-386.0,290.0)
172       -9.9935e+01    (-405.0,26.0,-387.0,290.0)
173       -9.9697e+01    (-405.0,26.0,-387.0,289.0)
174       -9.9642e+01    (-405.0,27.0,-387.0,289.0)
175       -9.9609e+01    (-405.0,27.0,-387.0,288.0)
176       -9.9656e+01    (-405.0,26.0,-387.0,288.0)
177       -9.9786e+01    (-405.0,26.0,-387.0,287.0)
178       -9.9569e+01    (-405.0,26.0,-386.0,287.0)
179       -9.9497e+01    (-405.0,26.0,-385.0,287.0)
180       -9.9482e+01    (-405.0,27.0,-385.0,287.0)
181       -9.9524e+01    (-404.0,27.0,-385.0,287.0)
182       -9.9409e+01    (-404.0,27.0,-384.0,287.0)
183       -9.9296e+01    (-404.0,27.0,-384.0,286.0)
184       -9.9105e+01    (-403.0,27.0,-384.0,286.0)
185       -9.8893e+01    (-403.0,27.0,-383.0,286.0)
186       -9.8685e+01    (-402.0,27.0,-383.0,286.0)
187       -9.8469e+01    (-402.0,27.0,-382.0,286.0)
188       -9.8247e+01    (-402.0,27.0,-382.0,287.0)
189       -9.7957e+01    (-402.0,27.0,-381.0,287.0)
190       -9.7772e+01    (-402.0,27.0,-381.0,288.0)
191       -9.7690e+01    (-402.0,27.0,-380.0,288.0)
192       -9.7727e+01    (-402.0,27.0,-380.0,289.0)
193       -9.7780e+01    (-402.0,26.0,-380.0,289.0)
194       -9.7735e+01    (-402.0,26.0,-380.0,288.0)
195       -9.7825e+01    (-402.0,26.0,-381.0,288.0)
196       -9.7855e+01    (-402.0,26.0,-381.0,289.0)
197       -9.7792e+01    (-402.0,27.0,-381.0,289.0)
198       -9.8049e+01    (-402.0,27.0,-381.0,290.0)
199       -9.7969e+01    (-402.0,27.0,-380.0,290.0)
200       -9.8014e+01    (-402.0,26.0,-380.0,290.0)
201       -9.8103e+01    (-402.0,26.0,-381.0,290.0)
202       -9.8344e+01    (-401.0,26.0,-381.0,290.0)
203       -9.8154e+01    (-401.0,26.0,-381.0,289.0)
204       -9.8014e+01    (-401.0,26.0,-380.0,289.0)
205       -9.7913e+01    (-401.0,26.0,-380.0,288.0)
206       -9.7862e+01    (-401.0,26.0,-379.0,288.0)
207       -9.7778e+01    (-401.0,26.0,-379.0,287.0)
208       -9.7703e+01    (-401.0,26.0,-378.0,287.0)
209       -9.7457e+01    (-400.0,26.0,-378.0,287.0)
210       -9.7137e+01    (-400.0,26.0,-377.0,287.0)
211       -9.6796e+01    (-399.0,26.0,-377.0,287.0)
212       -9.6456e+01    (-399.0,26.0,-376.0,287.0)
213       -9.6261e+01    (-399.0,26.0,-375.0,287.0)
214       -9.6110e+01    (-399.0,26.0,-375.0,288.0)
215       -9.6058e+01    (-399.0,27.0,-375.0,288.0)
216       -9.6082e+01    (-399.0,27.0,-375.0,289.0)
217       -9.6143e+01    (-399.0,26.0,-375.0,289.0)
218       -9.6223e+01    (-399.0,26.0,-374.0,289.0)
219       -9.6155e+01    (-399.0,26.0,-374.0,288.0)
220       -9.6124e+01    (-399.0,27.0,-374.0,288.0)
221       -9.6175e+01    (-398.0,27.0,-374.0,288.0)
222       -9.6154e+01    (-398.0,27.0,-374.0,287.0)
223       -9.6114e+01    (-398.0,27.0,-373.0,287.0)
224       -9.5990e+01    (-397.0,27.0,-373.0,287.0)
225       -9.5688e+01    (-397.0,27.0,-372.0,287.0)
226       -9.5365e+01    (-396.0,27.0,-372.0,287.0)
227       -9.4961e+01    (-396.0,27.0,-371.0,287.0)
228       -9.4696e+01    (-396.0,27.0,-370.0,287.0)
229       -9.4512e+01    (-396.0,27.0,-370.0,288.0)
230       -9.4467e+01    (-396.0,27.0,-369.0,288.0)
231       -9.4495e+01    (-395.0,27.0,-369.0,288.0)
232       -9.4519e+01    (-395.0,26.0,-369.0,288.0)
233       -9.4509e+01    (-396.0,26.0,-369.0,288.0)
234       -9.4558e+01    (-396.0,26.0,-369.0,289.0)
235       -9.4508e+01    (-396.0,27.0,-369.0,289.0)
236       -9.4533e+01    (-396.0,27.0,-370.0,289.0)
237       -9.4596e+01    (-396.0,26.0,-370.0,289.0)
238       -9.4565e+01    (-396.0,26.0,-370.0,288.0)
239       -9.4617e+01    (-395.0,26.0,-370.0,288.0)
240       -9.4585e+01    (-395.0,27.0,-370.0,288.0)
241       -9.4646e+01    (-395.0,27.0,-370.0,289.0)
242       -9.4570e+01    (-395.0,27.0,-369.0,289.0)
243       -9.4599e+01    (-395.0,26.0,-369.0,289.0)
244       -9.4675e+01    (-395.0,26.0,-368.0,289.0)
245       -9.4561e+01    (-395.0,26.0,-368.0,288.0)
246       -9.4499e+01    (-395.0,26.0,-368.0,287.0)
247       -9.4467e+01    (-395.0,26.0,-368.0,286.0)
248       -9.4288e+01    (-394.0,26.0,-368.0,286.0)
249       -9.4097e+01    (-394.0,26.0,-367.0,286.0)
250       -9.3894e+01    (-393.0,26.0,-367.0,286.0)
251       -9.3686e+01    (-393.0,26.0,-366.0,286.0)
252       -9.3489e+01    (-393.0,26.0,-365.0,286.0)
253       -9.3242e+01    (-393.0,26.0,-365.0,287.0)
254       -9.3070e+01    (-393.0,26.0,-364.0,287.0)
255       -9.2938e+01    (-393.0,26.0,-364.0,288.0)
256       -9.2881e+01    (-392.0,26.0,-364.0,288.0)
257       -9.2846e+01    (-392.0,27.0,-364.0,288.0)
258       -9.2879e+01    (-392.0,27.0,-363.0,288.0)
259       -9.2891e+01    (-392.0,27.0,-363.0,287.0)
260       -9.2897e+01    (-392.0,26.0,-363.0,287.0)
261       -9.2897e+01    (-392.0,26.0,-363.0,288.0)
262       -9.2987e+01    (-392.0,26.0,-363.0,289.0)
263       -9.2942e+01    (-392.0,26.0,-364.0,289.0)
264       -9.2900e+01    (-392.0,27.0,-364.0,289.0)
265       -9.2922e+01    (-393.0,27.0,-364.0,289.0)
266       -9.2891e+01    (-393.0,27.0,-364.0,288.0)
267       -9.2976e+01    (-393.0,27.0,-363.0,288.0)
268       -9.3002e+01    (-393.0,26.0,-363.0,288.0)
269       -9.3038e+01    (-393.0,26.0,-363.0,287.0)
270       -9.3027e+01    (-393.0,27.0,-363.0,287.0)
271       -9.3047e+01    (-393.0,27.0,-364.0,287.0)
272       -9.2943e+01    (-392.0,27.0,-364.0,287.0)
273       -9.2959e+01    (-392.0,26.0,-364.0,287.0)
274       -9.3121e+01    (-392.0,26.0,-364.0,286.0)
275       -9.2952e+01    (-392.0,26.0,-363.0,286.0)
276       -9.2784e+01    (-391.0,26.0,-363.0,286.0)
277       -9.2600e+01    (-391.0,26.0,-362.0,286.0)
278       -9.2408e+01    (-390.0,26.0,-362.0,286.0)
279       -9.2201e+01    (-390.0,26.0,-361.0,286.0)
280       -9.2002e+01    (-390.0,26.0,-360.0,286.0)
281       -9.1810e+01    (-389.0,26.0,-360.0,286.0)
282       -9.1625e+01    (-389.0,26.0,-359.0,286.0)
283       -9.1412e+01    (-389.0,26.0,-359.0,287.0)
284       -9.1297e+01    (-389.0,26.0,-359.0,288.0)
285       -9.1252e+01    (-389.0,26.0,-358.0,288.0)
286       -9.1220e+01    (-389.0,27.0,-358.0,288.0)
287       -9.1253e+01    (-389.0,27.0,-359.0,288.0)
288       -9.1292e+01    (-389.0,27.0,-359.0,289.0)
289       -9.1280e+01    (-389.0,27.0,-358.0,289.0)
290       -9.1318e+01    (-389.0,26.0,-358.0,289.0)
291       -9.1344e+01    (-389.0,26.0,-359.0,289.0)
292       -9.1489e+01    (-390.0,26.0,-359.0,289.0)
293       -9.1433e+01    (-390.0,27.0,-359.0,289.0)
294       -9.1401e+01    (-390.0,27.0,-359.0,288.0)
295       -9.1378e+01    (-390.0,27.0,-358.0,288.0)
296       -9.1412e+01    (-390.0,26.0,-358.0,288.0)
297       -9.1449e+01    (-390.0,26.0,-359.0,288.0)
298       -9.1580e+01    (-390.0,26.0,-359.0,287.0)
299       -9.1488e+01    (-390.0,26.0,-358.0,287.0)
300       -9.1314e+01    (-389.0,26.0,-358.0,287.0)
301       -9.1300e+01    (-389.0,27.0,-358.0,287.0)
302       -9.1322e+01    (-389.0,27.0,-357.0,287.0)
303       -9.1270e+01    (-388.0,27.0,-357.0,287.0)
304       -9.1096e+01    (-388.0,27.0,-356.0,287.0)
305       -9.0800e+01    (-387.0,27.0,-356.0,287.0)
306       -9.0411e+01    (-387.0,27.0,-355.0,287.0)
307       -9.0124e+01    (-387.0,27.0,-354.0,287.0)
308       -8.9890e+01    (-386.0,27.0,-354.0,287.0)
309       -8.9735e+01    (-386.0,27.0,-354.0,288.0)
310       -8.9607e+01    (-386.0,27.0,-353.0,288.0)
311       -8.9645e+01    (-386.0,27.0,-353.0,289.0)
312       -8.9697e+01    (-386.0,26.0,-353.0,289.0)
313       -8.9650e+01    (-386.0,26.0,-353.0,288.0)
314       -8.9731e+01    (-386.0,26.0,-352.0,288.0)
315       -8.9710e+01    (-386.0,27.0,-352.0,288.0)
316       -8.9736e+01    (-386.0,27.0,-352.0,287.0)
317       -8.9743e+01    (-386.0,27.0,-353.0,287.0)
318       -8.9764e+01    (-386.0,26.0,-353.0,287.0)
319       -8.9744e+01    (-386.0,26.0,-352.0,287.0)
320       -8.9753e+01    (-385.0,26.0,-352.0,287.0)
321       -8.9617e+01    (-385.0,26.0,-351.0,287.0)
322       -8.9432e+01    (-384.0,26.0,-351.0,287.0)
323       -8.9062e+01    (-384.0,26.0,-350.0,287.0)
324       -8.8754e+01    (-384.0,26.0,-349.0,287.0)
325       -8.8471e+01    (-383.0,26.0,-349.0,287.0)
326       -8.8259e+01    (-383.0,26.0,-348.0,287.0)
327       -8.8111e+01    (-383.0,26.0,-348.0,288.0)
328       -8.8061e+01    (-383.0,27.0,-348.0,288.0)
329       -8.8082e+01    (-383.0,27.0,-347.0,288.0)
330       -8.8117e+01    (-383.0,26.0,-347.0,288.0)
331       -8.8178e+01    (-383.0,26.0,-347.0,289.0)
332       -8.8135e+01    (-383.0,27.0,-347.0,289.0)
333       -8.8086e+01    (-383.0,27.0,-348.0,289.0)
334       -8.8146e+01    (-383.0,26.0,-348.0,289.0)
335       -8.8390e+01    (-383.0,26.0,-348.0,290.0)
336       -8.8338e+01    (-383.0,27.0,-348.0,290.0)
337       -8.8362e+01    (-383.0,27.0,-347.0,290.0)
338       -8.8397e+01    (-383.0,26.0,-347.0,290.0)
339       -8.8591e+01    (-383.0,26.0,-346.0,290.0)
340       -8.8419e+01    (-383.0,26.0,-346.0,289.0)
341       -8.8305e+01    (-383.0,26.0,-346.0,288.0)
342       -8.8240e+01    (-383.0,26.0,-346.0,287.0)
343       -8.8134e+01    (-382.0,26.0,-346.0,287.0)
344       -8.8024e+01    (-382.0,26.0,-346.0,286.0)
345       -8.7846e+01    (-381.0,26.0,-346.0,286.0)
346       -8.7628e+01    (-381.0,26.0,-346.0,285.0)
347       -8.7402e+01    (-380.0,26.0,-346.0,285.0)
348       -8.7169e+01    (-380.0,26.0,-346.0,284.0)
349       -8.6984e+01    (-380.0,26.0,-346.0,283.0)
350       -8.6734e+01    (-380.0,26.0,-347.0,283.0)
351       -8.6632e+01    (-380.0,26.0,-347.0,282.0)
352       -8.6592e+01    (-380.0,27.0,-347.0,282.0)
353       -8.6552e+01    (-380.0,27.0,-348.0,282.0)
354       -8.6609e+01    (-380.0,26.0,-348.0,282.0)
355       -8.6698e+01    (-380.0,26.0,-348.0,283.0)
356       -8.6636e+01    (-380.0,27.0,-348.0,283.0)
357       -8.6690e+01    (-380.0,27.0,-347.0,283.0)
358       -8.6910e+01    (-379.0,27.0,-347.0,283.0)
359       -8.6788e+01    (-379.0,27.0,-347.0,282.0)
360       -8.6736e+01    (-379.0,27.0,-347.0,281.0)
361       -8.6660e+01    (-380.0,27.0,-347.0,281.0)
362       -8.6683e+01    (-380.0,26.0,-347.0,281.0)
363       -8.6721e+01    (-380.0,26.0,-348.0,281.0)
364       -8.6686e+01    (-380.0,27.0,-348.0,281.0)
365       -8.6847e+01    (-379.0,27.0,-348.0,281.0)
366       -8.6854e+01    (-379.0,26.0,-348.0,281.0)
367       -8.6739e+01    (-379.0,26.0,-347.0,281.0)
368       -8.6683e+01    (-379.0,26.0,-346.0,281.0)
369       -8.6588e+01    (-379.0,26.0,-346.0,280.0)
370       -8.6444e+01    (-378.0,26.0,-346.0,280.0)
371       -8.6218e+01    (-378.0,26.0,-345.0,280.0)
372       -8.6001e+01    (-378.0,26.0,-344.0,280.0)
373       -8.5749e+01    (-377.0,26.0,-344.0,280.0)
374       -8.5538e+01    (-377.0,26.0,-343.0,280.0)
375       -8.5282e+01    (-377.0,26.0,-343.0,281.0)
376       -8.5167e+01    (-377.0,26.0,-343.0,282.0)
377       -8.5079e+01    (-377.0,26.0,-342.0,282.0)
378       -8.5029e+01    (-377.0,27.0,-342.0,282.0)
379       -8.5109e+01    (-377.0,27.0,-343.0,282.0)
380       -8.5192e+01    (-377.0,27.0,-343.0,283.0)
381       -8.5118e+01    (-377.0,27.0,-342.0,283.0)
382       -8.5173e+01    (-377.0,26.0,-342.0,283.0)
383       -8.5255e+01    (-377.0,26.0,-343.0,283.0)
384       -8.5465e+01    (-376.0,26.0,-343.0,283.0)
385       -8.5343e+01    (-376.0,26.0,-342.0,283.0)
386       -8.5228e+01    (-376.0,26.0,-342.0,282.0)
387       -8.5206e+01    (-376.0,27.0,-342.0,282.0)
388       -8.5202e+01    (-376.0,27.0,-342.0,281.0)
389       -8.5138e+01    (-377.0,27.0,-342.0,281.0)
390       -8.5169e+01    (-377.0,26.0,-342.0,281.0)
391       -8.5213e+01    (-376.0,26.0,-342.0,281.0)
392       -8.5165e+01    (-376.0,26.0,-341.0,281.0)
393       -8.5135e+01    (-376.0,26.0,-341.0,280.0)
394       -8.5018e+01    (-376.0,26.0,-340.0,280.0)
395       -8.4822e+01    (-375.0,26.0,-340.0,280.0)
396       -8.4613e+01    (-375.0,26.0,-339.0,280.0)
397       -8.4366e+01    (-374.0,26.0,-339.0,280.0)
398       -8.4136e+01    (-374.0,26.0,-338.0,280.0)
399       -8.3908e+01    (-374.0,26.0,-338.0,281.0)
400       -8.3714e+01    (-374.0,26.0,-337.0,281.0)
401       -8.3606e+01    (-374.0,26.0,-337.0,282.0)
402       -8.3550e+01    (-374.0,27.0,-337.0,282.0)
403       -8.3626e+01    (-374.0,27.0,-336.0,282.0)
404       -8.3649e+01    (-373.0,27.0,-336.0,282.0)
405       -8.3638e+01    (-373.0,27.0,-336.0,281.0)
406       -8.3648e+01    (-373.0,26.0,-336.0,281.0)
407       -8.3669e+01    (-373.0,26.0,-336.0,282.0)
408       -8.3663e+01    (-374.0,26.0,-336.0,282.0)
409       -8.3701e+01    (-374.0,26.0,-336.0,281.0)
410       -8.3680e+01    (-374.0,27.0,-336.0,281.0)
411       -8.3680e+01    (-374.0,27.0,-337.0,281.0)
412       -8.3694e+01    (-373.0,27.0,-337.0,281.0)
413       -8.3654e+01    (-373.0,27.0,-337.0,282.0)
414       -8.3687e+01    (-373.0,26.0,-337.0,282.0)
415       -8.3712e+01    (-373.0,26.0,-337.0,281.0)
416       -8.3829e+01    (-373.0,26.0,-337.0,280.0)
417       -8.3693e+01    (-373.0,26.0,-336.0,280.0)
418       -8.3584e+01    (-373.0,26.0,-335.0,280.0)
419       -8.3431e+01    (-372.0,26.0,-335.0,280.0)
420       -8.3236e+01    (-372.0,26.0,-334.0,280.0)
421       -8.3007e+01    (-371.0,26.0,-334.0,280.0)
422       -8.2764e+01    (-371.0,26.0,-333.0,280.0)
423       -8.2566e+01    (-371.0,26.0,-332.0,280.0)
424       -8.2325e+01    (-371.0,26.0,-332.0,281.0)
425       -8.2219e+01    (-371.0,26.0,-332.0,282.0)
426       -8.2164e+01    (-371.0,26.0,-331.0,282.0)
427       -8.2118e+01    (-371.0,27.0,-331.0,282.0)
428       -8.2087e+01    (-370.0,27.0,-331.0,282.0)
429       -8.2121e+01    (-370.0,26.0,-331.0,282.0)
430       -8.2148e+01    (-370.0,26.0,-331.0,281.0)
431       -8.2129e+01    (-370.0,27.0,-331.0,281.0)
432       -8.2162e+01    (-370.0,27.0,-330.0,281.0)
433       -8.2165e+01    (-370.0,26.0,-330.0,281.0)
434       -8.2159e+01    (-370.0,26.0,-330.0,280.0)
435       -8.2045e+01    (-369.0,26.0,-330.0,280.0)
436       -8.1867e+01    (-369.0,26.0,-329.0,280.0)
437       -8.1666e+01    (-368.0,26.0,-329.0,280.0)
438       -8.1418e+01    (-368.0,26.0,-328.0,280.0)
439       -8.1204e+01    (-368.0,26.0,-327.0,280.0)
440       -8.0999e+01    (-368.0,26.0,-327.0,281.0)
441       -8.0832e+01    (-368.0,26.0,-326.0,281.0)
442       -8.0684e+01    (-367.0,26.0,-326.0,281.0)
443       -8.0616e+01    (-367.0,26.0,-326.0,282.0)
444       -8.0571e+01    (-367.0,27.0,-326.0,282.0)
445       -8.0642e+01    (-367.0,27.0,-325.0,282.0)
446       -8.0656e+01    (-367.0,27.0,-325.0,281.0)
447       -8.0657e+01    (-367.0,27.0,-326.0,281.0)
448       -8.0803e+01    (-368.0,27.0,-326.0,281.0)
449       -8.0699e+01    (-368.0,27.0,-326.0,282.0)
450       -8.0749e+01    (-368.0,26.0,-326.0,282.0)
451       -8.0817e+01    (-368.0,26.0,-325.0,282.0)
452       -8.0668e+01    (-367.0,26.0,-325.0,282.0)
453       -8.0670e+01    (-367.0,26.0,-325.0,281.0)
454       -8.0750e+01    (-367.0,26.0,-325.0,280.0)
455       -8.0664e+01    (-366.0,26.0,-325.0,280.0)
456       -8.0502e+01    (-366.0,26.0,-324.0,280.0)
457       -8.0340e+01    (-365.0,26.0,-324.0,280.0)
458       -8.0094e+01    (-365.0,26.0,-323.0,280.0)
459       -7.9870e+01    (-365.0,26.0,-322.0,280.0)
460       -7.9677e+01    (-364.0,26.0,-322.0,280.0)
461       -7.9492e+01    (-364.0,26.0,-321.0,280.0)
462       -7.9269e+01    (-364.0,26.0,-321.0,281.0)
463       -7.9176e+01    (-364.0,26.0,-321.0,282.0)
464       -7.9124e+01    (-364.0,27.0,-321.0,282.0)
465       -7.9108e+01    (-364.0,27.0,-320.0,282.0)
466       -7.9148e+01    (-364.0,26.0,-320.0,282.0)
467       -7.9201e+01    (-364.0,26.0,-320.0,281.0)
468       -7.9177e+01    (-364.0,27.0,-320.0,281.0)
469       -7.9238e+01    (-364.0,27.0,-321.0,281.0)
470       -7.9465e+01    (-365.0,27.0,-321.0,281.0)
471       -7.9371e+01    (-365.0,27.0,-321.0,282.0)
472       -7.9344e+01    (-365.0,27.0,-320.0,282.0)
473       -7.9380e+01    (-365.0,26.0,-320.0,282.0)
474       -7.9418e+01    (-365.0,26.0,-320.0,281.0)
475       -7.9397e+01    (-365.0,27.0,-320.0,281.0)
476       -7.9469e+01    (-365.0,27.0,-319.0,281.0)
477       -7.9269e+01    (-364.0,27.0,-319.0,281.0)
478       -7.9270e+01    (-363.0,27.0,-319.0,281.0)
479       -7.9154e+01    (-363.0,27.0,-319.0,280.0)
480       -7.9011e+01    (-363.0,27.0,-318.0,280.0)
481       -7.8797e+01    (-362.0,27.0,-318.0,280.0)
482       -7.8565e+01    (-362.0,27.0,-317.0,280.0)
483       -7.8357e+01    (-361.0,27.0,-317.0,280.0)
484       -7.8147e+01    (-361.0,27.0,-316.0,280.0)
485       -7.7883e+01    (-361.0,27.0,-316.0,281.0)
486       -7.7745e+01    (-361.0,27.0,-315.0,281.0)
487       -7.7633e+01    (-361.0,27.0,-315.0,282.0)
488       -7.7684e+01    (-361.0,26.0,-315.0,282.0)
489       -7.7776e+01    (-361.0,26.0,-315.0,281.0)
490       -7.7806e+01    (-361.0,26.0,-314.0,281.0)
491       -7.7790e+01    (-361.0,27.0,-314.0,281.0)
492       -7.7769e+01    (-361.0,27.0,-314.0,282.0)
493       -7.7798e+01    (-361.0,26.0,-314.0,282.0)
494       -7.7908e+01    (-361.0,26.0,-314.0,283.0)
495       -7.7777e+01    (-361.0,26.0,-315.0,283.0)
496       -7.7722e+01    (-361.0,27.0,-315.0,283.0)
497       -7.7849e+01    (-361.0,27.0,-316.0,283.0)
498       -7.7762e+01    (-361.0,27.0,-316.0,282.0)
499       -7.7816e+01    (-361.0,26.0,-316.0,282.0)
500       -7.7907e+01    (-361.0,26.0,-316.0,283.0)
501       -7.8201e+01    (-361.0,26.0,-316.0,284.0)
502       -7.8067e+01    (-361.0,26.0,-315.0,284.0)
503       -7.8024e+01    (-361.0,27.0,-315.0,284.0)
504       -7.8121e+01    (-361.0,27.0,-314.0,284.0)
505       -7.7877e+01    (-361.0,27.0,-314.0,283.0)
506       -7.8089e+01    (-360.0,27.0,-314.0,283.0)
507       -7.7958e+01    (-360.0,27.0,-314.0,282.0)
508       -7.7865e+01    (-360.0,27.0,-314.0,281.0)
509       -7.7798e+01    (-360.0,27.0,-314.0,280.0)
510       -7.7671e+01    (-360.0,27.0,-313.0,280.0)
511       -7.7503e+01    (-359.0,27.0,-313.0,280.0)
512       -7.7277e+01    (-359.0,27.0,-312.0,280.0)
513       -7.7067e+01    (-358.0,27.0,-312.0,280.0)
514       -7.6835e+01    (-358.0,27.0,-311.0,280.0)
515       -7.6597e+01    (-358.0,27.0,-311.0,281.0)
516       -7.6373e+01    (-358.0,27.0,-310.0,281.0)
517       -7.6238e+01    (-358.0,27.0,-310.0,282.0)
518       -7.6272e+01    (-358.0,27.0,-309.0,282.0)
519       -7.6315e+01    (-358.0,26.0,-309.0,282.0)
520       -7.6295e+01    (-358.0,26.0,-310.0,282.0)
521       -7.6383e+01    (-358.0,26.0,-310.0,283.0)
522       -7.6321e+01    (-358.0,27.0,-310.0,283.0)
523       -7.6368e+01    (-358.0,27.0,-309.0,283.0)
524       -7.6414e+01    (-358.0,26.0,-309.0,283.0)
525       -7.6634e+01    (-357.0,26.0,-309.0,283.0)
526       -7.6511e+01    (-357.0,26.0,-309.0,282.0)
527       -7.6454e+01    (-357.0,26.0,-309.0,281.0)
528       -7.6374e+01    (-358.0,26.0,-309.0,281.0)
529       -7.6349e+01    (-358.0,27.0,-309.0,281.0)
530       -7.6451e+01    (-357.0,27.0,-309.0,281.0)
531       -7.6418e+01    (-357.0,27.0,-308.0,281.0)
532       -7.6335e+01    (-357.0,27.0,-308.0,280.0)
533       -7.6215e+01    (-356.0,27.0,-308.0,280.0)
534       -7.5993e+01    (-356.0,27.0,-308.0,279.0)
535       -7.5773e+01    (-355.0,27.0,-308.0,279.0)
536       -7.5504e+01    (-355.0,27.0,-308.0,278.0)
537       -7.5289e+01    (-355.0,27.0,-308.0,277.0)
538       -7.5007e+01    (-355.0,27.0,-309.0,277.0)
539       -7.4862e+01    (-355.0,27.0,-309.0,276.0)
540       -7.4816e+01    (-355.0,27.0,-310.0,276.0)
541       -7.4878e+01    (-355.0,26.0,-310.0,276.0)
542       -7.4907e+01    (-355.0,26.0,-309.0,276.0)
543       -7.4930e+01    (-355.0,26.0,-309.0,275.0)
544       -7.4898e+01    (-355.0,27.0,-309.0,275.0)
545       -7.4900e+01    (-355.0,27.0,-310.0,275.0)
546       -7.4943e+01    (-355.0,26.0,-310.0,275.0)
547       -7.5071e+01    (-354.0,26.0,-310.0,275.0)
548       -7.4992e+01    (-354.0,26.0,-309.0,275.0)
549       -7.4981e+01    (-354.0,27.0,-309.0,275.0)
550       -7.5009e+01    (-354.0,27.0,-308.0,275.0)
551       -7.4941e+01    (-354.0,27.0,-308.0,274.0)
552       -7.4862e+01    (-353.0,27.0,-308.0,274.0)
553       -7.4632e+01    (-353.0,27.0,-307.0,274.0)
554       -7.4409e+01    (-352.0,27.0,-307.0,274.0)
555       -7.4099e+01    (-352.0,27.0,-306.0,274.0)
556       -7.3867e+01    (-352.0,27.0,-305.0,274.0)
557       -7.3614e+01    (-352.0,27.0,-305.0,275.0)
558       -7.3513e+01    (-352.0,27.0,-304.0,275.0)
559       -7.3450e+01    (-352.0,27.0,-304.0,276.0)
560       -7.3504e+01    (-352.0,26.0,-304.0,276.0)
561       -7.3552e+01    (-352.0,26.0,-304.0,275.0)
562       -7.3581e+01    (-351.0,26.0,-304.0,275.0)
563       -7.3560e+01    (-351.0,27.0,-304.0,275.0)
564       -7.3565e+01    (-351.0,27.0,-304.0,276.0)
565       -7.3597e+01    (-351.0,26.0,-304.0,276.0)
566       -7.3654e+01    (-351.0,26.0,-303.0,276.0)
567       -7.3590e+01    (-351.0,26.0,-303.0,275.0)
568       -7.3582e+01    (-351.0,27.0,-303.0,275.0)
569       -7.3588e+01    (-351.0,27.0,-303.0,274.0)
570       -7.3552e+01    (-351.0,27.0,-302.0,274.0)
571       -7.3377e+01    (-350.0,27.0,-302.0,274.0)
572       -7.3176e+01    (-350.0,27.0,-301.0,274.0)
573       -7.2882e+01    (-349.0,27.0,-301.0,274.0)
574       -7.2617e+01    (-349.0,27.0,-300.0,274.0)
575       -7.2404e+01    (-349.0,27.0,-300.0,275.0)
576       -7.2203e+01    (-349.0,27.0,-299.0,275.0)
577       -7.2131e+01    (-349.0,27.0,-299.0,276.0)
578       -7.2149e+01    (-348.0,27.0,-299.0,276.0)
579       -7.2176e+01    (-348.0,27.0,-298.0,276.0)
580       -7.2162e+01    (-348.0,27.0,-298.0,275.0)
581       -7.2176e+01    (-348.0,27.0,-299.0,275.0)
582       -7.2206e+01    (-348.0,26.0,-299.0,275.0)
583       -7.2180e+01    (-348.0,26.0,-298.0,275.0)
584       -7.2204e+01    (-348.0,26.0,-298.0,276.0)
585       -7.2191e+01    (-348.0,26.0,-299.0,276.0)
586       -7.2189e+01    (-349.0,26.0,-299.0,276.0)
587       -7.2244e+01    (-349.0,26.0,-299.0,275.0)
588       -7.2253e+01    (-349.0,26.0,-298.0,275.0)
589       -7.2226e+01    (-349.0,27.0,-298.0,275.0)
590       -7.2206e+01    (-349.0,27.0,-298.0,276.0)
591       -7.2246e+01    (-349.0,26.0,-298.0,276.0)
592       -7.2390e+01    (-349.0,26.0,-298.0,277.0)
593       -7.2335e+01    (-349.0,26.0,-299.0,277.0)
594       -7.2278e+01    (-349.0,27.0,-299.0,277.0)
595       -7.2294e+01    (-348.0,27.0,-299.0,277.0)
596       -7.2319e+01    (-348.0,27.0,-298.0,277.0)
597       -7.2347e+01    (-348.0,26.0,-298.0,277.0)
598       -7.2336e+01    (-348.0,26.0,-299.0,277.0)
599       -7.2534e+01    (-348.0,26.0,-300.0,277.0)
600       -7.2389e+01    (-348.0,26.0,-300.0,276.0)
601       -7.2351e+01    (-348.0,27.0,-300.0,276.0)
602       -7.2347e+01    (-349.0,27.0,-300.0,276.0)
603       -7.2399e+01    (-349.0,26.0,-300.0,276.0)
604       -7.2441e+01    (-349.0,26.0,-300.0,275.0)
605       -7.2392e+01    (-348.0,26.0,-300.0,275.0)
606       -7.2366e+01    (-348.0,27.0,-300.0,275.0)
607       -7.2504e+01    (-348.0,27.0,-300.0,274.0)
608       -7.2336e+01    (-348.0,27.0,-299.0,274.0)
609       -7.2247e+01    (-348.0,27.0,-298.0,274.0)
610       -7.2218e+01    (-348.0,27.0,-297.0,274.0)
611       -7.2118e+01    (-347.0,27.0,-297.0,274.0)
612       -7.1943e+01    (-347.0,27.0,-296.0,274.0)
613       -7.1691e+01    (-346.0,27.0,-296.0,274.0)
614       -7.1405e+01    (-346.0,27.0,-295.0,274.0)
615       -7.1195e+01    (-346.0,27.0,-294.0,274.0)
616       -7.0970e+01    (-346.0,27.0,-294.0,275.0)
617       -7.0850e+01    (-345.0,27.0,-294.0,275.0)
618       -7.0769e+01    (-345.0,27.0,-293.0,275.0)
619       -7.0742e+01    (-345.0,27.0,-293.0,276.0)
620       -7.0784e+01    (-345.0,26.0,-293.0,276.0)
621       -7.0799e+01    (-345.0,26.0,-293.0,275.0)
622       -7.0874e+01    (-345.0,26.0,-292.0,275.0)
623       -7.0864e+01    (-345.0,27.0,-292.0,275.0)
624       -7.0890e+01    (-345.0,27.0,-292.0,274.0)
625       -7.0852e+01    (-344.0,27.0,-292.0,274.0)
626       -7.0705e+01    (-344.0,27.0,-291.0,274.0)
627       -7.0516e+01    (-343.0,27.0,-291.0,274.0)
628       -7.0224e+01    (-343.0,27.0,-290.0,274.0)
629       -6.9987e+01    (-343.0,27.0,-289.0,274.0)
630       -6.9796e+01    (-342.0,27.0,-289.0,274.0)
631       -6.9593e+01    (-342.0,27.0,-289.0,275.0)
632       -6.9426e+01    (-342.0,27.0,-288.0,275.0)
633       -6.9368e+01    (-342.0,27.0,-288.0,276.0)
634       -6.9421e+01    (-342.0,26.0,-288.0,276.0)
635       -6.9463e+01    (-342.0,26.0,-288.0,275.0)
636       -6.9490e+01    (-342.0,26.0,-287.0,275.0)
637       -6.9467e+01    (-342.0,27.0,-287.0,275.0)
638       -6.9465e+01    (-342.0,27.0,-287.0,276.0)
639       -6.9499e+01    (-342.0,26.0,-287.0,276.0)
640       -6.9642e+01    (-342.0,26.0,-287.0,277.0)
641       -6.9567e+01    (-342.0,26.0,-288.0,277.0)
642       -6.9514e+01    (-342.0,27.0,-288.0,277.0)
643       -6.9609e+01    (-342.0,27.0,-287.0,277.0)
644       -6.9822e+01    (-343.0,27.0,-287.0,277.0)
645       -6.9678e+01    (-343.0,27.0,-287.0,276.0)
646       -6.9597e+01    (-343.0,27.0,-288.0,276.0)
647       -6.9642e+01    (-343.0,27.0,-288.0,275.0)
648       -6.9670e+01    (-343.0,27.0,-287.0,275.0)
649       -6.9690e+01    (-343.0,26.0,-287.0,275.0)
650       -6.9676e+01    (-343.0,26.0,-288.0,275.0)
651       -6.9646e+01    (-343.0,26.0,-288.0,276.0)
652       -6.9708e+01    (-343.0,26.0,-287.0,276.0)
653       -6.9852e+01    (-343.0,26.0,-287.0,277.0)
654       -6.9791e+01    (-343.0,26.0,-288.0,277.0)
655       -6.9744e+01    (-343.0,27.0,-288.0,277.0)
656       -6.9915e+01    (-343.0,27.0,-289.0,277.0)
657       -6.9688e+01    (-342.0,27.0,-289.0,277.0)
658       -6.9542e+01    (-342.0,27.0,-289.0,276.0)
659       -6.9592e+01    (-342.0,26.0,-289.0,276.0)
660       -6.9629e+01    (-342.0,26.0,-289.0,275.0)
661       -6.9805e+01    (-342.0,26.0,-289.0,274.0)
662       -6.9651e+01    (-342.0,26.0,-288.0,274.0)
663       -6.9583e+01    (-342.0,26.0,-287.0,274.0)
664       -6.9572e+01    (-341.0,26.0,-287.0,274.0)
665       -6.9450e+01    (-341.0,26.0,-286.0,274.0)
666       -6.9324e+01    (-341.0,26.0,-286.0,273.0)
667       -6.9130e+01    (-340.0,26.0,-286.0,273.0)
668       -6.8936e+01    (-340.0,26.0,-286.0,272.0)
669       -6.8746e+01    (-339.0,26.0,-286.0,272.0)
670       -6.8561e+01    (-339.0,26.0,-286.0,271.0)
671       -6.8308e+01    (-339.0,26.0,-287.0,271.0)
672       -6.8125e+01    (-339.0,26.0,-287.0,270.0)
673       -6.8029e+01    (-339.0,26.0,-288.0,270.0)
674       -6.7971e+01    (-339.0,27.0,-288.0,270.0)
675       -6.7985e+01    (-339.0,27.0,-288.0,269.0)
676       -6.8032e+01    (-339.0,26.0,-288.0,269.0)
677       -6.8088e+01    (-339.0,26.0,-287.0,269.0)
678       -6.8059e+01    (-339.0,27.0,-287.0,269.0)
679       -6.8088e+01    (-339.0,27.0,-287.0,270.0)
680       -6.8274e+01    (-339.0,27.0,-287.0,271.0)
681       -6.8179e+01    (-339.0,27.0,-288.0,271.0)
682       -6.8231e+01    (-339.0,26.0,-288.0,271.0)
683       -6.8403e+01    (-339.0,26.0,-289.0,271.0)
684       -6.8203e+01    (-339.0,26.0,-289.0,270.0)
685       -6.8148e+01    (-339.0,27.0,-289.0,270.0)
686       -6.8156e+01    (-339.0,27.0,-289.0,269.0)
687       -6.8201e+01    (-339.0,26.0,-289.0,269.0)
688       -6.8362e+01    (-339.0,26.0,-289.0,268.0)
689       -6.8204e+01    (-339.0,26.0,-288.0,268.0)
690       -6.8172e+01    (-339.0,26.0,-287.0,268.0)
691       -6.8162e+01    (-339.0,27.0,-287.0,268.0)
692       -6.8184e+01    (-339.0,27.0,-288.0,268.0)
693       -6.8314e+01    (-338.0,27.0,-288.0,268.0)
694       -6.8206e+01    (-338.0,27.0,-287.0,268.0)
695       -6.8125e+01    (-338.0,27.0,-286.0,268.0)
696       -6.8015e+01    (-338.0,27.0,-286.0,267.0)
697       -6.7844e+01    (-337.0,27.0,-286.0,267.0)
698       -6.7653e+01    (-337.0,27.0,-286.0,266.0)
699       -6.7455e+01    (-336.0,27.0,-286.0,266.0)
700       -6.7258e+01    (-336.0,27.0,-286.0,265.0)
701       -6.6989e+01    (-336.0,27.0,-287.0,265.0)
702       -6.6758e+01    (-336.0,27.0,-287.0,264.0)
703       -6.6632e+01    (-336.0,27.0,-288.0,264.0)
704       -6.6591e+01    (-336.0,27.0,-288.0,263.0)
705       -6.6645e+01    (-336.0,26.0,-288.0,263.0)
706       -6.6693e+01    (-336.0,26.0,-288.0,264.0)
707       -6.6797e+01    (-336.0,26.0,-287.0,264.0)
708       -6.6725e+01    (-336.0,26.0,-287.0,263.0)
709       -6.6691e+01    (-336.0,27.0,-287.0,263.0)
710       -6.6771e+01    (-336.0,27.0,-287.0,262.0)
711       -6.6757e+01    (-336.0,27.0,-288.0,262.0)
712       -6.6787e+01    (-336.0,26.0,-288.0,262.0)
713       -6.6788e+01    (-336.0,26.0,-287.0,262.0)
714       -6.6831e+01    (-335.0,26.0,-287.0,262.0)
715       -6.6795e+01    (-335.0,26.0,-286.0,262.0)
716       -6.6696e+01    (-335.0,26.0,-286.0,261.0)
717       -6.6549e+01    (-334.0,26.0,-286.0,261.0)
718       -6.6372e+01    (-334.0,26.0,-285.0,261.0)
719       -6.6186e+01    (-333.0,26.0,-285.0,261.0)
720       -6.5995e+01    (-333.0,26.0,-284.0,261.0)
721       -6.5787e+01    (-333.0,26.0,-284.0,262.0)
722       -6.5552e+01    (-333.0,26.0,-283.0,262.0)
723       -6.5400e+01    (-333.0,26.0,-283.0,263.0)
724       -6.5344e+01    (-333.0,27.0,-283.0,263.0)
725       -6.5332e+01    (-333.0,27.0,-282.0,263.0)
726       -6.5377e+01    (-333.0,26.0,-282.0,263.0)
727       -6.5435e+01    (-333.0,26.0,-282.0,264.0)
728       -6.5383e+01    (-333.0,27.0,-282.0,264.0)
729       -6.5382e+01    (-333.0,27.0,-283.0,264.0)
730       -6.5445e+01    (-333.0,26.0,-283.0,264.0)
731       -6.5696e+01    (-332.0,26.0,-283.0,264.0)
732       -6.5610e+01    (-332.0,26.0,-283.0,263.0)
733       -6.5532e+01    (-332.0,26.0,-282.0,263.0)
734       -6.5514e+01    (-332.0,27.0,-282.0,263.0)
735       -6.5523e+01    (-332.0,27.0,-282.0,262.0)
736       -6.5463e+01    (-333.0,27.0,-282.0,262.0)
737       -6.5488e+01    (-333.0,26.0,-282.0,262.0)
738       -6.5530e+01    (-332.0,26.0,-282.0,262.0)
739       -6.5507e+01    (-332.0,26.0,-281.0,262.0)
740       -6.5470e+01    (-332.0,26.0,-281.0,261.0)
741       -6.5350e+01    (-331.0,26.0,-281.0,261.0)
742       -6.5140e+01    (-331.0,26.0,-281.0,260.0)
743       -6.4895e+01    (-330.0,26.0,-281.0,260.0)
744       -6.4612e+01    (-330.0,26.0,-281.0,259.0)
745       -6.4402e+01    (-330.0,26.0,-281.0,258.0)
746       -6.4175e+01    (-330.0,26.0,-282.0,258.0)
747       -6.4067e+01    (-330.0,26.0,-282.0,257.0)
748       -6.4018e+01    (-330.0,27.0,-282.0,257.0)
749       -6.4024e+01    (-330.0,27.0,-283.0,257.0)
750       -6.4084e+01    (-330.0,26.0,-283.0,257.0)
751       -6.4186e+01    (-330.0,26.0,-283.0,256.0)
752       -6.4136e+01    (-330.0,26.0,-282.0,256.0)
753       -6.4104e+01    (-330.0,27.0,-282.0,256.0)
754       -6.4136e+01    (-329.0,27.0,-282.0,256.0)
755       -6.4125e+01    (-329.0,27.0,-282.0,257.0)
756       -6.4152e+01    (-329.0,26.0,-282.0,257.0)
757       -6.4153e+01    (-329.0,26.0,-282.0,256.0)
758       -6.4182e+01    (-329.0,26.0,-281.0,256.0)
759       -6.4161e+01    (-329.0,26.0,-281.0,255.0)
760       -6.4091e+01    (-328.0,26.0,-281.0,255.0)
761       -6.3908e+01    (-328.0,26.0,-281.0,254.0)
762       -6.3685e+01    (-327.0,26.0,-281.0,254.0)
763       -6.3396e+01    (-327.0,26.0,-281.0,253.0)
764       -6.3169e+01    (-327.0,26.0,-281.0,252.0)
765       -6.2966e+01    (-327.0,26.0,-282.0,252.0)
766       -6.2809e+01    (-327.0,26.0,-282.0,251.0)
767       -6.2760e+01    (-327.0,27.0,-282.0,251.0)
768       -6.2765e+01    (-327.0,27.0,-283.0,251.0)
769       -6.2807e+01    (-326.0,27.0,-283.0,251.0)
770       -6.2772e+01    (-326.0,27.0,-282.0,251.0)
771       -6.2770e+01    (-326.0,27.0,-282.0,250.0)
772       -6.2793e+01    (-327.0,27.0,-282.0,250.0)
773       -6.2826e+01    (-327.0,27.0,-283.0,250.0)
774       -6.2827e+01    (-326.0,27.0,-283.0,250.0)
775       -6.2859e+01    (-326.0,26.0,-283.0,250.0)
776       -6.2795e+01    (-326.0,26.0,-282.0,250.0)
777       -6.2807e+01    (-326.0,26.0,-282.0,251.0)
778       -6.2851e+01    (-326.0,26.0,-283.0,251.0)
779       -6.2825e+01    (-327.0,26.0,-283.0,251.0)
780       -6.2871e+01    (-327.0,26.0,-283.0,250.0)
781       -6.2829e+01    (-327.0,26.0,-282.0,250.0)
782       -6.2976e+01    (-327.0,26.0,-281.0,250.0)
783       -6.2877e+01    (-326.0,26.0,-281.0,250.0)
784       -6.2865e+01    (-326.0,26.0,-281.0,249.0)
785       -6.2839e+01    (-325.0,26.0,-281.0,249.0)
786       -6.2668e+01    (-325.0,26.0,-280.0,249.0)
787       -6.2470e+01    (-324.0,26.0,-280.0,249.0)
788       -6.2162e+01    (-324.0,26.0,-279.0,249.0)
789       -6.1923e+01    (-324.0,26.0,-278.0,249.0)
790       -6.1740e+01    (-324.0,26.0,-278.0,250.0)
791       -6.1604e+01    (-324.0,26.0,-277.0,250.0)
792       -6.1496e+01    (-323.0,26.0,-277.0,250.0)
793       -6.1461e+01    (-323.0,27.0,-277.0,250.0)
794       -6.1432e+01    (-323.0,27.0,-277.0,251.0)
795       -6.1480e+01    (-323.0,26.0,-277.0,251.0)
796       -6.1572e+01    (-323.0,26.0,-276.0,251.0)
797       -6.1543e+01    (-323.0,26.0,-276.0,250.0)
798       -6.1523e+01    (-323.0,27.0,-276.0,250.0)
799       -6.1545e+01    (-323.0,27.0,-276.0,251.0)
800       -6.1657e+01    (-324.0,27.0,-276.0,251.0)
801       -6.1520e+01    (-324.0,27.0,-277.0,251.0)
802       -6.1564e+01    (-324.0,27.0,-277.0,250.0)
803       -6.1646e+01    (-324.0,27.0,-276.0,250.0)
804       -6.1668e+01    (-324.0,26.0,-276.0,250.0)
805       -6.1689e+01    (-324.0,26.0,-276.0,251.0)
806       -6.1574e+01    (-324.0,26.0,-277.0,251.0)
807       -6.1709e+01    (-324.0,26.0,-278.0,251.0)
808       -6.1616e+01    (-323.0,26.0,-278.0,251.0)
809       -6.1568e+01    (-323.0,27.0,-278.0,251.0)
810       -6.1598e+01    (-323.0,27.0,-278.0,250.0)
811       -6.1633e+01    (-323.0,26.0,-278.0,250.0)
812       -6.1789e+01    (-323.0,26.0,-278.0,249.0)
813       -6.1651e+01    (-323.0,26.0,-277.0,249.0)
814       -6.1606e+01    (-323.0,26.0,-276.0,249.0)
815       -6.1603e+01    (-323.0,27.0,-276.0,249.0)
816       -6.1632e+01    (-323.0,27.0,-275.0,249.0)
817       -6.1510e+01    (-322.0,27.0,-275.0,249.0)
818       -6.1370e+01    (-322.0,27.0,-274.0,249.0)
819       -6.1068e+01    (-321.0,27.0,-274.0,249.0)
820       -6.0795e+01    (-321.0,27.0,-273.0,249.0)
821       -6.0613e+01    (-321.0,27.0,-272.0,249.0)
822       -6.0415e+01    (-321.0,27.0,-272.0,250.0)
823       -6.0213e+01    (-320.0,27.0,-272.0,250.0)
824       -6.0164e+01    (-320.0,27.0,-272.0,251.0)
825       -6.0187e+01    (-320.0,27.0,-271.0,251.0)
826       -6.0204e+01    (-320.0,27.0,-271.0,250.0)
827       -6.0236e+01    (-320.0,26.0,-271.0,250.0)
828       -6.0230e+01    (-320.0,26.0,-271.0,251.0)
829       -6.0219e+01    (-320.0,26.0,-272.0,251.0)
830       -6.0254e+01    (-320.0,26.0,-272.0,250.0)
831       -6.0446e+01    (-320.0,26.0,-272.0,249.0)
832       -6.0369e+01    (-320.0,26.0,-271.0,249.0)
833       -6.0360e+01    (-320.0,27.0,-271.0,249.0)
834       -6.0380e+01    (-320.0,27.0,-270.0,249.0)
835       -6.0330e+01    (-319.0,27.0,-270.0,249.0)
836       -6.0223e+01    (-319.0,27.0,-269.0,249.0)
837       -5.9995e+01    (-318.0,27.0,-269.0,249.0)
838       -5.9713e+01    (-318.0,27.0,-268.0,249.0)
839       -5.9498e+01    (-318.0,27.0,-267.0,249.0)
840       -5.9268e+01    (-317.0,27.0,-267.0,249.0)
841       -5.9038e+01    (-317.0,27.0,-267.0,250.0)
842       -5.8936e+01    (-317.0,27.0,-266.0,250.0)
843       -5.8889e+01    (-317.0,27.0,-266.0,251.0)
844       -5.8943e+01    (-317.0,26.0,-266.0,251.0)
845       -5.8977e+01    (-317.0,26.0,-266.0,250.0)
846       -5.9076e+01    (-317.0,26.0,-265.0,250.0)
847       -5.9055e+01    (-317.0,27.0,-265.0,250.0)
848       -5.9072e+01    (-317.0,27.0,-265.0,251.0)
849       -5.9101e+01    (-317.0,26.0,-265.0,251.0)
850       -5.9248e+01    (-317.0,26.0,-265.0,252.0)
851       -5.9103e+01    (-317.0,26.0,-266.0,252.0)
852       -5.9051e+01    (-317.0,27.0,-266.0,252.0)
853       -5.9148e+01    (-317.0,27.0,-267.0,252.0)
854       -5.8983e+01    (-317.0,27.0,-267.0,251.0)
855       -5.9041e+01    (-317.0,26.0,-267.0,251.0)
856       -5.9081e+01    (-317.0,26.0,-267.0,250.0)
857       -5.9283e+01    (-317.0,26.0,-267.0,249.0)
858       -5.9164e+01    (-317.0,26.0,-266.0,249.0)
859       -5.9148e+01    (-317.0,26.0,-265.0,249.0)
860       -5.9134e+01    (-316.0,26.0,-265.0,249.0)
861       -5.9052e+01    (-316.0,26.0,-264.0,249.0)
862       -5.8912e+01    (-315.0,26.0,-264.0,249.0)
863       -5.8650e+01    (-315.0,26.0,-263.0,249.0)
864       -5.8426e+01    (-315.0,26.0,-262.0,249.0)
865       -5.8168e+01    (-314.0,26.0,-262.0,249.0)
866       -5.7984e+01    (-314.0,26.0,-262.0,250.0)
867       -5.7782e+01    (-314.0,26.0,-261.0,250.0)
868       -5.7733e+01    (-314.0,26.0,-261.0,251.0)
869       -5.7672e+01    (-314.0,27.0,-261.0,251.0)
870       -5.7736e+01    (-314.0,27.0,-261.0,250.0)
871       -5.7772e+01    (-314.0,27.0,-260.0,250.0)
872       -5.7749e+01    (-314.0,27.0,-260.0,251.0)
873       -5.7794e+01    (-314.0,26.0,-260.0,251.0)
874       -5.7805e+01    (-314.0,26.0,-260.0,250.0)
875       -5.7948e+01    (-314.0,26.0,-260.0,249.0)
876       -5.7938e+01    (-314.0,27.0,-260.0,249.0)
877       -5.7956e+01    (-313.0,27.0,-260.0,249.0)
878       -5.7898e+01    (-313.0,27.0,-259.0,249.0)
879       -5.7832e+01    (-313.0,27.0,-259.0,248.0)
880       -5.7649e+01    (-312.0,27.0,-259.0,248.0)
881       -5.7449e+01    (-312.0,27.0,-259.0,247.0)
882       -5.7221e+01    (-311.0,27.0,-259.0,247.0)
883       -5.7000e+01    (-311.0,27.0,-259.0,246.0)
884       -5.6724e+01    (-311.0,27.0,-260.0,246.0)
885       -5.6517e+01    (-311.0,27.0,-260.0,245.0)
886       -5.6434e+01    (-311.0,27.0,-261.0,245.0)
887       -5.6440e+01    (-311.0,27.0,-261.0,244.0)
888       -5.6493e+01    (-311.0,26.0,-261.0,244.0)
889       -5.6497e+01    (-311.0,26.0,-261.0,245.0)
890       -5.6564e+01    (-311.0,26.0,-260.0,245.0)
891       -5.6533e+01    (-311.0,26.0,-260.0,244.0)
892       -5.6495e+01    (-311.0,27.0,-260.0,244.0)
893       -5.6633e+01    (-311.0,27.0,-260.0,243.0)
894       -5.6651e+01    (-311.0,26.0,-260.0,243.0)
895       -5.6667e+01    (-310.0,26.0,-260.0,243.0)
896       -5.6652e+01    (-310.0,26.0,-259.0,243.0)
897       -5.6598e+01    (-310.0,26.0,-259.0,242.0)
898       -5.6456e+01    (-309.0,26.0,-259.0,242.0)
899       -5.6279e+01    (-309.0,26.0,-259.0,241.0)
900       -5.6058e+01    (-308.0,26.0,-259.0,241.0)
901       -5.5836e+01    (-308.0,26.0,-259.0,240.0)
902       -5.5626e+01    (-308.0,26.0,-260.0,240.0)
903       -5.5383e+01    (-308.0,26.0,-260.0,239.0)
904       -5.5308e+01    (-308.0,26.0,-260.0,238.0)
905       -5.5257e+01    (-308.0,26.0,-261.0,238.0)
906       -5.5200e+01    (-308.0,27.0,-261.0,238.0)
907       -5.5258e+01    (-308.0,27.0,-261.0,239.0)
908       -5.5320e+01    (-308.0,26.0,-261.0,239.0)
909       -5.5477e+01    (-307.0,26.0,-261.0,239.0)
910       -5.5394e+01    (-307.0,26.0,-261.0,238.0)
911       -5.5362e+01    (-307.0,27.0,-261.0,238.0)
912       -5.5359e+01    (-307.0,27.0,-260.0,238.0)
913       -5.5267e+01    (-308.0,27.0,-260.0,238.0)
914       -5.5338e+01    (-308.0,27.0,-260.0,239.0)
915       -5.5447e+01    (-307.0,27.0,-260.0,239.0)
916       -5.5442e+01    (-307.0,27.0,-261.0,239.0)
917       -5.5635e+01    (-307.0,27.0,-262.0,239.0)
918       -5.5486e+01    (-308.0,27.0,-262.0,239.0)
919       -5.5422e+01    (-308.0,27.0,-262.0,238.0)
920       -5.5472e+01    (-308.0,26.0,-262.0,238.0)
921       -5.5541e+01    (-308.0,26.0,-262.0,239.0)
922       -5.5666e+01    (-307.0,26.0,-262.0,239.0)
923       -5.5579e+01    (-307.0,26.0,-262.0,238.0)
924       -5.5552e+01    (-307.0,27.0,-262.0,238.0)
925       -5.5595e+01    (-307.0,27.0,-262.0,237.0)
926       -5.5424e+01    (-307.0,27.0,-261.0,237.0)
927       -5.5361e+01    (-308.0,27.0,-261.0,237.0)
928       -5.5366e+01    (-308.0,27.0,-260.0,237.0)
929       -5.5380e+01    (-307.0,27.0,-260.0,237.0)
930       -5.5391e+01    (-307.0,26.0,-260.0,237.0)
931       -5.5381e+01    (-307.0,26.0,-260.0,238.0)
932       -5.5472e+01    (-307.0,26.0,-260.0,239.0)
933       -5.5609e+01    (-307.0,26.0,-259.0,239.0)
934       -5.5501e+01    (-307.0,26.0,-259.0,238.0)
935       -5.5433e+01    (-307.0,26.0,-259.0,237.0)
936       -5.5393e+01    (-307.0,26.0,-259.0,236.0)
937       -5.5288e+01    (-306.0,26.0,-259.0,236.0)
938       -5.5130e+01    (-306.0,26.0,-258.0,236.0)
939       -5.4947e+01    (-305.0,26.0,-258.0,236.0)
940       -5.4739e+01    (-305.0,26.0,-257.0,236.0)
941       -5.4568e+01    (-305.0,26.0,-257.0,237.0)
942       -5.4308e+01    (-305.0,26.0,-256.0,237.0)
943       -5.4178e+01    (-305.0,26.0,-256.0,238.0)
944       -5.4115e+01    (-305.0,26.0,-255.0,238.0)
945       -5.4065e+01    (-305.0,27.0,-255.0,238.0)
946       -5.4096e+01    (-304.0,27.0,-255.0,238.0)
947       -5.4130e+01    (-304.0,26.0,-255.0,238.0)
948       -5.4188e+01    (-304.0,26.0,-255.0,237.0)
949       -5.4168e+01    (-304.0,27.0,-255.0,237.0)
950       -5.4195e+01    (-305.0,27.0,-255.0,237.0)
951       -5.4225e+01    (-305.0,26.0,-255.0,237.0)
952       -5.4303e+01    (-305.0,26.0,-254.0,237.0)
953       -5.4219e+01    (-304.0,26.0,-254.0,237.0)
954       -5.4213e+01    (-304.0,27.0,-254.0,237.0)
955       -5.4219e+01    (-304.0,27.0,-254.0,238.0)
956       -5.4234e+01    (-304.0,26.0,-254.0,238.0)
957       -5.4288e+01    (-305.0,26.0,-254.0,238.0)
958       -5.4264e+01    (-305.0,27.0,-254.0,238.0)
959       -5.4291e+01    (-305.0,27.0,-254.0,237.0)
960       -5.4397e+01    (-305.0,27.0,-254.0,236.0)
961       -5.4267e+01    (-304.0,27.0,-254.0,236.0)
962       -5.4203e+01    (-303.0,27.0,-254.0,236.0)
963       -5.4044e+01    (-303.0,27.0,-254.0,235.0)
964       -5.3773e+01    (-302.0,27.0,-254.0,235.0)
965       -5.3457e+01    (-302.0,27.0,-254.0,234.0)
966       -5.3225e+01    (-302.0,27.0,-254.0,233.0)
967       -5.3029e+01    (-302.0,27.0,-255.0,233.0)
968       -5.2908e+01    (-302.0,27.0,-255.0,232.0)
969       -5.2834e+01    (-301.0,27.0,-255.0,232.0)
970       -5.2877e+01    (-301.0,26.0,-255.0,232.0)
971       -5.2918e+01    (-301.0,26.0,-255.0,231.0)
972       -5.2888e+01    (-301.0,27.0,-255.0,231.0)
973       -5.2968e+01    (-301.0,27.0,-256.0,231.0)
974       -5.2899e+01    (-301.0,27.0,-256.0,232.0)
975       -5.2947e+01    (-301.0,26.0,-256.0,232.0)
976       -5.3001e+01    (-301.0,26.0,-256.0,231.0)
977       -5.3094e+01    (-302.0,26.0,-256.0,231.0)
978       -5.3015e+01    (-302.0,26.0,-255.0,231.0)
979       -5.2958e+01    (-302.0,26.0,-255.0,232.0)
980       -5.3021e+01    (-302.0,26.0,-256.0,232.0)
981       -5.2967e+01    (-302.0,27.0,-256.0,232.0)
982       -5.3056e+01    (-302.0,27.0,-256.0,231.0)
983       -5.2981e+01    (-302.0,27.0,-255.0,231.0)
984       -5.3101e+01    (-302.0,27.0,-254.0,231.0)
985       -5.2984e+01    (-301.0,27.0,-254.0,231.0)
986       -5.2996e+01    (-301.0,26.0,-254.0,231.0)
987       -5.3020e+01    (-301.0,26.0,-254.0,232.0)
988       -5.3000e+01    (-301.0,27.0,-254.0,232.0)
989       -5.3106e+01    (-302.0,27.0,-254.0,232.0)
990       -5.3129e+01    (-302.0,26.0,-254.0,232.0)
991       -5.3115e+01    (-302.0,26.0,-254.0,231.0)
992       -5.3181e+01    (-302.0,26.0,-254.0,230.0)
993       -5.3044e+01    (-301.0,26.0,-254.0,230.0)
994       -5.3026e+01    (-300.0,26.0,-254.0,230.0)
995       -5.2896e+01    (-300.0,26.0,-253.0,230.0)
996       -5.2743e+01    (-299.0,26.0,-253.0,230.0)
997       -5.2482e+01    (-299.0,26.0,-252.0,230.0)
998       -5.2266e+01    (-299.0,26.0,-251.0,230.0)
999       -5.2091e+01    (-299.0,26.0,-251.0,231.0)
