# run = 12
occ          S   
0         (245.0,556.0,556.0,-305.0)
0         (245.0,556.0,555.0,-305.0)
0         (245.0,555.0,555.0,-305.0)
0         (245.0,555.0,555.0,-306.0)
0         (245.0,555.0,554.0,-306.0)
0         (245.0,555.0,554.0,-307.0)
0         (245.0,554.0,554.0,-307.0)
0         (245.0,554.0,553.0,-307.0)
0         (245.0,554.0,553.0,-306.0)
0         (245.0,553.0,553.0,-306.0)
0         (245.0,553.0,552.0,-306.0)
0         (245.0,552.0,552.0,-306.0)
0         (245.0,552.0,551.0,-306.0)
0         (245.0,552.0,550.0,-306.0)
0         (245.0,551.0,550.0,-306.0)
0         (245.0,551.0,549.0,-306.0)
0         (245.0,550.0,549.0,-306.0)
0         (245.0,550.0,548.0,-306.0)
0         (245.0,549.0,548.0,-306.0)
0         (245.0,549.0,547.0,-306.0)
0         (245.0,548.0,547.0,-306.0)
0         (245.0,548.0,546.0,-306.0)
0         (245.0,547.0,546.0,-306.0)
0         (245.0,547.0,545.0,-306.0)
0         (245.0,547.0,544.0,-306.0)
0         (245.0,546.0,544.0,-306.0)
0         (245.0,546.0,543.0,-306.0)
0         (245.0,546.0,543.0,-307.0)
0         (245.0,545.0,543.0,-307.0)
0         (245.0,545.0,542.0,-307.0)
0         (245.0,545.0,542.0,-306.0)
0         (245.0,544.0,542.0,-306.0)
0         (245.0,544.0,541.0,-306.0)
0         (245.0,543.0,541.0,-306.0)
0         (245.0,543.0,540.0,-306.0)
0         (245.0,543.0,539.0,-306.0)
0         (245.0,542.0,539.0,-306.0)
0         (245.0,542.0,538.0,-306.0)
0         (245.0,542.0,538.0,-307.0)
0         (245.0,541.0,538.0,-307.0)
0         (245.0,541.0,537.0,-307.0)
0         (245.0,541.0,537.0,-306.0)
0         (245.0,540.0,537.0,-306.0)
0         (245.0,540.0,536.0,-306.0)
0         (245.0,539.0,536.0,-306.0)
0         (245.0,539.0,535.0,-306.0)
0         (245.0,538.0,535.0,-306.0)
0         (245.0,538.0,534.0,-306.0)
0         (245.0,538.0,533.0,-306.0)
0         (245.0,537.0,533.0,-306.0)
0         (245.0,537.0,532.0,-306.0)
0         (245.0,537.0,532.0,-307.0)
0         (245.0,536.0,532.0,-307.0)
0         (245.0,536.0,531.0,-307.0)
0         (245.0,536.0,531.0,-306.0)
0         (245.0,535.0,531.0,-306.0)
0         (245.0,535.0,530.0,-306.0)
0         (245.0,534.0,530.0,-306.0)
0         (245.0,534.0,529.0,-306.0)
0         (245.0,534.0,528.0,-306.0)
0         (245.0,533.0,528.0,-306.0)
0         (245.0,533.0,527.0,-306.0)
0         (245.0,533.0,527.0,-307.0)
0         (245.0,532.0,527.0,-307.0)
0         (245.0,532.0,526.0,-307.0)
0         (245.0,532.0,526.0,-306.0)
0         (245.0,531.0,526.0,-306.0)
0         (245.0,531.0,525.0,-306.0)
0         (245.0,530.0,525.0,-306.0)
0         (245.0,530.0,524.0,-306.0)
0         (245.0,529.0,524.0,-306.0)
0         (245.0,529.0,523.0,-306.0)
0         (245.0,529.0,522.0,-306.0)
0         (245.0,528.0,522.0,-306.0)
0         (245.0,528.0,521.0,-306.0)
0         (245.0,527.0,521.0,-306.0)
0         (245.0,527.0,520.0,-306.0)
0         (245.0,526.0,520.0,-306.0)
0         (245.0,526.0,519.0,-306.0)
0         (245.0,525.0,519.0,-306.0)
0         (245.0,525.0,518.0,-306.0)
0         (245.0,525.0,517.0,-306.0)
0         (245.0,524.0,517.0,-306.0)
0         (245.0,524.0,516.0,-306.0)
0         (245.0,524.0,516.0,-307.0)
0         (245.0,523.0,516.0,-307.0)
0         (245.0,523.0,515.0,-307.0)
0         (245.0,523.0,515.0,-306.0)
0         (245.0,522.0,515.0,-306.0)
0         (245.0,522.0,514.0,-306.0)
0         (245.0,521.0,514.0,-306.0)
0         (245.0,521.0,513.0,-306.0)
0         (245.0,520.0,513.0,-306.0)
0         (245.0,520.0,512.0,-306.0)
0         (245.0,520.0,511.0,-306.0)
0         (245.0,519.0,511.0,-306.0)
0         (245.0,519.0,510.0,-306.0)
0         (245.0,518.0,510.0,-306.0)
0         (245.0,518.0,509.0,-306.0)
0         (245.0,517.0,509.0,-306.0)
0         (245.0,517.0,508.0,-306.0)
0         (245.0,516.0,508.0,-306.0)
0         (245.0,516.0,507.0,-306.0)
0         (245.0,516.0,506.0,-306.0)
0         (245.0,515.0,506.0,-306.0)
0         (245.0,515.0,505.0,-306.0)
0         (245.0,515.0,505.0,-307.0)
0         (245.0,514.0,505.0,-307.0)
0         (245.0,514.0,504.0,-307.0)
0         (245.0,514.0,504.0,-306.0)
0         (245.0,513.0,504.0,-306.0)
0         (245.0,513.0,503.0,-306.0)
0         (245.0,512.0,503.0,-306.0)
0         (245.0,512.0,502.0,-306.0)
0         (245.0,512.0,501.0,-306.0)
0         (245.0,511.0,501.0,-306.0)
0         (245.0,511.0,500.0,-306.0)
0         (245.0,511.0,500.0,-307.0)
0         (245.0,510.0,500.0,-307.0)
0         (245.0,510.0,499.0,-307.0)
0         (245.0,510.0,499.0,-306.0)
0         (245.0,509.0,499.0,-306.0)
0         (245.0,509.0,498.0,-306.0)
0         (245.0,508.0,498.0,-306.0)
0         (245.0,508.0,497.0,-306.0)
0         (245.0,507.0,497.0,-306.0)
0         (245.0,507.0,496.0,-306.0)
0         (245.0,507.0,495.0,-306.0)
0         (245.0,506.0,495.0,-306.0)
0         (245.0,506.0,495.0,-307.0)
0         (245.0,506.0,494.0,-307.0)
0         (245.0,505.0,494.0,-307.0)
0         (245.0,505.0,493.0,-307.0)
0         (245.0,505.0,493.0,-306.0)
0         (245.0,504.0,493.0,-306.0)
0         (245.0,504.0,492.0,-306.0)
0         (245.0,503.0,492.0,-306.0)
0         (245.0,503.0,491.0,-306.0)
0         (245.0,503.0,490.0,-306.0)
0         (245.0,502.0,490.0,-306.0)
0         (245.0,502.0,489.0,-306.0)
0         (245.0,502.0,489.0,-307.0)
0         (245.0,501.0,489.0,-307.0)
0         (245.0,501.0,488.0,-307.0)
0         (245.0,501.0,488.0,-306.0)
0         (245.0,500.0,488.0,-306.0)
0         (245.0,500.0,487.0,-306.0)
0         (245.0,499.0,487.0,-306.0)
0         (245.0,499.0,486.0,-306.0)
0         (245.0,498.0,486.0,-306.0)
0         (245.0,498.0,485.0,-306.0)
0         (245.0,498.0,484.0,-306.0)
0         (245.0,497.0,484.0,-306.0)
0         (245.0,497.0,484.0,-307.0)
0         (245.0,497.0,483.0,-307.0)
0         (245.0,497.0,483.0,-306.0)
0         (245.0,496.0,483.0,-306.0)
0         (245.0,496.0,482.0,-306.0)
0         (245.0,495.0,482.0,-306.0)
0         (245.0,495.0,481.0,-306.0)
0         (245.0,494.0,481.0,-306.0)
0         (245.0,494.0,480.0,-306.0)
0         (245.0,494.0,479.0,-306.0)
0         (245.0,493.0,479.0,-306.0)
0         (245.0,493.0,478.0,-306.0)
0         (245.0,493.0,478.0,-307.0)
0         (245.0,492.0,478.0,-307.0)
0         (245.0,492.0,477.0,-307.0)
0         (245.0,492.0,477.0,-306.0)
0         (245.0,491.0,477.0,-306.0)
0         (245.0,491.0,476.0,-306.0)
0         (245.0,490.0,476.0,-306.0)
0         (245.0,490.0,475.0,-306.0)
0         (245.0,489.0,475.0,-306.0)
0         (245.0,489.0,474.0,-306.0)
0         (245.0,489.0,473.0,-306.0)
0         (245.0,488.0,473.0,-306.0)
0         (245.0,488.0,473.0,-307.0)
0         (245.0,488.0,472.0,-307.0)
0         (245.0,488.0,472.0,-306.0)
0         (245.0,487.0,472.0,-306.0)
0         (245.0,487.0,471.0,-306.0)
0         (245.0,486.0,471.0,-306.0)
0         (245.0,486.0,470.0,-306.0)
0         (245.0,485.0,470.0,-306.0)
0         (245.0,485.0,469.0,-306.0)
0         (245.0,485.0,468.0,-306.0)
0         (245.0,484.0,468.0,-306.0)
0         (245.0,484.0,468.0,-307.0)
0         (245.0,484.0,467.0,-307.0)
0         (245.0,483.0,467.0,-307.0)
0         (245.0,483.0,466.0,-307.0)
0         (245.0,483.0,466.0,-306.0)
0         (245.0,482.0,466.0,-306.0)
0         (245.0,482.0,465.0,-306.0)
0         (245.0,481.0,465.0,-306.0)
0         (245.0,481.0,464.0,-306.0)
0         (245.0,480.0,464.0,-306.0)
0         (245.0,480.0,463.0,-306.0)
0         (245.0,480.0,462.0,-306.0)
0         (245.0,479.0,462.0,-306.0)
0         (245.0,479.0,462.0,-307.0)
0         (245.0,479.0,461.0,-307.0)
0         (245.0,479.0,461.0,-306.0)
0         (245.0,478.0,461.0,-306.0)
0         (245.0,478.0,460.0,-306.0)
0         (245.0,477.0,460.0,-306.0)
0         (245.0,477.0,459.0,-306.0)
0         (245.0,476.0,459.0,-306.0)
0         (245.0,476.0,458.0,-306.0)
0         (245.0,476.0,457.0,-306.0)
0         (245.0,475.0,457.0,-306.0)
0         (245.0,475.0,457.0,-307.0)
0         (245.0,475.0,456.0,-307.0)
0         (245.0,474.0,456.0,-307.0)
0         (245.0,474.0,456.0,-306.0)
0         (245.0,474.0,455.0,-306.0)
0         (245.0,473.0,455.0,-306.0)
0         (245.0,473.0,454.0,-306.0)
0         (245.0,472.0,454.0,-306.0)
0         (245.0,472.0,453.0,-306.0)
0         (245.0,471.0,453.0,-306.0)
0         (245.0,471.0,452.0,-306.0)
0         (245.0,471.0,451.0,-306.0)
0         (245.0,471.0,451.0,-307.0)
0         (245.0,470.0,451.0,-307.0)
0         (245.0,470.0,450.0,-307.0)
0         (245.0,470.0,450.0,-306.0)
0         (245.0,469.0,450.0,-306.0)
0         (245.0,469.0,449.0,-306.0)
0         (245.0,468.0,449.0,-306.0)
0         (245.0,468.0,448.0,-306.0)
0         (245.0,467.0,448.0,-306.0)
0         (245.0,467.0,447.0,-306.0)
0         (245.0,467.0,446.0,-306.0)
0         (245.0,466.0,446.0,-306.0)
0         (245.0,466.0,446.0,-307.0)
0         (245.0,466.0,445.0,-307.0)
0         (245.0,466.0,445.0,-306.0)
0         (245.0,465.0,445.0,-306.0)
0         (245.0,465.0,444.0,-306.0)
0         (245.0,464.0,444.0,-306.0)
0         (245.0,464.0,443.0,-306.0)
0         (245.0,463.0,443.0,-306.0)
0         (245.0,463.0,442.0,-306.0)
0         (245.0,463.0,441.0,-306.0)
0         (245.0,462.0,441.0,-306.0)
0         (245.0,462.0,440.0,-306.0)
0         (245.0,462.0,440.0,-307.0)
0         (245.0,461.0,440.0,-307.0)
0         (245.0,461.0,439.0,-307.0)
0         (245.0,461.0,439.0,-306.0)
0         (245.0,460.0,439.0,-306.0)
0         (245.0,460.0,438.0,-306.0)
0         (245.0,459.0,438.0,-306.0)
0         (245.0,459.0,437.0,-306.0)
0         (245.0,458.0,437.0,-306.0)
0         (245.0,458.0,436.0,-306.0)
0         (245.0,458.0,435.0,-306.0)
0         (245.0,457.0,435.0,-306.0)
0         (245.0,457.0,435.0,-307.0)
0         (245.0,457.0,434.0,-307.0)
0         (245.0,457.0,434.0,-306.0)
0         (245.0,456.0,434.0,-306.0)
0         (245.0,456.0,433.0,-306.0)
0         (245.0,455.0,433.0,-306.0)
0         (245.0,455.0,432.0,-306.0)
0         (245.0,454.0,432.0,-306.0)
0         (245.0,454.0,431.0,-306.0)
0         (245.0,454.0,430.0,-306.0)
0         (245.0,453.0,430.0,-306.0)
0         (245.0,453.0,430.0,-307.0)
0         (245.0,453.0,429.0,-307.0)
0         (245.0,452.0,429.0,-307.0)
0         (245.0,452.0,429.0,-306.0)
0         (245.0,452.0,428.0,-306.0)
0         (245.0,451.0,428.0,-306.0)
0         (245.0,451.0,427.0,-306.0)
0         (245.0,450.0,427.0,-306.0)
0         (245.0,450.0,426.0,-306.0)
0         (245.0,449.0,426.0,-306.0)
0         (245.0,449.0,425.0,-306.0)
0         (245.0,449.0,424.0,-306.0)
0         (245.0,448.0,424.0,-306.0)
0         (245.0,448.0,424.0,-307.0)
0         (245.0,448.0,423.0,-307.0)
0         (245.0,448.0,423.0,-306.0)
0         (245.0,447.0,423.0,-306.0)
0         (245.0,447.0,422.0,-306.0)
0         (245.0,446.0,422.0,-306.0)
0         (245.0,446.0,421.0,-306.0)
0         (245.0,445.0,421.0,-306.0)
0         (245.0,445.0,420.0,-306.0)
0         (245.0,445.0,419.0,-306.0)
0         (245.0,444.0,419.0,-306.0)
0         (245.0,444.0,419.0,-307.0)
0         (245.0,444.0,418.0,-307.0)
0         (245.0,443.0,418.0,-307.0)
0         (245.0,443.0,418.0,-306.0)
0         (245.0,443.0,417.0,-306.0)
0         (245.0,442.0,417.0,-306.0)
0         (245.0,442.0,416.0,-306.0)
0         (245.0,441.0,416.0,-306.0)
0         (245.0,441.0,415.0,-306.0)
0         (245.0,440.0,415.0,-306.0)
0         (245.0,440.0,414.0,-306.0)
0         (245.0,440.0,413.0,-306.0)
0         (245.0,440.0,413.0,-307.0)
0         (245.0,439.0,413.0,-307.0)
0         (245.0,439.0,412.0,-307.0)
0         (245.0,439.0,412.0,-306.0)
0         (245.0,438.0,412.0,-306.0)
0         (245.0,438.0,411.0,-306.0)
0         (245.0,437.0,411.0,-306.0)
0         (245.0,437.0,410.0,-306.0)
0         (245.0,436.0,410.0,-306.0)
0         (245.0,436.0,409.0,-306.0)
0         (245.0,436.0,408.0,-306.0)
0         (245.0,435.0,408.0,-306.0)
0         (245.0,435.0,408.0,-307.0)
0         (245.0,435.0,407.0,-307.0)
0         (245.0,434.0,407.0,-307.0)
0         (245.0,434.0,407.0,-306.0)
0         (245.0,434.0,406.0,-306.0)
0         (245.0,433.0,406.0,-306.0)
0         (245.0,433.0,405.0,-306.0)
0         (245.0,432.0,405.0,-306.0)
0         (245.0,432.0,404.0,-306.0)
0         (245.0,431.0,404.0,-306.0)
0         (245.0,431.0,403.0,-306.0)
0         (245.0,431.0,402.0,-306.0)
0         (245.0,431.0,402.0,-307.0)
0         (245.0,430.0,402.0,-307.0)
0         (245.0,430.0,401.0,-307.0)
0         (245.0,430.0,401.0,-306.0)
0         (245.0,429.0,401.0,-306.0)
0         (245.0,429.0,400.0,-306.0)
0         (245.0,428.0,400.0,-306.0)
0         (245.0,428.0,399.0,-306.0)
0         (245.0,427.0,399.0,-306.0)
0         (245.0,427.0,398.0,-306.0)
0         (245.0,427.0,397.0,-306.0)
0         (245.0,426.0,397.0,-306.0)
0         (245.0,426.0,397.0,-307.0)
0         (245.0,426.0,396.0,-307.0)
0         (245.0,426.0,396.0,-306.0)
0         (245.0,425.0,396.0,-306.0)
0         (245.0,425.0,395.0,-306.0)
0         (245.0,424.0,395.0,-306.0)
0         (245.0,424.0,394.0,-306.0)
0         (245.0,423.0,394.0,-306.0)
0         (245.0,423.0,393.0,-306.0)
0         (245.0,423.0,392.0,-306.0)
0         (245.0,422.0,392.0,-306.0)
0         (245.0,422.0,392.0,-307.0)
0         (245.0,422.0,391.0,-307.0)
0         (245.0,421.0,391.0,-307.0)
0         (245.0,421.0,391.0,-306.0)
0         (245.0,421.0,390.0,-306.0)
0         (245.0,420.0,390.0,-306.0)
0         (245.0,420.0,389.0,-306.0)
0         (245.0,419.0,389.0,-306.0)
0         (245.0,419.0,388.0,-306.0)
0         (245.0,418.0,388.0,-306.0)
0         (245.0,418.0,387.0,-306.0)
0         (245.0,418.0,386.0,-306.0)
0         (245.0,417.0,386.0,-306.0)
0         (245.0,417.0,386.0,-307.0)
0         (245.0,417.0,385.0,-307.0)
0         (245.0,417.0,385.0,-306.0)
0         (245.0,416.0,385.0,-306.0)
0         (245.0,416.0,384.0,-306.0)
0         (245.0,415.0,384.0,-306.0)
0         (245.0,415.0,383.0,-306.0)
0         (245.0,414.0,383.0,-306.0)
0         (245.0,414.0,382.0,-306.0)
0         (245.0,414.0,381.0,-306.0)
0         (245.0,413.0,381.0,-306.0)
0         (245.0,413.0,381.0,-307.0)
0         (245.0,413.0,380.0,-307.0)
0         (245.0,412.0,380.0,-307.0)
0         (245.0,412.0,380.0,-306.0)
0         (245.0,412.0,379.0,-306.0)
0         (244.0,412.0,379.0,-306.0)
0         (244.0,411.0,379.0,-306.0)
0         (244.0,411.0,378.0,-306.0)
0         (244.0,410.0,378.0,-306.0)
0         (244.0,410.0,377.0,-306.0)
0         (244.0,409.0,377.0,-306.0)
0         (244.0,409.0,376.0,-306.0)
0         (244.0,409.0,375.0,-306.0)
0         (244.0,408.0,375.0,-306.0)
0         (245.0,408.0,375.0,-306.0)
0         (245.0,408.0,375.0,-307.0)
0         (245.0,408.0,374.0,-307.0)
0         (245.0,408.0,374.0,-306.0)
0         (245.0,407.0,374.0,-306.0)
0         (245.0,407.0,373.0,-306.0)
0         (245.0,406.0,373.0,-306.0)
0         (245.0,406.0,372.0,-306.0)
0         (245.0,405.0,372.0,-306.0)
0         (245.0,405.0,371.0,-306.0)
0         (245.0,405.0,370.0,-306.0)
0         (245.0,404.0,370.0,-306.0)
0         (245.0,404.0,370.0,-307.0)
0         (245.0,404.0,369.0,-307.0)
0         (245.0,404.0,369.0,-308.0)
0         (245.0,404.0,370.0,-308.0)
0         (245.0,403.0,370.0,-308.0)
0         (245.0,403.0,370.0,-307.0)
0         (245.0,403.0,369.0,-307.0)
0         (245.0,403.0,369.0,-306.0)
0         (245.0,403.0,368.0,-306.0)
0         (244.0,403.0,368.0,-306.0)
0         (244.0,402.0,368.0,-306.0)
0         (244.0,402.0,367.0,-306.0)
0         (244.0,401.0,367.0,-306.0)
0         (244.0,401.0,366.0,-306.0)
0         (244.0,400.0,366.0,-306.0)
0         (244.0,400.0,365.0,-306.0)
0         (244.0,400.0,364.0,-306.0)
0         (245.0,400.0,364.0,-306.0)
0         (245.0,400.0,364.0,-307.0)
0         (245.0,399.0,364.0,-307.0)
0         (245.0,399.0,363.0,-307.0)
0         (245.0,399.0,363.0,-306.0)
0         (245.0,398.0,363.0,-306.0)
0         (245.0,398.0,362.0,-306.0)
0         (245.0,397.0,362.0,-306.0)
0         (245.0,397.0,361.0,-306.0)
0         (245.0,396.0,361.0,-306.0)
0         (245.0,396.0,360.0,-306.0)
0         (245.0,396.0,359.0,-306.0)
0         (245.0,395.0,359.0,-306.0)
0         (245.0,395.0,359.0,-307.0)
0         (245.0,395.0,358.0,-307.0)
0         (245.0,395.0,358.0,-308.0)
0         (245.0,395.0,359.0,-308.0)
0         (245.0,394.0,359.0,-308.0)
0         (245.0,394.0,359.0,-307.0)
0         (245.0,394.0,358.0,-307.0)
0         (245.0,394.0,358.0,-306.0)
0         (245.0,394.0,357.0,-306.0)
0         (245.0,394.0,357.0,-305.0)
0         (245.0,393.0,357.0,-305.0)
0         (245.0,393.0,356.0,-305.0)
0         (245.0,392.0,356.0,-305.0)
0         (245.0,392.0,355.0,-305.0)
0         (245.0,391.0,355.0,-305.0)
0         (245.0,391.0,354.0,-305.0)
0         (245.0,391.0,354.0,-306.0)
0         (245.0,391.0,354.0,-307.0)
0         (245.0,391.0,353.0,-307.0)
0         (245.0,390.0,353.0,-307.0)
0         (245.0,390.0,353.0,-306.0)
0         (245.0,390.0,352.0,-306.0)
0         (245.0,389.0,352.0,-306.0)
0         (245.0,389.0,351.0,-306.0)
0         (245.0,388.0,351.0,-306.0)
0         (245.0,388.0,350.0,-306.0)
0         (245.0,387.0,350.0,-306.0)
0         (245.0,387.0,349.0,-306.0)
0         (245.0,387.0,348.0,-306.0)
0         (245.0,386.0,348.0,-306.0)
0         (245.0,386.0,348.0,-307.0)
0         (245.0,386.0,347.0,-307.0)
0         (245.0,386.0,347.0,-306.0)
0         (245.0,385.0,347.0,-306.0)
0         (245.0,385.0,346.0,-306.0)
0         (245.0,385.0,346.0,-305.0)
0         (245.0,384.0,346.0,-305.0)
0         (245.0,384.0,345.0,-305.0)
0         (245.0,383.0,345.0,-305.0)
0         (245.0,383.0,344.0,-305.0)
0         (245.0,382.0,344.0,-305.0)
0         (245.0,382.0,343.0,-305.0)
0         (245.0,382.0,343.0,-306.0)
0         (245.0,382.0,343.0,-307.0)
0         (245.0,382.0,342.0,-307.0)
0         (245.0,381.0,342.0,-307.0)
0         (245.0,381.0,342.0,-306.0)
0         (245.0,381.0,341.0,-306.0)
0         (244.0,381.0,341.0,-306.0)
0         (244.0,380.0,341.0,-306.0)
0         (244.0,380.0,340.0,-306.0)
0         (244.0,379.0,340.0,-306.0)
0         (244.0,379.0,339.0,-306.0)
0         (244.0,378.0,339.0,-306.0)
0         (244.0,378.0,338.0,-306.0)
0         (244.0,378.0,337.0,-306.0)
0         (244.0,377.0,337.0,-306.0)
0         (245.0,377.0,337.0,-306.0)
0         (245.0,377.0,337.0,-307.0)
0         (245.0,377.0,336.0,-307.0)
0         (245.0,377.0,336.0,-306.0)
0         (245.0,376.0,336.0,-306.0)
0         (245.0,376.0,335.0,-306.0)
0         (245.0,376.0,335.0,-305.0)
0         (245.0,375.0,335.0,-305.0)
0         (245.0,375.0,334.0,-305.0)
0         (245.0,374.0,334.0,-305.0)
0         (245.0,374.0,333.0,-305.0)
0         (245.0,373.0,333.0,-305.0)
0         (245.0,373.0,333.0,-306.0)
0         (245.0,373.0,332.0,-306.0)
0         (245.0,373.0,332.0,-307.0)
0         (245.0,373.0,331.0,-307.0)
0         (245.0,372.0,331.0,-307.0)
0         (245.0,372.0,331.0,-306.0)
0         (245.0,372.0,330.0,-306.0)
0         (244.0,372.0,330.0,-306.0)
0         (244.0,371.0,330.0,-306.0)
0         (244.0,371.0,329.0,-306.0)
0         (244.0,370.0,329.0,-306.0)
0         (244.0,370.0,328.0,-306.0)
0         (244.0,369.0,328.0,-306.0)
0         (244.0,369.0,327.0,-306.0)
0         (244.0,369.0,326.0,-306.0)
0         (245.0,369.0,326.0,-306.0)
0         (245.0,369.0,326.0,-307.0)
0         (245.0,368.0,326.0,-307.0)
0         (245.0,368.0,325.0,-307.0)
0         (245.0,368.0,325.0,-306.0)
0         (245.0,368.0,326.0,-306.0)
0         (244.0,368.0,326.0,-306.0)
0         (244.0,368.0,325.0,-306.0)
0         (244.0,367.0,325.0,-306.0)
0         (244.0,367.0,324.0,-306.0)
0         (244.0,366.0,324.0,-306.0)
0         (244.0,366.0,323.0,-306.0)
0         (244.0,365.0,323.0,-306.0)
0         (244.0,365.0,322.0,-306.0)
0         (244.0,364.0,322.0,-306.0)
0         (244.0,364.0,321.0,-306.0)
0         (245.0,364.0,321.0,-306.0)
0         (245.0,364.0,321.0,-307.0)
0         (245.0,364.0,320.0,-307.0)
0         (245.0,364.0,320.0,-308.0)
0         (245.0,364.0,321.0,-308.0)
0         (245.0,363.0,321.0,-308.0)
0         (245.0,363.0,321.0,-307.0)
0         (245.0,363.0,320.0,-307.0)
0         (245.0,363.0,320.0,-306.0)
0         (245.0,363.0,319.0,-306.0)
0         (244.0,363.0,319.0,-306.0)
0         (244.0,362.0,319.0,-306.0)
0         (244.0,362.0,318.0,-306.0)
0         (244.0,361.0,318.0,-306.0)
0         (244.0,361.0,317.0,-306.0)
0         (244.0,360.0,317.0,-306.0)
0         (244.0,360.0,316.0,-306.0)
0         (245.0,360.0,316.0,-306.0)
0         (245.0,360.0,316.0,-307.0)
0         (245.0,360.0,315.0,-307.0)
0         (245.0,359.0,315.0,-307.0)
0         (245.0,359.0,315.0,-308.0)
0         (245.0,360.0,315.0,-308.0)
0         (245.0,360.0,316.0,-308.0)
0         (245.0,359.0,316.0,-308.0)
0         (245.0,359.0,316.0,-307.0)
0         (245.0,359.0,316.0,-306.0)
0         (245.0,359.0,315.0,-306.0)
0         (245.0,359.0,314.0,-306.0)
0         (245.0,359.0,314.0,-307.0)
0         (245.0,360.0,314.0,-307.0)
0         (245.0,360.0,314.0,-306.0)
0         (245.0,360.0,315.0,-306.0)
0         (244.0,360.0,315.0,-306.0)
0         (244.0,359.0,315.0,-306.0)
0         (244.0,359.0,314.0,-306.0)
0         (244.0,358.0,314.0,-306.0)
0         (244.0,358.0,314.0,-305.0)
0         (244.0,357.0,314.0,-305.0)
0         (244.0,357.0,314.0,-304.0)
0         (244.0,356.0,314.0,-304.0)
0         (244.0,356.0,314.0,-303.0)
0         (244.0,356.0,314.0,-302.0)
0         (244.0,355.0,314.0,-302.0)
0         (245.0,355.0,314.0,-302.0)
0         (245.0,355.0,315.0,-302.0)
0         (245.0,355.0,315.0,-301.0)
0         (245.0,355.0,315.0,-300.0)
0         (245.0,355.0,314.0,-300.0)
0         (245.0,354.0,314.0,-300.0)
0         (245.0,354.0,314.0,-299.0)
0         (245.0,354.0,313.0,-299.0)
0         (245.0,353.0,313.0,-299.0)
0         (245.0,353.0,312.0,-299.0)
0         (245.0,352.0,312.0,-299.0)
0         (245.0,352.0,311.0,-299.0)
0         (245.0,351.0,311.0,-299.0)
0         (245.0,351.0,311.0,-300.0)
0         (245.0,351.0,310.0,-300.0)
0         (245.0,351.0,310.0,-301.0)
0         (245.0,350.0,310.0,-301.0)
0         (245.0,350.0,309.0,-301.0)
0         (245.0,351.0,309.0,-301.0)
0         (245.0,351.0,309.0,-300.0)
0         (245.0,350.0,309.0,-300.0)
0         (245.0,350.0,310.0,-300.0)
0         (244.0,350.0,310.0,-300.0)
0         (244.0,350.0,309.0,-300.0)
0         (244.0,350.0,308.0,-300.0)
0         (244.0,349.0,308.0,-300.0)
0         (244.0,349.0,308.0,-299.0)
0         (244.0,348.0,308.0,-299.0)
0         (244.0,348.0,307.0,-299.0)
0         (244.0,347.0,307.0,-299.0)
0         (244.0,347.0,306.0,-299.0)
0         (244.0,347.0,305.0,-299.0)
0         (244.0,346.0,305.0,-299.0)
0         (244.0,346.0,304.0,-299.0)
0         (244.0,345.0,304.0,-299.0)
0         (244.0,345.0,303.0,-299.0)
0         (244.0,344.0,303.0,-299.0)
0         (244.0,344.0,303.0,-298.0)
0         (244.0,343.0,303.0,-298.0)
0         (244.0,343.0,303.0,-297.0)
0         (244.0,343.0,303.0,-296.0)
0         (244.0,342.0,303.0,-296.0)
0         (244.0,342.0,303.0,-295.0)
0         (245.0,342.0,303.0,-295.0)
0         (245.0,342.0,304.0,-295.0)
0         (245.0,342.0,304.0,-294.0)
0         (245.0,341.0,304.0,-294.0)
0         (245.0,341.0,304.0,-295.0)
0         (245.0,341.0,305.0,-295.0)
0         (245.0,342.0,305.0,-295.0)
0         (245.0,342.0,305.0,-294.0)
0         (245.0,341.0,305.0,-294.0)
0         (245.0,341.0,305.0,-293.0)
0         (245.0,341.0,304.0,-293.0)
0         (245.0,341.0,303.0,-293.0)
0         (244.0,341.0,303.0,-293.0)
0         (244.0,340.0,303.0,-293.0)
0         (244.0,340.0,302.0,-293.0)
0         (244.0,339.0,302.0,-293.0)
0         (244.0,339.0,301.0,-293.0)
0         (244.0,338.0,301.0,-293.0)
0         (244.0,338.0,300.0,-293.0)
0         (244.0,338.0,299.0,-293.0)
0         (244.0,337.0,299.0,-293.0)
0         (244.0,337.0,298.0,-293.0)
0         (244.0,336.0,298.0,-293.0)
0         (244.0,336.0,297.0,-293.0)
0         (244.0,335.0,297.0,-293.0)
0         (244.0,335.0,296.0,-293.0)
0         (244.0,334.0,296.0,-293.0)
0         (244.0,334.0,295.0,-293.0)
0         (244.0,333.0,295.0,-293.0)
0         (244.0,333.0,294.0,-293.0)
0         (244.0,333.0,293.0,-293.0)
0         (244.0,332.0,293.0,-293.0)
0         (244.0,332.0,292.0,-293.0)
0         (244.0,331.0,292.0,-293.0)
0         (244.0,331.0,292.0,-292.0)
0         (244.0,330.0,292.0,-292.0)
0         (244.0,330.0,292.0,-291.0)
0         (244.0,329.0,292.0,-291.0)
0         (244.0,329.0,292.0,-290.0)
0         (244.0,329.0,292.0,-289.0)
0         (244.0,328.0,292.0,-289.0)
0         (244.0,328.0,292.0,-288.0)
0         (244.0,328.0,292.0,-287.0)
0         (244.0,327.0,292.0,-287.0)
0         (244.0,327.0,292.0,-286.0)
0         (244.0,326.0,292.0,-286.0)
0         (244.0,326.0,292.0,-285.0)
0         (244.0,325.0,292.0,-285.0)
0         (244.0,325.0,292.0,-284.0)
0         (244.0,325.0,292.0,-283.0)
0         (244.0,324.0,292.0,-283.0)
0         (244.0,324.0,292.0,-282.0)
0         (245.0,324.0,292.0,-282.0)
0         (245.0,324.0,293.0,-282.0)
0         (245.0,324.0,294.0,-282.0)
0         (245.0,324.0,294.0,-283.0)
0         (245.0,324.0,293.0,-283.0)
0         (245.0,323.0,293.0,-283.0)
0         (245.0,323.0,293.0,-282.0)
0         (245.0,323.0,293.0,-281.0)
0         (245.0,324.0,293.0,-281.0)
0         (245.0,324.0,294.0,-281.0)
0         (245.0,323.0,294.0,-281.0)
0         (245.0,323.0,294.0,-282.0)
0         (245.0,323.0,294.0,-283.0)
0         (244.0,323.0,294.0,-283.0)
0         (244.0,323.0,294.0,-282.0)
0         (244.0,323.0,293.0,-282.0)
0         (244.0,323.0,293.0,-281.0)
0         (244.0,323.0,292.0,-281.0)
0         (244.0,323.0,292.0,-280.0)
0         (244.0,322.0,292.0,-280.0)
0         (244.0,322.0,291.0,-280.0)
0         (244.0,321.0,291.0,-280.0)
0         (244.0,321.0,290.0,-280.0)
0         (244.0,320.0,290.0,-280.0)
0         (244.0,320.0,289.0,-280.0)
0         (244.0,320.0,288.0,-280.0)
0         (244.0,319.0,288.0,-280.0)
0         (244.0,319.0,287.0,-280.0)
0         (244.0,318.0,287.0,-280.0)
0         (244.0,318.0,286.0,-280.0)
0         (244.0,317.0,286.0,-280.0)
0         (244.0,317.0,285.0,-280.0)
0         (244.0,316.0,285.0,-280.0)
0         (244.0,316.0,284.0,-280.0)
0         (244.0,315.0,284.0,-280.0)
0         (244.0,315.0,283.0,-280.0)
0         (244.0,315.0,282.0,-280.0)
0         (244.0,314.0,282.0,-280.0)
0         (244.0,314.0,281.0,-280.0)
0         (244.0,313.0,281.0,-280.0)
0         (244.0,313.0,281.0,-279.0)
0         (244.0,312.0,281.0,-279.0)
0         (244.0,312.0,281.0,-278.0)
0         (244.0,311.0,281.0,-278.0)
0         (244.0,311.0,281.0,-277.0)
0         (244.0,311.0,281.0,-276.0)
0         (244.0,310.0,281.0,-276.0)
0         (244.0,310.0,281.0,-275.0)
0         (244.0,310.0,281.0,-274.0)
0         (244.0,309.0,281.0,-274.0)
0         (244.0,309.0,280.0,-274.0)
0         (244.0,308.0,280.0,-274.0)
0         (244.0,308.0,279.0,-274.0)
0         (244.0,307.0,279.0,-274.0)
0         (244.0,307.0,278.0,-274.0)
0         (244.0,306.0,278.0,-274.0)
0         (244.0,306.0,277.0,-274.0)
0         (244.0,306.0,276.0,-274.0)
0         (244.0,305.0,276.0,-274.0)
0         (244.0,305.0,275.0,-274.0)
0         (244.0,304.0,275.0,-274.0)
0         (244.0,304.0,274.0,-274.0)
0         (244.0,303.0,274.0,-274.0)
0         (244.0,303.0,273.0,-274.0)
0         (244.0,302.0,273.0,-274.0)
0         (244.0,302.0,272.0,-274.0)
0         (244.0,302.0,271.0,-274.0)
0         (244.0,301.0,271.0,-274.0)
0         (244.0,301.0,270.0,-274.0)
0         (244.0,300.0,270.0,-274.0)
0         (244.0,300.0,270.0,-273.0)
0         (244.0,299.0,270.0,-273.0)
0         (244.0,299.0,270.0,-272.0)
0         (244.0,298.0,270.0,-272.0)
0         (244.0,298.0,270.0,-271.0)
0         (244.0,298.0,270.0,-270.0)
0         (244.0,297.0,270.0,-270.0)
0         (244.0,297.0,270.0,-269.0)
0         (244.0,297.0,270.0,-268.0)
0         (244.0,296.0,270.0,-268.0)
0         (244.0,296.0,270.0,-267.0)
0         (244.0,295.0,270.0,-267.0)
0         (244.0,295.0,270.0,-266.0)
0         (244.0,294.0,270.0,-266.0)
0         (244.0,294.0,270.0,-265.0)
0         (244.0,293.0,270.0,-265.0)
0         (244.0,293.0,270.0,-264.0)
0         (244.0,293.0,270.0,-263.0)
0         (244.0,292.0,270.0,-263.0)
0         (244.0,292.0,270.0,-262.0)
0         (244.0,292.0,270.0,-261.0)
0         (244.0,291.0,270.0,-261.0)
0         (244.0,291.0,269.0,-261.0)
0         (244.0,290.0,269.0,-261.0)
0         (244.0,290.0,268.0,-261.0)
0         (244.0,289.0,268.0,-261.0)
0         (244.0,289.0,267.0,-261.0)
0         (244.0,288.0,267.0,-261.0)
0         (244.0,288.0,266.0,-261.0)
0         (244.0,288.0,265.0,-261.0)
0         (244.0,287.0,265.0,-261.0)
0         (244.0,287.0,264.0,-261.0)
0         (244.0,286.0,264.0,-261.0)
0         (244.0,286.0,263.0,-261.0)
0         (244.0,285.0,263.0,-261.0)
0         (244.0,285.0,262.0,-261.0)
0         (244.0,284.0,262.0,-261.0)
0         (244.0,284.0,261.0,-261.0)
0         (244.0,283.0,261.0,-261.0)
0         (244.0,283.0,260.0,-261.0)
0         (244.0,283.0,259.0,-261.0)
0         (244.0,282.0,259.0,-261.0)
0         (244.0,282.0,259.0,-260.0)
0         (244.0,281.0,259.0,-260.0)
0         (244.0,281.0,259.0,-259.0)
0         (244.0,280.0,259.0,-259.0)
0         (244.0,280.0,259.0,-258.0)
0         (244.0,280.0,259.0,-257.0)
0         (244.0,279.0,259.0,-257.0)
0         (244.0,279.0,259.0,-256.0)
0         (244.0,278.0,259.0,-256.0)
0         (244.0,278.0,259.0,-255.0)
0         (244.0,278.0,258.0,-255.0)
0         (244.0,277.0,258.0,-255.0)
0         (244.0,277.0,257.0,-255.0)
0         (244.0,276.0,257.0,-255.0)
0         (244.0,276.0,256.0,-255.0)
0         (244.0,275.0,256.0,-255.0)
0         (244.0,275.0,255.0,-255.0)
0         (244.0,274.0,255.0,-255.0)
0         (244.0,274.0,254.0,-255.0)
0         (244.0,274.0,253.0,-255.0)
0         (244.0,273.0,253.0,-255.0)
0         (244.0,273.0,252.0,-255.0)
0         (244.0,272.0,252.0,-255.0)
0         (244.0,272.0,251.0,-255.0)
0         (244.0,271.0,251.0,-255.0)
0         (244.0,271.0,250.0,-255.0)
0         (244.0,270.0,250.0,-255.0)
0         (244.0,270.0,249.0,-255.0)
0         (244.0,269.0,249.0,-255.0)
0         (244.0,269.0,248.0,-255.0)
0         (244.0,269.0,248.0,-254.0)
0         (244.0,268.0,248.0,-254.0)
0         (244.0,268.0,248.0,-253.0)
0         (244.0,267.0,248.0,-253.0)
0         (244.0,267.0,248.0,-252.0)
0         (244.0,267.0,248.0,-251.0)
0         (244.0,266.0,248.0,-251.0)
0         (244.0,266.0,248.0,-250.0)
0         (244.0,265.0,248.0,-250.0)
0         (244.0,265.0,248.0,-249.0)
0         (244.0,264.0,248.0,-249.0)
0         (244.0,264.0,247.0,-249.0)
0         (244.0,263.0,247.0,-249.0)
0         (244.0,263.0,246.0,-249.0)
0         (244.0,262.0,246.0,-249.0)
0         (244.0,262.0,245.0,-249.0)
0         (244.0,262.0,244.0,-249.0)
0         (244.0,261.0,244.0,-249.0)
0         (244.0,261.0,243.0,-249.0)
0         (244.0,260.0,243.0,-249.0)
0         (244.0,260.0,243.0,-248.0)
0         (244.0,259.0,243.0,-248.0)
0         (244.0,259.0,243.0,-247.0)
0         (244.0,258.0,243.0,-247.0)
0         (244.0,258.0,243.0,-246.0)
0         (244.0,258.0,243.0,-245.0)
0         (245.0,258.0,243.0,-245.0)
0         (245.0,258.0,244.0,-245.0)
0         (245.0,257.0,244.0,-245.0)
0         (245.0,257.0,244.0,-244.0)
0         (245.0,257.0,245.0,-244.0)
0         (245.0,257.0,245.0,-245.0)
0         (245.0,258.0,245.0,-245.0)
0         (245.0,258.0,245.0,-244.0)
0         (245.0,258.0,244.0,-244.0)
0         (245.0,258.0,244.0,-243.0)
0         (245.0,257.0,244.0,-243.0)
0         (245.0,257.0,243.0,-243.0)
0         (245.0,257.0,243.0,-244.0)
0         (244.0,257.0,243.0,-244.0)
0         (244.0,257.0,243.0,-243.0)
0         (244.0,256.0,243.0,-243.0)
0         (244.0,256.0,243.0,-242.0)
0         (244.0,255.0,243.0,-242.0)
0         (244.0,255.0,243.0,-241.0)
0         (244.0,254.0,243.0,-241.0)
0         (244.0,254.0,243.0,-240.0)
0         (244.0,254.0,243.0,-239.0)
0         (244.0,253.0,243.0,-239.0)
0         (245.0,253.0,243.0,-239.0)
0         (245.0,253.0,244.0,-239.0)
0         (245.0,253.0,244.0,-238.0)
0         (245.0,253.0,245.0,-238.0)
0         (245.0,253.0,245.0,-239.0)
0         (245.0,252.0,245.0,-239.0)
0         (245.0,252.0,245.0,-238.0)
0         (245.0,252.0,244.0,-238.0)
0         (245.0,252.0,244.0,-237.0)
0         (245.0,253.0,244.0,-237.0)
0         (245.0,253.0,245.0,-237.0)
0         (245.0,252.0,245.0,-237.0)
0         (244.0,252.0,245.0,-237.0)
0         (244.0,252.0,244.0,-237.0)
0         (244.0,252.0,243.0,-237.0)
0         (244.0,252.0,243.0,-236.0)
0         (244.0,251.0,243.0,-236.0)
0         (243.0,251.0,243.0,-236.0)
0         (243.0,250.0,243.0,-236.0)
0         (242.0,250.0,243.0,-236.0)
0         (242.0,249.0,243.0,-236.0)
0         (242.0,248.0,243.0,-236.0)
0         (241.0,248.0,243.0,-236.0)
0         (241.0,247.0,243.0,-236.0)
0         (241.0,247.0,242.0,-236.0)
0         (241.0,246.0,242.0,-236.0)
0         (241.0,246.0,241.0,-236.0)
0         (241.0,245.0,241.0,-236.0)
0         (241.0,245.0,240.0,-236.0)
0         (241.0,244.0,240.0,-236.0)
0         (241.0,244.0,240.0,-237.0)
0         (241.0,244.0,239.0,-237.0)
0         (242.0,244.0,239.0,-237.0)
0         (242.0,244.0,239.0,-238.0)
0         (242.0,244.0,239.0,-239.0)
0         (242.0,244.0,240.0,-239.0)
0         (242.0,244.0,240.0,-238.0)
0         (242.0,244.0,240.0,-237.0)
0         (242.0,243.0,240.0,-237.0)
0         (242.0,243.0,239.0,-237.0)
0         (242.0,243.0,239.0,-238.0)
0         (242.0,243.0,238.0,-238.0)
0         (242.0,244.0,238.0,-238.0)
0         (242.0,244.0,238.0,-237.0)
0         (241.0,244.0,238.0,-237.0)
0         (241.0,243.0,238.0,-237.0)
0         (241.0,243.0,238.0,-236.0)
0         (241.0,243.0,237.0,-236.0)
0         (241.0,242.0,237.0,-236.0)
0         (241.0,242.0,236.0,-236.0)
0         (241.0,241.0,236.0,-236.0)
0         (241.0,241.0,235.0,-236.0)
0         (241.0,240.0,235.0,-236.0)
0         (241.0,240.0,234.0,-236.0)
0         (241.0,240.0,234.0,-237.0)
0         (242.0,240.0,234.0,-237.0)
0         (242.0,240.0,234.0,-238.0)
0         (242.0,240.0,233.0,-238.0)
0         (242.0,239.0,233.0,-238.0)
0         (242.0,239.0,234.0,-238.0)
0         (242.0,239.0,234.0,-239.0)
0         (242.0,240.0,234.0,-239.0)
0         (242.0,240.0,233.0,-239.0)
0         (242.0,239.0,233.0,-239.0)
0         (241.0,239.0,233.0,-239.0)
0         (241.0,239.0,233.0,-238.0)
0         (241.0,239.0,233.0,-237.0)
0         (242.0,239.0,233.0,-237.0)
0         (242.0,240.0,233.0,-237.0)
0         (241.0,240.0,233.0,-237.0)
0         (241.0,240.0,233.0,-238.0)
0         (241.0,240.0,234.0,-238.0)
0         (241.0,239.0,234.0,-238.0)
0         (241.0,239.0,234.0,-237.0)
0         (242.0,239.0,234.0,-237.0)
0         (242.0,239.0,235.0,-237.0)
0         (242.0,239.0,235.0,-238.0)
0         (242.0,240.0,235.0,-238.0)
0         (242.0,240.0,235.0,-239.0)
0         (242.0,239.0,235.0,-239.0)
0         (241.0,239.0,235.0,-239.0)
0         (241.0,239.0,234.0,-239.0)
0         (241.0,240.0,234.0,-239.0)
0         (241.0,240.0,233.0,-239.0)
0         (241.0,240.0,232.0,-239.0)
0         (241.0,240.0,232.0,-238.0)
0         (241.0,239.0,232.0,-238.0)
0         (241.0,239.0,232.0,-237.0)
0         (241.0,239.0,232.0,-236.0)
0         (241.0,238.0,232.0,-236.0)
0         (240.0,238.0,232.0,-236.0)
0         (240.0,237.0,232.0,-236.0)
0         (239.0,237.0,232.0,-236.0)
0         (239.0,236.0,232.0,-236.0)
0         (239.0,235.0,232.0,-236.0)
0         (238.0,235.0,232.0,-236.0)
0         (238.0,234.0,232.0,-236.0)
0         (237.0,234.0,232.0,-236.0)
0         (237.0,234.0,232.0,-235.0)
0         (236.0,234.0,232.0,-235.0)
0         (236.0,234.0,232.0,-234.0)
0         (236.0,234.0,232.0,-233.0)
0         (236.0,234.0,232.0,-232.0)
0         (235.0,234.0,232.0,-232.0)
0         (235.0,234.0,232.0,-231.0)
0         (235.0,234.0,232.0,-230.0)
0         (234.0,234.0,232.0,-230.0)
0         (234.0,233.0,232.0,-230.0)
0         (233.0,233.0,232.0,-230.0)
0         (233.0,232.0,232.0,-230.0)
0         (233.0,231.0,232.0,-230.0)
0         (232.0,231.0,232.0,-230.0)
0         (232.0,230.0,232.0,-230.0)
0         (232.0,229.0,232.0,-230.0)
0         (231.0,229.0,232.0,-230.0)
0         (231.0,229.0,231.0,-230.0)
0         (230.0,229.0,231.0,-230.0)
0         (230.0,229.0,230.0,-230.0)
0         (230.0,229.0,229.0,-230.0)
0         (229.0,229.0,229.0,-230.0)
0         (229.0,229.0,228.0,-230.0)
0         (229.0,229.0,227.0,-230.0)
0         (228.0,229.0,227.0,-230.0)
0         (228.0,229.0,226.0,-230.0)
0         (228.0,229.0,226.0,-229.0)
0         (228.0,228.0,226.0,-229.0)
0         (228.0,228.0,226.0,-228.0)
0         (228.0,227.0,226.0,-228.0)
0         (228.0,227.0,226.0,-227.0)
0         (228.0,227.0,226.0,-226.0)
0         (228.0,226.0,226.0,-226.0)
0         (228.0,226.0,226.0,-225.0)
0         (228.0,226.0,226.0,-224.0)
0         (228.0,225.0,226.0,-224.0)
0         (228.0,225.0,226.0,-223.0)
0         (227.0,225.0,226.0,-223.0)
