# run = 17
occ          S   
0         (368.0,179.0,565.0,-193.0)
0         (368.0,178.0,565.0,-193.0)
0         (367.0,178.0,565.0,-193.0)
0         (367.0,178.0,565.0,-194.0)
0         (367.0,177.0,565.0,-194.0)
0         (367.0,177.0,564.0,-194.0)
0         (367.0,177.0,564.0,-193.0)
0         (367.0,177.0,563.0,-193.0)
0         (366.0,177.0,563.0,-193.0)
0         (366.0,177.0,562.0,-193.0)
0         (365.0,177.0,562.0,-193.0)
0         (365.0,177.0,561.0,-193.0)
0         (365.0,177.0,560.0,-193.0)
0         (364.0,177.0,560.0,-193.0)
0         (364.0,177.0,560.0,-194.0)
0         (364.0,177.0,559.0,-194.0)
0         (364.0,178.0,559.0,-194.0)
0         (364.0,178.0,560.0,-194.0)
0         (364.0,178.0,560.0,-195.0)
0         (364.0,178.0,559.0,-195.0)
0         (364.0,177.0,559.0,-195.0)
0         (364.0,177.0,560.0,-195.0)
0         (364.0,177.0,560.0,-196.0)
0         (364.0,177.0,559.0,-196.0)
0         (364.0,178.0,559.0,-196.0)
0         (364.0,178.0,560.0,-196.0)
0         (365.0,178.0,560.0,-196.0)
0         (365.0,178.0,560.0,-195.0)
0         (365.0,178.0,560.0,-194.0)
0         (365.0,178.0,559.0,-194.0)
0         (365.0,177.0,559.0,-194.0)
0         (365.0,177.0,559.0,-193.0)
0         (364.0,177.0,559.0,-193.0)
0         (364.0,177.0,558.0,-193.0)
0         (363.0,177.0,558.0,-193.0)
0         (363.0,177.0,557.0,-193.0)
0         (362.0,177.0,557.0,-193.0)
0         (362.0,177.0,556.0,-193.0)
0         (362.0,177.0,555.0,-193.0)
0         (361.0,177.0,555.0,-193.0)
0         (361.0,177.0,554.0,-193.0)
0         (361.0,177.0,554.0,-194.0)
0         (361.0,178.0,554.0,-194.0)
0         (361.0,178.0,554.0,-195.0)
0         (361.0,177.0,554.0,-195.0)
0         (361.0,177.0,553.0,-195.0)
0         (361.0,177.0,553.0,-194.0)
0         (361.0,177.0,553.0,-193.0)
0         (360.0,177.0,553.0,-193.0)
0         (360.0,177.0,552.0,-193.0)
0         (359.0,177.0,552.0,-193.0)
0         (359.0,177.0,551.0,-193.0)
0         (359.0,177.0,550.0,-193.0)
0         (358.0,177.0,550.0,-193.0)
0         (358.0,177.0,549.0,-193.0)
0         (358.0,177.0,549.0,-194.0)
0         (358.0,177.0,548.0,-194.0)
0         (358.0,178.0,548.0,-194.0)
0         (358.0,178.0,549.0,-194.0)
0         (358.0,178.0,549.0,-195.0)
0         (358.0,177.0,549.0,-195.0)
0         (358.0,177.0,548.0,-195.0)
0         (358.0,178.0,548.0,-195.0)
0         (357.0,178.0,548.0,-195.0)
0         (357.0,178.0,548.0,-194.0)
0         (357.0,178.0,547.0,-194.0)
0         (356.0,178.0,547.0,-194.0)
0         (356.0,178.0,546.0,-194.0)
0         (356.0,178.0,545.0,-194.0)
0         (355.0,178.0,545.0,-194.0)
0         (355.0,178.0,544.0,-194.0)
0         (355.0,178.0,543.0,-194.0)
0         (355.0,177.0,543.0,-194.0)
0         (355.0,177.0,543.0,-195.0)
0         (355.0,178.0,543.0,-195.0)
0         (355.0,178.0,544.0,-195.0)
0         (355.0,177.0,544.0,-195.0)
0         (355.0,177.0,544.0,-194.0)
0         (355.0,177.0,544.0,-193.0)
0         (355.0,177.0,543.0,-193.0)
0         (355.0,177.0,542.0,-193.0)
0         (354.0,177.0,542.0,-193.0)
0         (354.0,177.0,541.0,-193.0)
0         (353.0,177.0,541.0,-193.0)
0         (353.0,177.0,540.0,-193.0)
0         (352.0,177.0,540.0,-193.0)
0         (352.0,177.0,539.0,-193.0)
0         (352.0,177.0,538.0,-193.0)
0         (352.0,177.0,538.0,-194.0)
0         (352.0,178.0,538.0,-194.0)
0         (352.0,178.0,538.0,-195.0)
0         (352.0,177.0,538.0,-195.0)
0         (352.0,177.0,537.0,-195.0)
0         (352.0,177.0,537.0,-194.0)
0         (351.0,177.0,537.0,-194.0)
0         (351.0,177.0,537.0,-193.0)
0         (351.0,177.0,536.0,-193.0)
0         (350.0,177.0,536.0,-193.0)
0         (350.0,177.0,535.0,-193.0)
0         (349.0,177.0,535.0,-193.0)
0         (349.0,177.0,534.0,-193.0)
0         (349.0,177.0,533.0,-193.0)
0         (349.0,177.0,533.0,-194.0)
0         (349.0,177.0,532.0,-194.0)
0         (348.0,177.0,532.0,-194.0)
0         (348.0,177.0,531.0,-194.0)
0         (348.0,177.0,531.0,-193.0)
0         (347.0,177.0,531.0,-193.0)
0         (347.0,177.0,530.0,-193.0)
0         (347.0,177.0,529.0,-193.0)
0         (346.0,177.0,529.0,-193.0)
0         (346.0,177.0,528.0,-193.0)
0         (346.0,177.0,527.0,-193.0)
0         (345.0,177.0,527.0,-193.0)
0         (345.0,177.0,527.0,-194.0)
0         (345.0,177.0,526.0,-194.0)
0         (345.0,177.0,526.0,-193.0)
0         (345.0,177.0,525.0,-193.0)
0         (344.0,177.0,525.0,-193.0)
0         (344.0,177.0,524.0,-193.0)
0         (343.0,177.0,524.0,-193.0)
0         (343.0,177.0,523.0,-193.0)
0         (343.0,177.0,522.0,-193.0)
0         (342.0,177.0,522.0,-193.0)
0         (342.0,177.0,522.0,-194.0)
0         (342.0,177.0,521.0,-194.0)
0         (342.0,178.0,521.0,-194.0)
0         (342.0,178.0,522.0,-194.0)
0         (342.0,178.0,522.0,-195.0)
0         (342.0,178.0,521.0,-195.0)
0         (342.0,177.0,521.0,-195.0)
0         (342.0,177.0,522.0,-195.0)
0         (343.0,177.0,522.0,-195.0)
0         (343.0,177.0,521.0,-195.0)
0         (343.0,177.0,521.0,-194.0)
0         (343.0,178.0,521.0,-194.0)
0         (343.0,178.0,522.0,-194.0)
0         (343.0,177.0,522.0,-194.0)
0         (343.0,177.0,523.0,-194.0)
0         (342.0,177.0,523.0,-194.0)
0         (342.0,178.0,523.0,-194.0)
0         (342.0,178.0,523.0,-195.0)
0         (342.0,177.0,523.0,-195.0)
0         (343.0,177.0,523.0,-195.0)
0         (343.0,178.0,523.0,-195.0)
0         (343.0,178.0,522.0,-195.0)
0         (343.0,178.0,521.0,-195.0)
0         (343.0,178.0,520.0,-195.0)
0         (342.0,178.0,520.0,-195.0)
0         (342.0,178.0,520.0,-194.0)
0         (342.0,177.0,520.0,-194.0)
0         (342.0,177.0,520.0,-193.0)
0         (341.0,177.0,520.0,-193.0)
0         (341.0,177.0,519.0,-193.0)
0         (340.0,177.0,519.0,-193.0)
0         (340.0,177.0,518.0,-193.0)
0         (340.0,177.0,517.0,-193.0)
0         (339.0,177.0,517.0,-193.0)
0         (339.0,177.0,516.0,-193.0)
0         (339.0,177.0,516.0,-194.0)
0         (339.0,178.0,516.0,-194.0)
0         (339.0,178.0,516.0,-195.0)
0         (339.0,177.0,516.0,-195.0)
0         (339.0,177.0,515.0,-195.0)
0         (339.0,177.0,515.0,-194.0)
0         (339.0,177.0,515.0,-193.0)
0         (338.0,177.0,515.0,-193.0)
0         (338.0,177.0,514.0,-193.0)
0         (337.0,177.0,514.0,-193.0)
0         (337.0,177.0,513.0,-193.0)
0         (337.0,177.0,512.0,-193.0)
0         (336.0,177.0,512.0,-193.0)
0         (336.0,177.0,511.0,-193.0)
0         (336.0,177.0,511.0,-194.0)
0         (336.0,177.0,510.0,-194.0)
0         (336.0,178.0,510.0,-194.0)
0         (336.0,178.0,511.0,-194.0)
0         (336.0,178.0,511.0,-195.0)
0         (336.0,177.0,511.0,-195.0)
0         (336.0,177.0,510.0,-195.0)
0         (336.0,178.0,510.0,-195.0)
0         (335.0,178.0,510.0,-195.0)
0         (335.0,178.0,510.0,-194.0)
0         (335.0,177.0,510.0,-194.0)
0         (335.0,177.0,509.0,-194.0)
0         (335.0,177.0,509.0,-193.0)
0         (335.0,177.0,508.0,-193.0)
0         (334.0,177.0,508.0,-193.0)
0         (334.0,177.0,507.0,-193.0)
0         (333.0,177.0,507.0,-193.0)
0         (333.0,177.0,506.0,-193.0)
0         (333.0,177.0,506.0,-194.0)
0         (333.0,177.0,505.0,-194.0)
0         (333.0,178.0,505.0,-194.0)
0         (333.0,178.0,505.0,-195.0)
0         (333.0,177.0,505.0,-195.0)
0         (333.0,177.0,506.0,-195.0)
0         (333.0,178.0,506.0,-195.0)
0         (333.0,178.0,506.0,-194.0)
0         (333.0,178.0,506.0,-193.0)
0         (333.0,178.0,505.0,-193.0)
0         (333.0,177.0,505.0,-193.0)
0         (333.0,177.0,504.0,-193.0)
0         (332.0,177.0,504.0,-193.0)
0         (332.0,177.0,503.0,-193.0)
0         (331.0,177.0,503.0,-193.0)
0         (331.0,177.0,502.0,-193.0)
0         (330.0,177.0,502.0,-193.0)
0         (330.0,177.0,501.0,-193.0)
0         (330.0,177.0,500.0,-193.0)
0         (330.0,177.0,500.0,-194.0)
0         (330.0,178.0,500.0,-194.0)
0         (330.0,178.0,500.0,-195.0)
0         (330.0,177.0,500.0,-195.0)
0         (330.0,177.0,499.0,-195.0)
0         (330.0,177.0,499.0,-194.0)
0         (329.0,177.0,499.0,-194.0)
0         (329.0,177.0,499.0,-193.0)
0         (329.0,177.0,498.0,-193.0)
0         (328.0,177.0,498.0,-193.0)
0         (328.0,177.0,497.0,-193.0)
0         (327.0,177.0,497.0,-193.0)
0         (327.0,177.0,496.0,-193.0)
0         (327.0,177.0,495.0,-193.0)
0         (327.0,177.0,495.0,-194.0)
0         (327.0,177.0,494.0,-194.0)
0         (326.0,177.0,494.0,-194.0)
0         (326.0,178.0,494.0,-194.0)
0         (327.0,178.0,494.0,-194.0)
0         (327.0,178.0,494.0,-195.0)
0         (327.0,177.0,494.0,-195.0)
0         (326.0,177.0,494.0,-195.0)
0         (326.0,178.0,494.0,-195.0)
0         (326.0,178.0,495.0,-195.0)
0         (326.0,178.0,495.0,-194.0)
0         (327.0,178.0,495.0,-194.0)
0         (327.0,178.0,495.0,-195.0)
0         (327.0,177.0,495.0,-195.0)
0         (326.0,177.0,495.0,-195.0)
0         (326.0,177.0,495.0,-194.0)
0         (326.0,177.0,495.0,-193.0)
0         (326.0,177.0,494.0,-193.0)
0         (326.0,177.0,493.0,-193.0)
0         (326.0,177.0,492.0,-193.0)
0         (325.0,177.0,492.0,-193.0)
0         (325.0,177.0,491.0,-193.0)
0         (324.0,177.0,491.0,-193.0)
0         (324.0,177.0,490.0,-193.0)
0         (324.0,177.0,489.0,-193.0)
0         (323.0,177.0,489.0,-193.0)
0         (323.0,177.0,489.0,-194.0)
0         (323.0,177.0,488.0,-194.0)
0         (323.0,177.0,488.0,-193.0)
0         (323.0,177.0,487.0,-193.0)
0         (322.0,177.0,487.0,-193.0)
0         (322.0,177.0,486.0,-193.0)
0         (321.0,177.0,486.0,-193.0)
0         (321.0,177.0,485.0,-193.0)
0         (321.0,177.0,484.0,-193.0)
0         (320.0,177.0,484.0,-193.0)
0         (320.0,177.0,484.0,-194.0)
0         (320.0,177.0,483.0,-194.0)
0         (320.0,178.0,483.0,-194.0)
0         (320.0,178.0,484.0,-194.0)
0         (320.0,178.0,484.0,-195.0)
0         (320.0,178.0,483.0,-195.0)
0         (320.0,177.0,483.0,-195.0)
0         (320.0,177.0,484.0,-195.0)
0         (321.0,177.0,484.0,-195.0)
0         (321.0,177.0,483.0,-195.0)
0         (321.0,177.0,483.0,-194.0)
0         (321.0,178.0,483.0,-194.0)
0         (321.0,178.0,484.0,-194.0)
0         (321.0,177.0,484.0,-194.0)
0         (321.0,177.0,485.0,-194.0)
0         (320.0,177.0,485.0,-194.0)
0         (320.0,178.0,485.0,-194.0)
0         (320.0,178.0,485.0,-195.0)
0         (320.0,177.0,485.0,-195.0)
0         (321.0,177.0,485.0,-195.0)
0         (321.0,178.0,485.0,-195.0)
0         (321.0,178.0,484.0,-195.0)
0         (321.0,178.0,483.0,-195.0)
0         (321.0,178.0,482.0,-195.0)
0         (320.0,178.0,482.0,-195.0)
0         (320.0,178.0,482.0,-194.0)
0         (320.0,177.0,482.0,-194.0)
0         (320.0,177.0,482.0,-193.0)
0         (319.0,177.0,482.0,-193.0)
0         (319.0,177.0,481.0,-193.0)
0         (318.0,177.0,481.0,-193.0)
0         (318.0,177.0,480.0,-193.0)
0         (318.0,177.0,479.0,-193.0)
0         (317.0,177.0,479.0,-193.0)
0         (317.0,177.0,478.0,-193.0)
0         (317.0,177.0,478.0,-194.0)
0         (317.0,178.0,478.0,-194.0)
0         (317.0,178.0,478.0,-195.0)
0         (317.0,177.0,478.0,-195.0)
0         (317.0,177.0,477.0,-195.0)
0         (317.0,177.0,477.0,-194.0)
0         (317.0,177.0,477.0,-193.0)
0         (316.0,177.0,477.0,-193.0)
0         (316.0,177.0,476.0,-193.0)
0         (315.0,177.0,476.0,-193.0)
0         (315.0,177.0,475.0,-193.0)
0         (315.0,177.0,474.0,-193.0)
0         (314.0,177.0,474.0,-193.0)
0         (314.0,177.0,473.0,-193.0)
0         (314.0,177.0,473.0,-194.0)
0         (314.0,177.0,472.0,-194.0)
0         (314.0,178.0,472.0,-194.0)
0         (314.0,178.0,473.0,-194.0)
0         (314.0,178.0,473.0,-195.0)
0         (314.0,177.0,473.0,-195.0)
0         (314.0,177.0,472.0,-195.0)
0         (314.0,178.0,472.0,-195.0)
0         (314.0,178.0,472.0,-196.0)
0         (314.0,177.0,472.0,-196.0)
0         (314.0,177.0,473.0,-196.0)
0         (314.0,178.0,473.0,-196.0)
0         (314.0,178.0,474.0,-196.0)
0         (314.0,178.0,474.0,-195.0)
0         (314.0,178.0,474.0,-194.0)
0         (314.0,177.0,474.0,-194.0)
0         (314.0,177.0,474.0,-195.0)
0         (314.0,177.0,474.0,-196.0)
0         (313.0,177.0,474.0,-196.0)
0         (313.0,177.0,473.0,-196.0)
0         (313.0,177.0,473.0,-195.0)
0         (313.0,177.0,472.0,-195.0)
0         (313.0,177.0,472.0,-194.0)
0         (313.0,177.0,471.0,-194.0)
0         (313.0,177.0,471.0,-193.0)
0         (313.0,177.0,470.0,-193.0)
0         (312.0,177.0,470.0,-193.0)
0         (312.0,177.0,469.0,-193.0)
0         (311.0,177.0,469.0,-193.0)
0         (311.0,177.0,468.0,-193.0)
0         (311.0,177.0,468.0,-194.0)
0         (311.0,177.0,467.0,-194.0)
0         (311.0,178.0,467.0,-194.0)
0         (311.0,178.0,467.0,-195.0)
0         (311.0,177.0,467.0,-195.0)
0         (311.0,177.0,468.0,-195.0)
0         (311.0,178.0,468.0,-195.0)
0         (311.0,178.0,468.0,-194.0)
0         (311.0,178.0,468.0,-193.0)
0         (311.0,178.0,467.0,-193.0)
0         (311.0,177.0,467.0,-193.0)
0         (311.0,177.0,466.0,-193.0)
0         (310.0,177.0,466.0,-193.0)
0         (310.0,177.0,465.0,-193.0)
0         (309.0,177.0,465.0,-193.0)
0         (309.0,177.0,464.0,-193.0)
0         (308.0,177.0,464.0,-193.0)
0         (308.0,177.0,463.0,-193.0)
0         (308.0,177.0,462.0,-193.0)
0         (308.0,177.0,462.0,-194.0)
0         (308.0,178.0,462.0,-194.0)
0         (308.0,178.0,462.0,-195.0)
0         (308.0,177.0,462.0,-195.0)
0         (308.0,177.0,461.0,-195.0)
0         (308.0,177.0,461.0,-194.0)
0         (308.0,178.0,461.0,-194.0)
0         (307.0,178.0,461.0,-194.0)
0         (307.0,177.0,461.0,-194.0)
0         (307.0,177.0,461.0,-193.0)
0         (307.0,177.0,460.0,-193.0)
0         (306.0,177.0,460.0,-193.0)
0         (306.0,177.0,459.0,-193.0)
0         (305.0,177.0,459.0,-193.0)
0         (305.0,177.0,458.0,-193.0)
0         (305.0,177.0,457.0,-193.0)
0         (305.0,177.0,457.0,-194.0)
0         (305.0,177.0,456.0,-194.0)
0         (304.0,177.0,456.0,-194.0)
0         (304.0,178.0,456.0,-194.0)
0         (305.0,178.0,456.0,-194.0)
0         (305.0,178.0,456.0,-195.0)
0         (305.0,177.0,456.0,-195.0)
0         (304.0,177.0,456.0,-195.0)
0         (304.0,178.0,456.0,-195.0)
0         (304.0,178.0,457.0,-195.0)
0         (305.0,178.0,457.0,-195.0)
0         (305.0,178.0,457.0,-194.0)
0         (304.0,178.0,457.0,-194.0)
0         (304.0,177.0,457.0,-194.0)
0         (304.0,177.0,457.0,-195.0)
0         (305.0,177.0,457.0,-195.0)
0         (305.0,177.0,457.0,-196.0)
0         (305.0,177.0,456.0,-196.0)
0         (304.0,177.0,456.0,-196.0)
0         (304.0,177.0,455.0,-196.0)
0         (304.0,177.0,455.0,-195.0)
0         (304.0,177.0,455.0,-194.0)
0         (304.0,177.0,455.0,-193.0)
0         (304.0,176.0,455.0,-193.0)
0         (304.0,176.0,454.0,-193.0)
0         (303.0,176.0,454.0,-193.0)
0         (303.0,176.0,453.0,-193.0)
0         (302.0,176.0,453.0,-193.0)
0         (302.0,176.0,452.0,-193.0)
0         (302.0,176.0,451.0,-193.0)
0         (302.0,177.0,451.0,-193.0)
0         (302.0,177.0,451.0,-194.0)
0         (301.0,177.0,451.0,-194.0)
0         (301.0,177.0,450.0,-194.0)
0         (301.0,177.0,450.0,-193.0)
0         (301.0,177.0,449.0,-193.0)
0         (300.0,177.0,449.0,-193.0)
0         (300.0,177.0,448.0,-193.0)
0         (299.0,177.0,448.0,-193.0)
0         (299.0,177.0,447.0,-193.0)
0         (299.0,177.0,446.0,-193.0)
0         (298.0,177.0,446.0,-193.0)
0         (298.0,177.0,446.0,-194.0)
0         (298.0,177.0,445.0,-194.0)
0         (298.0,178.0,445.0,-194.0)
0         (298.0,178.0,446.0,-194.0)
0         (298.0,178.0,446.0,-195.0)
0         (298.0,178.0,445.0,-195.0)
0         (298.0,177.0,445.0,-195.0)
0         (298.0,177.0,446.0,-195.0)
0         (299.0,177.0,446.0,-195.0)
0         (299.0,177.0,445.0,-195.0)
0         (299.0,177.0,445.0,-194.0)
0         (299.0,178.0,445.0,-194.0)
0         (299.0,178.0,446.0,-194.0)
0         (299.0,177.0,446.0,-194.0)
0         (299.0,177.0,447.0,-194.0)
0         (298.0,177.0,447.0,-194.0)
0         (298.0,178.0,447.0,-194.0)
0         (298.0,178.0,447.0,-195.0)
0         (298.0,177.0,447.0,-195.0)
0         (299.0,177.0,447.0,-195.0)
0         (299.0,178.0,447.0,-195.0)
0         (299.0,178.0,446.0,-195.0)
0         (299.0,178.0,445.0,-195.0)
0         (299.0,178.0,444.0,-195.0)
0         (298.0,178.0,444.0,-195.0)
0         (298.0,178.0,444.0,-194.0)
0         (298.0,177.0,444.0,-194.0)
0         (298.0,177.0,444.0,-193.0)
0         (297.0,177.0,444.0,-193.0)
0         (297.0,177.0,443.0,-193.0)
0         (296.0,177.0,443.0,-193.0)
0         (296.0,177.0,442.0,-193.0)
0         (296.0,177.0,441.0,-193.0)
0         (295.0,177.0,441.0,-193.0)
0         (295.0,177.0,440.0,-193.0)
0         (295.0,177.0,440.0,-194.0)
0         (295.0,178.0,440.0,-194.0)
0         (295.0,178.0,440.0,-195.0)
0         (295.0,177.0,440.0,-195.0)
0         (295.0,177.0,439.0,-195.0)
0         (295.0,177.0,439.0,-194.0)
0         (295.0,177.0,439.0,-193.0)
0         (295.0,178.0,439.0,-193.0)
0         (295.0,178.0,439.0,-194.0)
0         (295.0,178.0,439.0,-195.0)
0         (295.0,178.0,439.0,-196.0)
0         (295.0,178.0,440.0,-196.0)
0         (295.0,177.0,440.0,-196.0)
0         (295.0,177.0,439.0,-196.0)
0         (294.0,177.0,439.0,-196.0)
0         (294.0,177.0,439.0,-195.0)
0         (294.0,177.0,438.0,-195.0)
0         (293.0,177.0,438.0,-195.0)
0         (293.0,177.0,437.0,-195.0)
0         (293.0,177.0,436.0,-195.0)
0         (292.0,177.0,436.0,-195.0)
0         (292.0,177.0,435.0,-195.0)
0         (292.0,177.0,435.0,-194.0)
0         (292.0,177.0,434.0,-194.0)
0         (292.0,178.0,434.0,-194.0)
0         (292.0,178.0,435.0,-194.0)
0         (292.0,178.0,435.0,-195.0)
0         (292.0,178.0,434.0,-195.0)
0         (292.0,177.0,434.0,-195.0)
0         (292.0,177.0,433.0,-195.0)
0         (292.0,177.0,433.0,-194.0)
0         (292.0,177.0,433.0,-193.0)
0         (291.0,177.0,433.0,-193.0)
0         (291.0,177.0,432.0,-193.0)
0         (290.0,177.0,432.0,-193.0)
0         (290.0,177.0,431.0,-193.0)
0         (289.0,177.0,431.0,-193.0)
0         (289.0,177.0,430.0,-193.0)
0         (289.0,177.0,430.0,-194.0)
0         (289.0,177.0,429.0,-194.0)
0         (289.0,178.0,429.0,-194.0)
0         (289.0,178.0,429.0,-195.0)
0         (289.0,177.0,429.0,-195.0)
0         (289.0,177.0,430.0,-195.0)
0         (289.0,178.0,430.0,-195.0)
0         (289.0,178.0,430.0,-194.0)
0         (289.0,178.0,430.0,-193.0)
0         (289.0,178.0,429.0,-193.0)
0         (289.0,177.0,429.0,-193.0)
0         (289.0,177.0,428.0,-193.0)
0         (289.0,177.0,428.0,-194.0)
0         (288.0,177.0,428.0,-194.0)
0         (288.0,177.0,428.0,-193.0)
0         (288.0,177.0,427.0,-193.0)
0         (287.0,177.0,427.0,-193.0)
0         (287.0,177.0,426.0,-193.0)
0         (286.0,177.0,426.0,-193.0)
0         (286.0,177.0,425.0,-193.0)
0         (286.0,177.0,424.0,-193.0)
0         (286.0,177.0,424.0,-194.0)
0         (286.0,178.0,424.0,-194.0)
0         (286.0,178.0,424.0,-195.0)
0         (286.0,177.0,424.0,-195.0)
0         (286.0,177.0,423.0,-195.0)
0         (286.0,177.0,423.0,-194.0)
0         (286.0,178.0,423.0,-194.0)
0         (286.0,178.0,423.0,-195.0)
0         (285.0,178.0,423.0,-195.0)
0         (285.0,178.0,423.0,-194.0)
0         (285.0,177.0,423.0,-194.0)
0         (285.0,177.0,423.0,-193.0)
0         (285.0,177.0,422.0,-193.0)
0         (284.0,177.0,422.0,-193.0)
0         (284.0,177.0,421.0,-193.0)
0         (283.0,177.0,421.0,-193.0)
0         (283.0,177.0,420.0,-193.0)
0         (283.0,177.0,419.0,-193.0)
0         (283.0,177.0,419.0,-194.0)
0         (283.0,177.0,418.0,-194.0)
0         (283.0,178.0,418.0,-194.0)
0         (282.0,178.0,418.0,-194.0)
0         (282.0,177.0,418.0,-194.0)
0         (282.0,177.0,417.0,-194.0)
0         (282.0,177.0,417.0,-193.0)
0         (282.0,176.0,417.0,-193.0)
0         (282.0,176.0,416.0,-193.0)
0         (281.0,176.0,416.0,-193.0)
0         (281.0,176.0,415.0,-193.0)
0         (280.0,176.0,415.0,-193.0)
0         (280.0,176.0,414.0,-193.0)
0         (280.0,177.0,414.0,-193.0)
0         (280.0,177.0,413.0,-193.0)
0         (280.0,177.0,413.0,-194.0)
0         (279.0,177.0,413.0,-194.0)
0         (279.0,177.0,412.0,-194.0)
0         (279.0,177.0,412.0,-193.0)
0         (279.0,177.0,411.0,-193.0)
0         (278.0,177.0,411.0,-193.0)
0         (278.0,177.0,410.0,-193.0)
0         (277.0,177.0,410.0,-193.0)
0         (277.0,177.0,409.0,-193.0)
0         (277.0,177.0,408.0,-193.0)
0         (276.0,177.0,408.0,-193.0)
0         (276.0,177.0,408.0,-194.0)
0         (276.0,177.0,407.0,-194.0)
0         (276.0,178.0,407.0,-194.0)
0         (276.0,178.0,408.0,-194.0)
0         (276.0,178.0,408.0,-195.0)
0         (276.0,178.0,407.0,-195.0)
0         (276.0,177.0,407.0,-195.0)
0         (276.0,177.0,408.0,-195.0)
0         (277.0,177.0,408.0,-195.0)
0         (277.0,177.0,407.0,-195.0)
0         (277.0,177.0,407.0,-194.0)
0         (277.0,178.0,407.0,-194.0)
0         (277.0,178.0,407.0,-195.0)
0         (277.0,178.0,408.0,-195.0)
0         (277.0,178.0,408.0,-194.0)
0         (277.0,177.0,408.0,-194.0)
0         (277.0,177.0,409.0,-194.0)
0         (276.0,177.0,409.0,-194.0)
0         (276.0,178.0,409.0,-194.0)
0         (276.0,178.0,409.0,-195.0)
0         (276.0,177.0,409.0,-195.0)
0         (277.0,177.0,409.0,-195.0)
0         (277.0,178.0,409.0,-195.0)
0         (277.0,178.0,409.0,-194.0)
0         (277.0,178.0,409.0,-193.0)
0         (277.0,178.0,408.0,-193.0)
0         (276.0,178.0,408.0,-193.0)
0         (276.0,178.0,407.0,-193.0)
0         (276.0,177.0,407.0,-193.0)
0         (276.0,177.0,406.0,-193.0)
0         (275.0,177.0,406.0,-193.0)
0         (275.0,177.0,405.0,-193.0)
0         (274.0,177.0,405.0,-193.0)
0         (274.0,177.0,404.0,-193.0)
0         (274.0,177.0,403.0,-193.0)
0         (273.0,177.0,403.0,-193.0)
0         (273.0,177.0,402.0,-193.0)
0         (273.0,177.0,402.0,-194.0)
0         (273.0,178.0,402.0,-194.0)
0         (273.0,178.0,402.0,-195.0)
0         (273.0,177.0,402.0,-195.0)
0         (273.0,177.0,401.0,-195.0)
0         (273.0,177.0,401.0,-194.0)
0         (273.0,178.0,401.0,-194.0)
0         (273.0,178.0,401.0,-195.0)
0         (273.0,178.0,401.0,-196.0)
0         (273.0,178.0,402.0,-196.0)
0         (273.0,177.0,402.0,-196.0)
0         (273.0,177.0,401.0,-196.0)
0         (273.0,176.0,401.0,-196.0)
0         (273.0,176.0,401.0,-195.0)
0         (273.0,176.0,401.0,-194.0)
0         (273.0,176.0,401.0,-193.0)
0         (273.0,177.0,401.0,-193.0)
0         (273.0,178.0,401.0,-193.0)
0         (273.0,178.0,402.0,-193.0)
0         (273.0,178.0,403.0,-193.0)
0         (273.0,178.0,403.0,-194.0)
0         (273.0,177.0,403.0,-194.0)
0         (273.0,177.0,403.0,-195.0)
0         (273.0,178.0,403.0,-195.0)
0         (273.0,178.0,403.0,-196.0)
0         (273.0,177.0,403.0,-196.0)
0         (274.0,177.0,403.0,-196.0)
0         (274.0,177.0,403.0,-195.0)
0         (274.0,177.0,402.0,-195.0)
0         (274.0,177.0,402.0,-194.0)
0         (274.0,178.0,402.0,-194.0)
0         (274.0,178.0,401.0,-194.0)
0         (274.0,177.0,401.0,-194.0)
0         (274.0,177.0,401.0,-193.0)
0         (274.0,177.0,400.0,-193.0)
0         (273.0,177.0,400.0,-193.0)
0         (272.0,177.0,400.0,-193.0)
0         (272.0,177.0,399.0,-193.0)
0         (271.0,177.0,399.0,-193.0)
0         (271.0,177.0,398.0,-193.0)
0         (270.0,177.0,398.0,-193.0)
0         (270.0,177.0,397.0,-193.0)
0         (270.0,177.0,397.0,-194.0)
0         (270.0,177.0,396.0,-194.0)
0         (270.0,178.0,396.0,-194.0)
0         (270.0,178.0,397.0,-194.0)
0         (270.0,178.0,397.0,-195.0)
0         (270.0,177.0,397.0,-195.0)
0         (270.0,177.0,396.0,-195.0)
0         (270.0,178.0,396.0,-195.0)
0         (270.0,178.0,396.0,-196.0)
0         (270.0,177.0,396.0,-196.0)
0         (270.0,177.0,397.0,-196.0)
0         (270.0,178.0,397.0,-196.0)
0         (270.0,178.0,398.0,-196.0)
0         (270.0,178.0,398.0,-195.0)
0         (270.0,178.0,398.0,-194.0)
0         (270.0,177.0,398.0,-194.0)
0         (270.0,177.0,398.0,-195.0)
0         (270.0,177.0,398.0,-196.0)
0         (269.0,177.0,398.0,-196.0)
0         (269.0,177.0,397.0,-196.0)
0         (269.0,177.0,397.0,-195.0)
0         (269.0,177.0,396.0,-195.0)
0         (269.0,177.0,396.0,-194.0)
0         (269.0,177.0,395.0,-194.0)
0         (269.0,177.0,395.0,-193.0)
0         (269.0,177.0,394.0,-193.0)
0         (268.0,177.0,394.0,-193.0)
0         (268.0,177.0,393.0,-193.0)
0         (267.0,177.0,393.0,-193.0)
0         (267.0,177.0,392.0,-193.0)
0         (267.0,177.0,392.0,-194.0)
0         (267.0,177.0,391.0,-194.0)
0         (267.0,178.0,391.0,-194.0)
0         (267.0,178.0,391.0,-195.0)
0         (267.0,177.0,391.0,-195.0)
0         (267.0,177.0,392.0,-195.0)
0         (267.0,178.0,392.0,-195.0)
0         (267.0,178.0,392.0,-194.0)
0         (267.0,178.0,392.0,-193.0)
0         (267.0,178.0,391.0,-193.0)
0         (267.0,177.0,391.0,-193.0)
0         (267.0,177.0,390.0,-193.0)
0         (267.0,177.0,390.0,-194.0)
0         (267.0,178.0,390.0,-194.0)
0         (267.0,178.0,390.0,-193.0)
0         (266.0,178.0,390.0,-193.0)
0         (266.0,177.0,390.0,-193.0)
0         (266.0,177.0,389.0,-193.0)
0         (265.0,177.0,389.0,-193.0)
0         (265.0,177.0,388.0,-193.0)
0         (264.0,177.0,388.0,-193.0)
0         (264.0,177.0,387.0,-193.0)
0         (264.0,177.0,386.0,-193.0)
0         (264.0,177.0,386.0,-194.0)
0         (264.0,178.0,386.0,-194.0)
0         (264.0,178.0,386.0,-195.0)
0         (264.0,177.0,386.0,-195.0)
0         (264.0,177.0,385.0,-195.0)
0         (264.0,177.0,385.0,-194.0)
0         (264.0,178.0,385.0,-194.0)
0         (264.0,178.0,385.0,-195.0)
0         (263.0,178.0,385.0,-195.0)
0         (263.0,178.0,385.0,-194.0)
0         (263.0,177.0,385.0,-194.0)
0         (263.0,177.0,385.0,-193.0)
0         (263.0,177.0,384.0,-193.0)
0         (263.0,176.0,384.0,-193.0)
0         (263.0,176.0,383.0,-193.0)
0         (262.0,176.0,383.0,-193.0)
0         (262.0,176.0,382.0,-193.0)
0         (261.0,176.0,382.0,-193.0)
0         (261.0,176.0,381.0,-193.0)
0         (261.0,177.0,381.0,-193.0)
0         (261.0,177.0,381.0,-194.0)
0         (261.0,177.0,380.0,-194.0)
0         (261.0,178.0,380.0,-194.0)
0         (261.0,178.0,380.0,-195.0)
0         (261.0,177.0,380.0,-195.0)
0         (260.0,177.0,380.0,-195.0)
0         (260.0,177.0,380.0,-194.0)
0         (260.0,178.0,380.0,-194.0)
0         (260.0,178.0,380.0,-195.0)
0         (260.0,178.0,381.0,-195.0)
0         (261.0,178.0,381.0,-195.0)
0         (261.0,178.0,381.0,-194.0)
0         (260.0,178.0,381.0,-194.0)
0         (260.0,177.0,381.0,-194.0)
0         (260.0,177.0,381.0,-195.0)
0         (261.0,177.0,381.0,-195.0)
0         (261.0,177.0,381.0,-196.0)
0         (261.0,177.0,380.0,-196.0)
0         (261.0,178.0,380.0,-196.0)
0         (260.0,178.0,380.0,-196.0)
0         (260.0,177.0,380.0,-196.0)
0         (260.0,177.0,379.0,-196.0)
0         (260.0,177.0,379.0,-195.0)
0         (260.0,177.0,379.0,-194.0)
0         (260.0,177.0,379.0,-193.0)
0         (260.0,176.0,379.0,-193.0)
0         (260.0,176.0,378.0,-193.0)
0         (259.0,176.0,378.0,-193.0)
0         (259.0,176.0,377.0,-193.0)
0         (258.0,176.0,377.0,-193.0)
0         (258.0,176.0,376.0,-193.0)
0         (258.0,177.0,376.0,-193.0)
0         (258.0,177.0,375.0,-193.0)
0         (258.0,177.0,375.0,-194.0)
0         (257.0,177.0,375.0,-194.0)
0         (257.0,177.0,374.0,-194.0)
0         (257.0,178.0,374.0,-194.0)
0         (257.0,178.0,375.0,-194.0)
0         (258.0,178.0,375.0,-194.0)
0         (258.0,178.0,375.0,-195.0)
0         (257.0,178.0,375.0,-195.0)
0         (257.0,177.0,375.0,-195.0)
0         (257.0,177.0,374.0,-195.0)
0         (257.0,178.0,374.0,-195.0)
0         (258.0,178.0,374.0,-195.0)
0         (258.0,178.0,374.0,-194.0)
0         (258.0,177.0,374.0,-194.0)
0         (258.0,177.0,374.0,-195.0)
0         (258.0,177.0,375.0,-195.0)
0         (258.0,177.0,376.0,-195.0)
0         (258.0,177.0,376.0,-194.0)
0         (257.0,177.0,376.0,-194.0)
0         (257.0,178.0,376.0,-194.0)
0         (258.0,178.0,376.0,-194.0)
0         (258.0,178.0,376.0,-195.0)
0         (257.0,178.0,376.0,-195.0)
0         (257.0,177.0,376.0,-195.0)
0         (257.0,177.0,376.0,-196.0)
0         (257.0,177.0,375.0,-196.0)
0         (257.0,177.0,374.0,-196.0)
0         (257.0,178.0,374.0,-196.0)
0         (257.0,178.0,375.0,-196.0)
0         (258.0,178.0,375.0,-196.0)
0         (258.0,177.0,375.0,-196.0)
0         (258.0,177.0,374.0,-196.0)
0         (258.0,178.0,374.0,-196.0)
0         (258.0,178.0,373.0,-196.0)
0         (258.0,178.0,373.0,-195.0)
0         (257.0,178.0,373.0,-195.0)
0         (257.0,178.0,373.0,-194.0)
0         (257.0,177.0,373.0,-194.0)
0         (257.0,177.0,373.0,-193.0)
0         (256.0,177.0,373.0,-193.0)
0         (256.0,177.0,372.0,-193.0)
0         (255.0,177.0,372.0,-193.0)
0         (255.0,177.0,371.0,-193.0)
0         (255.0,177.0,370.0,-193.0)
0         (254.0,177.0,370.0,-193.0)
0         (254.0,177.0,370.0,-194.0)
0         (254.0,177.0,369.0,-194.0)
0         (254.0,178.0,369.0,-194.0)
0         (254.0,178.0,369.0,-195.0)
0         (254.0,177.0,369.0,-195.0)
0         (254.0,177.0,370.0,-195.0)
0         (254.0,178.0,370.0,-195.0)
0         (254.0,178.0,370.0,-194.0)
0         (255.0,178.0,370.0,-194.0)
0         (255.0,178.0,369.0,-194.0)
0         (255.0,177.0,369.0,-194.0)
0         (255.0,177.0,369.0,-195.0)
0         (255.0,178.0,369.0,-195.0)
0         (255.0,178.0,370.0,-195.0)
0         (255.0,177.0,370.0,-195.0)
0         (255.0,177.0,370.0,-194.0)
0         (255.0,177.0,371.0,-194.0)
0         (254.0,177.0,371.0,-194.0)
0         (254.0,178.0,371.0,-194.0)
0         (254.0,178.0,371.0,-195.0)
0         (254.0,177.0,371.0,-195.0)
0         (255.0,177.0,371.0,-195.0)
0         (255.0,178.0,371.0,-195.0)
0         (255.0,178.0,371.0,-194.0)
0         (255.0,178.0,371.0,-193.0)
0         (255.0,178.0,370.0,-193.0)
0         (254.0,178.0,370.0,-193.0)
0         (254.0,178.0,369.0,-193.0)
0         (254.0,177.0,369.0,-193.0)
0         (254.0,177.0,368.0,-193.0)
0         (254.0,177.0,368.0,-194.0)
0         (254.0,178.0,368.0,-194.0)
0         (254.0,178.0,368.0,-193.0)
0         (254.0,178.0,368.0,-192.0)
0         (254.0,178.0,367.0,-192.0)
0         (254.0,178.0,367.0,-191.0)
0         (254.0,178.0,366.0,-191.0)
0         (254.0,178.0,366.0,-190.0)
0         (254.0,178.0,365.0,-190.0)
0         (254.0,178.0,365.0,-189.0)
0         (254.0,178.0,364.0,-189.0)
0         (254.0,178.0,364.0,-188.0)
0         (254.0,177.0,364.0,-188.0)
0         (254.0,177.0,363.0,-188.0)
0         (254.0,177.0,363.0,-187.0)
0         (254.0,177.0,364.0,-187.0)
0         (254.0,178.0,364.0,-187.0)
0         (254.0,178.0,363.0,-187.0)
0         (254.0,178.0,363.0,-188.0)
0         (254.0,178.0,363.0,-189.0)
0         (254.0,177.0,363.0,-189.0)
0         (254.0,177.0,364.0,-189.0)
0         (255.0,177.0,364.0,-189.0)
0         (255.0,177.0,364.0,-188.0)
0         (255.0,178.0,364.0,-188.0)
0         (255.0,178.0,363.0,-188.0)
0         (255.0,177.0,363.0,-188.0)
0         (255.0,177.0,363.0,-187.0)
0         (255.0,177.0,364.0,-187.0)
0         (255.0,178.0,364.0,-187.0)
0         (255.0,178.0,363.0,-187.0)
0         (255.0,178.0,363.0,-186.0)
0         (254.0,178.0,363.0,-186.0)
0         (254.0,177.0,363.0,-186.0)
0         (254.0,177.0,362.0,-186.0)
0         (253.0,177.0,362.0,-186.0)
0         (253.0,177.0,361.0,-186.0)
0         (252.0,177.0,361.0,-186.0)
0         (252.0,177.0,360.0,-186.0)
0         (252.0,177.0,359.0,-186.0)
0         (252.0,177.0,359.0,-187.0)
0         (251.0,177.0,359.0,-187.0)
0         (251.0,177.0,359.0,-188.0)
0         (251.0,177.0,358.0,-188.0)
0         (251.0,178.0,358.0,-188.0)
0         (251.0,178.0,359.0,-188.0)
0         (251.0,178.0,359.0,-189.0)
0         (251.0,178.0,358.0,-189.0)
0         (251.0,177.0,358.0,-189.0)
0         (251.0,177.0,359.0,-189.0)
0         (252.0,177.0,359.0,-189.0)
0         (252.0,177.0,359.0,-188.0)
0         (252.0,177.0,358.0,-188.0)
0         (252.0,178.0,358.0,-188.0)
0         (252.0,178.0,359.0,-188.0)
0         (252.0,178.0,359.0,-187.0)
0         (251.0,178.0,359.0,-187.0)
0         (251.0,178.0,358.0,-187.0)
0         (251.0,177.0,358.0,-187.0)
0         (251.0,177.0,357.0,-187.0)
0         (251.0,177.0,357.0,-186.0)
0         (250.0,177.0,357.0,-186.0)
0         (250.0,177.0,356.0,-186.0)
0         (249.0,177.0,356.0,-186.0)
0         (249.0,177.0,355.0,-186.0)
0         (249.0,177.0,354.0,-186.0)
0         (248.0,177.0,354.0,-186.0)
0         (248.0,177.0,354.0,-187.0)
0         (248.0,177.0,353.0,-187.0)
0         (248.0,177.0,353.0,-188.0)
0         (248.0,178.0,353.0,-188.0)
0         (248.0,178.0,353.0,-189.0)
0         (248.0,177.0,353.0,-189.0)
0         (248.0,177.0,352.0,-189.0)
0         (248.0,177.0,352.0,-188.0)
0         (248.0,177.0,352.0,-187.0)
0         (248.0,178.0,352.0,-187.0)
0         (248.0,178.0,353.0,-187.0)
0         (248.0,178.0,354.0,-187.0)
0         (248.0,178.0,354.0,-188.0)
0         (248.0,177.0,354.0,-188.0)
0         (248.0,177.0,354.0,-189.0)
0         (248.0,178.0,354.0,-189.0)
0         (248.0,178.0,354.0,-190.0)
0         (248.0,178.0,353.0,-190.0)
0         (248.0,177.0,353.0,-190.0)
0         (248.0,177.0,352.0,-190.0)
0         (248.0,178.0,352.0,-190.0)
0         (248.0,178.0,352.0,-189.0)
0         (248.0,178.0,352.0,-188.0)
0         (247.0,178.0,352.0,-188.0)
0         (247.0,177.0,352.0,-188.0)
0         (247.0,177.0,352.0,-187.0)
0         (247.0,177.0,351.0,-187.0)
0         (246.0,177.0,351.0,-187.0)
0         (246.0,177.0,350.0,-187.0)
0         (246.0,177.0,349.0,-187.0)
0         (245.0,177.0,349.0,-187.0)
0         (245.0,177.0,348.0,-187.0)
0         (245.0,177.0,348.0,-188.0)
0         (245.0,178.0,348.0,-188.0)
0         (245.0,178.0,347.0,-188.0)
0         (245.0,177.0,347.0,-188.0)
0         (245.0,177.0,347.0,-187.0)
0         (245.0,178.0,347.0,-187.0)
0         (245.0,178.0,348.0,-187.0)
0         (244.0,178.0,348.0,-187.0)
0         (244.0,178.0,347.0,-187.0)
0         (244.0,177.0,347.0,-187.0)
0         (244.0,177.0,346.0,-187.0)
0         (244.0,177.0,346.0,-186.0)
0         (244.0,177.0,345.0,-186.0)
0         (243.0,177.0,345.0,-186.0)
0         (243.0,177.0,344.0,-186.0)
0         (242.0,177.0,344.0,-186.0)
0         (242.0,177.0,343.0,-186.0)
0         (242.0,177.0,343.0,-187.0)
0         (242.0,177.0,343.0,-188.0)
0         (242.0,177.0,342.0,-188.0)
0         (242.0,178.0,342.0,-188.0)
0         (242.0,178.0,343.0,-188.0)
0         (242.0,178.0,343.0,-189.0)
0         (242.0,178.0,342.0,-189.0)
0         (242.0,177.0,342.0,-189.0)
0         (242.0,177.0,343.0,-189.0)
0         (241.0,177.0,343.0,-189.0)
0         (241.0,177.0,342.0,-189.0)
0         (241.0,177.0,342.0,-188.0)
0         (241.0,177.0,342.0,-187.0)
0         (242.0,177.0,342.0,-187.0)
0         (242.0,178.0,342.0,-187.0)
0         (242.0,178.0,343.0,-187.0)
0         (241.0,178.0,343.0,-187.0)
0         (241.0,178.0,342.0,-187.0)
0         (241.0,178.0,342.0,-188.0)
0         (241.0,178.0,341.0,-188.0)
0         (242.0,178.0,341.0,-188.0)
0         (242.0,177.0,341.0,-188.0)
0         (242.0,177.0,341.0,-187.0)
0         (241.0,177.0,341.0,-187.0)
0         (241.0,177.0,341.0,-186.0)
0         (241.0,177.0,340.0,-186.0)
0         (240.0,177.0,340.0,-186.0)
0         (240.0,177.0,339.0,-186.0)
0         (239.0,177.0,339.0,-186.0)
0         (239.0,177.0,338.0,-186.0)
0         (239.0,177.0,338.0,-187.0)
0         (239.0,177.0,337.0,-187.0)
0         (239.0,177.0,337.0,-188.0)
0         (239.0,178.0,337.0,-188.0)
0         (239.0,178.0,336.0,-188.0)
0         (239.0,177.0,336.0,-188.0)
0         (238.0,177.0,336.0,-188.0)
0         (238.0,177.0,337.0,-188.0)
0         (238.0,178.0,337.0,-188.0)
0         (238.0,178.0,336.0,-188.0)
0         (238.0,178.0,336.0,-187.0)
0         (238.0,177.0,336.0,-187.0)
0         (239.0,177.0,336.0,-187.0)
0         (239.0,178.0,336.0,-187.0)
0         (239.0,178.0,337.0,-187.0)
0         (238.0,178.0,337.0,-187.0)
0         (238.0,177.0,337.0,-187.0)
0         (238.0,177.0,337.0,-186.0)
0         (238.0,177.0,336.0,-186.0)
0         (238.0,177.0,335.0,-186.0)
0         (237.0,177.0,335.0,-186.0)
0         (237.0,177.0,334.0,-186.0)
0         (236.0,177.0,334.0,-186.0)
0         (236.0,177.0,333.0,-186.0)
0         (236.0,177.0,332.0,-186.0)
0         (236.0,177.0,332.0,-187.0)
0         (236.0,177.0,332.0,-188.0)
0         (236.0,177.0,331.0,-188.0)
0         (235.0,177.0,331.0,-188.0)
0         (235.0,178.0,331.0,-188.0)
0         (236.0,178.0,331.0,-188.0)
0         (236.0,178.0,332.0,-188.0)
0         (235.0,178.0,332.0,-188.0)
0         (235.0,177.0,332.0,-188.0)
0         (235.0,177.0,332.0,-187.0)
0         (235.0,177.0,331.0,-187.0)
0         (235.0,178.0,331.0,-187.0)
0         (236.0,178.0,331.0,-187.0)
0         (236.0,177.0,331.0,-187.0)
0         (236.0,177.0,330.0,-187.0)
