# run = 21
ltot         F            S   
0         -1.7913e+02    (-249.0,-479.0,470.0,448.0)
1         -1.7875e+02    (-249.0,-479.0,469.0,448.0)
2         -1.7838e+02    (-249.0,-479.0,469.0,447.0)
3         -1.7805e+02    (-249.0,-479.0,468.0,447.0)
4         -1.7771e+02    (-248.0,-479.0,468.0,447.0)
5         -1.7740e+02    (-248.0,-479.0,468.0,446.0)
6         -1.7729e+02    (-248.0,-479.0,467.0,446.0)
7         -1.7717e+02    (-248.0,-479.0,467.0,445.0)
8         -1.7720e+02    (-248.0,-479.0,467.0,444.0)
9         -1.7714e+02    (-248.0,-479.0,466.0,444.0)
10        -1.7701e+02    (-248.0,-478.0,466.0,444.0)
11        -1.7685e+02    (-248.0,-478.0,466.0,443.0)
12        -1.7661e+02    (-248.0,-477.0,466.0,443.0)
13        -1.7631e+02    (-248.0,-477.0,466.0,442.0)
14        -1.7597e+02    (-248.0,-476.0,466.0,442.0)
15        -1.7561e+02    (-248.0,-476.0,466.0,441.0)
16        -1.7533e+02    (-248.0,-476.0,466.0,440.0)
17        -1.7507e+02    (-248.0,-475.0,466.0,440.0)
18        -1.7488e+02    (-248.0,-475.0,466.0,439.0)
19        -1.7475e+02    (-248.0,-475.0,467.0,439.0)
20        -1.7477e+02    (-248.0,-475.0,467.0,438.0)
21        -1.7474e+02    (-248.0,-474.0,467.0,438.0)
22        -1.7465e+02    (-248.0,-474.0,466.0,438.0)
23        -1.7454e+02    (-248.0,-474.0,466.0,437.0)
24        -1.7435e+02    (-248.0,-473.0,466.0,437.0)
25        -1.7410e+02    (-248.0,-473.0,465.0,437.0)
26        -1.7385e+02    (-248.0,-472.0,465.0,437.0)
27        -1.7356e+02    (-248.0,-472.0,464.0,437.0)
28        -1.7330e+02    (-248.0,-472.0,463.0,437.0)
29        -1.7302e+02    (-248.0,-471.0,463.0,437.0)
30        -1.7279e+02    (-248.0,-471.0,462.0,437.0)
31        -1.7258e+02    (-248.0,-471.0,462.0,438.0)
32        -1.7247e+02    (-248.0,-470.0,462.0,438.0)
33        -1.7239e+02    (-248.0,-470.0,461.0,438.0)
34        -1.7238e+02    (-248.0,-469.0,461.0,438.0)
35        -1.7221e+02    (-248.0,-469.0,460.0,438.0)
36        -1.7200e+02    (-248.0,-469.0,460.0,437.0)
37        -1.7178e+02    (-248.0,-468.0,460.0,437.0)
38        -1.7151e+02    (-248.0,-468.0,459.0,437.0)
39        -1.7125e+02    (-248.0,-467.0,459.0,437.0)
40        -1.7096e+02    (-248.0,-467.0,458.0,437.0)
41        -1.7071e+02    (-248.0,-467.0,457.0,437.0)
42        -1.7047e+02    (-248.0,-466.0,457.0,437.0)
43        -1.7027e+02    (-248.0,-466.0,456.0,437.0)
44        -1.7010e+02    (-248.0,-465.0,456.0,437.0)
45        -1.6990e+02    (-248.0,-465.0,455.0,437.0)
46        -1.6971e+02    (-248.0,-464.0,455.0,437.0)
47        -1.6946e+02    (-248.0,-464.0,455.0,436.0)
48        -1.6915e+02    (-248.0,-463.0,455.0,436.0)
49        -1.6882e+02    (-248.0,-463.0,455.0,435.0)
50        -1.6853e+02    (-248.0,-462.0,455.0,435.0)
51        -1.6824e+02    (-248.0,-462.0,455.0,434.0)
52        -1.6802e+02    (-248.0,-462.0,455.0,433.0)
53        -1.6782e+02    (-248.0,-462.0,456.0,433.0)
54        -1.6780e+02    (-248.0,-461.0,456.0,433.0)
55        -1.6773e+02    (-248.0,-461.0,456.0,432.0)
56        -1.6773e+02    (-248.0,-461.0,455.0,432.0)
57        -1.6763e+02    (-248.0,-461.0,455.0,431.0)
58        -1.6746e+02    (-248.0,-460.0,455.0,431.0)
59        -1.6725e+02    (-248.0,-460.0,454.0,431.0)
60        -1.6698e+02    (-248.0,-459.0,454.0,431.0)
61        -1.6667e+02    (-248.0,-459.0,453.0,431.0)
62        -1.6636e+02    (-248.0,-458.0,453.0,431.0)
63        -1.6606e+02    (-248.0,-458.0,452.0,431.0)
64        -1.6585e+02    (-248.0,-458.0,451.0,431.0)
65        -1.6563e+02    (-248.0,-457.0,451.0,431.0)
66        -1.6550e+02    (-248.0,-457.0,451.0,432.0)
67        -1.6549e+02    (-248.0,-457.0,450.0,432.0)
68        -1.6547e+02    (-248.0,-456.0,450.0,432.0)
69        -1.6535e+02    (-248.0,-456.0,450.0,431.0)
70        -1.6519e+02    (-248.0,-456.0,449.0,431.0)
71        -1.6498e+02    (-248.0,-455.0,449.0,431.0)
72        -1.6471e+02    (-248.0,-455.0,448.0,431.0)
73        -1.6440e+02    (-248.0,-454.0,448.0,431.0)
74        -1.6408e+02    (-248.0,-454.0,447.0,431.0)
75        -1.6381e+02    (-248.0,-453.0,447.0,431.0)
76        -1.6356e+02    (-248.0,-453.0,446.0,431.0)
77        -1.6337e+02    (-248.0,-453.0,446.0,432.0)
78        -1.6330e+02    (-248.0,-453.0,445.0,432.0)
79        -1.6325e+02    (-248.0,-452.0,445.0,432.0)
80        -1.6325e+02    (-248.0,-452.0,445.0,431.0)
81        -1.6312e+02    (-248.0,-452.0,444.0,431.0)
82        -1.6295e+02    (-248.0,-451.0,444.0,431.0)
83        -1.6273e+02    (-248.0,-451.0,443.0,431.0)
84        -1.6245e+02    (-248.0,-450.0,443.0,431.0)
85        -1.6215e+02    (-248.0,-450.0,442.0,431.0)
86        -1.6184e+02    (-248.0,-449.0,442.0,431.0)
87        -1.6155e+02    (-248.0,-449.0,441.0,431.0)
88        -1.6136e+02    (-248.0,-449.0,440.0,431.0)
89        -1.6116e+02    (-248.0,-448.0,440.0,431.0)
90        -1.6104e+02    (-248.0,-448.0,439.0,431.0)
91        -1.6090e+02    (-248.0,-447.0,439.0,431.0)
92        -1.6073e+02    (-248.0,-447.0,438.0,431.0)
93        -1.6050e+02    (-248.0,-446.0,438.0,431.0)
94        -1.6023e+02    (-248.0,-446.0,437.0,431.0)
95        -1.5992e+02    (-248.0,-445.0,437.0,431.0)
96        -1.5961e+02    (-248.0,-445.0,436.0,431.0)
97        -1.5936e+02    (-248.0,-444.0,436.0,431.0)
98        -1.5913e+02    (-248.0,-444.0,435.0,431.0)
99        -1.5894e+02    (-248.0,-444.0,435.0,432.0)
100       -1.5890e+02    (-248.0,-444.0,434.0,432.0)
101       -1.5887e+02    (-248.0,-443.0,434.0,432.0)
102       -1.5884e+02    (-248.0,-443.0,434.0,431.0)
103       -1.5871e+02    (-248.0,-443.0,433.0,431.0)
104       -1.5853e+02    (-248.0,-442.0,433.0,431.0)
105       -1.5831e+02    (-248.0,-442.0,432.0,431.0)
106       -1.5803e+02    (-248.0,-441.0,432.0,431.0)
107       -1.5772e+02    (-248.0,-441.0,431.0,431.0)
108       -1.5743e+02    (-248.0,-440.0,431.0,431.0)
109       -1.5715e+02    (-248.0,-440.0,430.0,431.0)
110       -1.5696e+02    (-248.0,-440.0,430.0,432.0)
111       -1.5683e+02    (-248.0,-440.0,429.0,432.0)
112       -1.5671e+02    (-248.0,-439.0,429.0,432.0)
113       -1.5673e+02    (-248.0,-439.0,428.0,432.0)
114       -1.5668e+02    (-248.0,-439.0,428.0,431.0)
115       -1.5654e+02    (-248.0,-438.0,428.0,431.0)
116       -1.5637e+02    (-248.0,-438.0,427.0,431.0)
117       -1.5613e+02    (-248.0,-437.0,427.0,431.0)
118       -1.5585e+02    (-248.0,-437.0,426.0,431.0)
119       -1.5555e+02    (-248.0,-436.0,426.0,431.0)
120       -1.5525e+02    (-248.0,-436.0,425.0,431.0)
121       -1.5501e+02    (-248.0,-435.0,425.0,431.0)
122       -1.5480e+02    (-248.0,-435.0,424.0,431.0)
123       -1.5463e+02    (-248.0,-435.0,424.0,432.0)
124       -1.5461e+02    (-248.0,-435.0,423.0,432.0)
125       -1.5459e+02    (-248.0,-434.0,423.0,432.0)
126       -1.5453e+02    (-248.0,-434.0,423.0,431.0)
127       -1.5440e+02    (-248.0,-434.0,422.0,431.0)
128       -1.5422e+02    (-248.0,-433.0,422.0,431.0)
129       -1.5398e+02    (-248.0,-433.0,421.0,431.0)
130       -1.5370e+02    (-248.0,-432.0,421.0,431.0)
131       -1.5339e+02    (-248.0,-432.0,420.0,431.0)
132       -1.5311e+02    (-248.0,-431.0,420.0,431.0)
133       -1.5286e+02    (-248.0,-431.0,419.0,431.0)
134       -1.5266e+02    (-248.0,-431.0,419.0,432.0)
135       -1.5256e+02    (-248.0,-431.0,418.0,432.0)
136       -1.5248e+02    (-248.0,-430.0,418.0,432.0)
137       -1.5250e+02    (-248.0,-430.0,417.0,432.0)
138       -1.5242e+02    (-248.0,-430.0,417.0,431.0)
139       -1.5228e+02    (-248.0,-429.0,417.0,431.0)
140       -1.5210e+02    (-248.0,-429.0,417.0,430.0)
141       -1.5183e+02    (-248.0,-428.0,417.0,430.0)
142       -1.5153e+02    (-248.0,-428.0,417.0,429.0)
143       -1.5120e+02    (-248.0,-427.0,417.0,429.0)
144       -1.5087e+02    (-248.0,-427.0,417.0,428.0)
145       -1.5064e+02    (-248.0,-427.0,417.0,427.0)
146       -1.5043e+02    (-248.0,-426.0,417.0,427.0)
147       -1.5024e+02    (-248.0,-426.0,418.0,427.0)
148       -1.5017e+02    (-248.0,-426.0,418.0,426.0)
149       -1.5025e+02    (-248.0,-426.0,418.0,425.0)
150       -1.5020e+02    (-248.0,-425.0,418.0,425.0)
151       -1.5008e+02    (-248.0,-425.0,417.0,425.0)
152       -1.4996e+02    (-248.0,-425.0,417.0,424.0)
153       -1.4973e+02    (-248.0,-424.0,417.0,424.0)
154       -1.4948e+02    (-248.0,-424.0,417.0,423.0)
155       -1.4914e+02    (-248.0,-423.0,417.0,423.0)
156       -1.4882e+02    (-248.0,-423.0,417.0,422.0)
157       -1.4854e+02    (-248.0,-422.0,417.0,422.0)
158       -1.4828e+02    (-248.0,-422.0,417.0,421.0)
159       -1.4806e+02    (-248.0,-422.0,418.0,421.0)
160       -1.4795e+02    (-248.0,-422.0,418.0,420.0)
161       -1.4794e+02    (-248.0,-421.0,418.0,420.0)
162       -1.4793e+02    (-248.0,-421.0,418.0,419.0)
163       -1.4789e+02    (-248.0,-421.0,417.0,419.0)
164       -1.4781e+02    (-248.0,-421.0,417.0,418.0)
165       -1.4763e+02    (-248.0,-420.0,417.0,418.0)
166       -1.4742e+02    (-248.0,-420.0,416.0,418.0)
167       -1.4720e+02    (-248.0,-419.0,416.0,418.0)
168       -1.4697e+02    (-248.0,-419.0,415.0,418.0)
169       -1.4674e+02    (-248.0,-418.0,415.0,418.0)
170       -1.4651e+02    (-248.0,-418.0,414.0,418.0)
171       -1.4629e+02    (-248.0,-418.0,414.0,419.0)
172       -1.4609e+02    (-248.0,-418.0,413.0,419.0)
173       -1.4592e+02    (-248.0,-417.0,413.0,419.0)
174       -1.4585e+02    (-248.0,-417.0,413.0,420.0)
175       -1.4589e+02    (-248.0,-417.0,412.0,420.0)
176       -1.4587e+02    (-248.0,-417.0,412.0,419.0)
177       -1.4583e+02    (-248.0,-416.0,412.0,419.0)
178       -1.4574e+02    (-248.0,-416.0,412.0,418.0)
179       -1.4555e+02    (-248.0,-416.0,411.0,418.0)
180       -1.4535e+02    (-248.0,-415.0,411.0,418.0)
181       -1.4512e+02    (-248.0,-415.0,411.0,417.0)
182       -1.4489e+02    (-248.0,-414.0,411.0,417.0)
183       -1.4465e+02    (-248.0,-414.0,411.0,416.0)
184       -1.4443e+02    (-248.0,-414.0,411.0,415.0)
185       -1.4421e+02    (-248.0,-414.0,412.0,415.0)
186       -1.4391e+02    (-248.0,-413.0,412.0,415.0)
187       -1.4373e+02    (-248.0,-413.0,412.0,414.0)
188       -1.4364e+02    (-248.0,-413.0,413.0,414.0)
189       -1.4369e+02    (-248.0,-413.0,413.0,413.0)
190       -1.4368e+02    (-248.0,-412.0,413.0,413.0)
191       -1.4362e+02    (-248.0,-412.0,412.0,413.0)
192       -1.4359e+02    (-248.0,-412.0,412.0,412.0)
193       -1.4346e+02    (-248.0,-412.0,411.0,412.0)
194       -1.4327e+02    (-248.0,-411.0,411.0,412.0)
195       -1.4307e+02    (-248.0,-411.0,411.0,411.0)
196       -1.4284e+02    (-248.0,-410.0,411.0,411.0)
197       -1.4261e+02    (-248.0,-410.0,411.0,410.0)
198       -1.4238e+02    (-248.0,-409.0,411.0,410.0)
199       -1.4215e+02    (-248.0,-409.0,411.0,409.0)
200       -1.4187e+02    (-248.0,-409.0,412.0,409.0)
201       -1.4165e+02    (-248.0,-409.0,412.0,408.0)
202       -1.4152e+02    (-248.0,-408.0,412.0,408.0)
203       -1.4143e+02    (-248.0,-408.0,412.0,407.0)
204       -1.4143e+02    (-248.0,-408.0,413.0,407.0)
205       -1.4146e+02    (-248.0,-408.0,413.0,408.0)
206       -1.4155e+02    (-248.0,-409.0,413.0,408.0)
207       -1.4155e+02    (-248.0,-409.0,413.0,407.0)
208       -1.4158e+02    (-248.0,-409.0,412.0,407.0)
209       -1.4162e+02    (-248.0,-409.0,412.0,406.0)
210       -1.4145e+02    (-248.0,-408.0,412.0,406.0)
211       -1.4136e+02    (-248.0,-407.0,412.0,406.0)
212       -1.4122e+02    (-248.0,-407.0,411.0,406.0)
213       -1.4103e+02    (-248.0,-407.0,411.0,405.0)
214       -1.4080e+02    (-248.0,-407.0,410.0,405.0)
215       -1.4053e+02    (-248.0,-407.0,410.0,404.0)
216       -1.4025e+02    (-248.0,-407.0,409.0,404.0)
217       -1.3996e+02    (-248.0,-407.0,409.0,403.0)
218       -1.3971e+02    (-248.0,-407.0,408.0,403.0)
219       -1.3944e+02    (-248.0,-408.0,408.0,403.0)
220       -1.3916e+02    (-248.0,-408.0,408.0,402.0)
221       -1.3909e+02    (-248.0,-408.0,408.0,401.0)
222       -1.3903e+02    (-248.0,-408.0,407.0,401.0)
223       -1.3907e+02    (-248.0,-408.0,407.0,400.0)
224       -1.3906e+02    (-248.0,-408.0,406.0,400.0)
225       -1.3894e+02    (-248.0,-407.0,406.0,400.0)
226       -1.3880e+02    (-248.0,-407.0,406.0,399.0)
227       -1.3860e+02    (-248.0,-406.0,406.0,399.0)
228       -1.3834e+02    (-248.0,-406.0,406.0,398.0)
229       -1.3805e+02    (-248.0,-405.0,406.0,398.0)
230       -1.3774e+02    (-248.0,-405.0,406.0,397.0)
231       -1.3749e+02    (-248.0,-405.0,406.0,396.0)
232       -1.3726e+02    (-248.0,-404.0,406.0,396.0)
233       -1.3703e+02    (-248.0,-404.0,407.0,396.0)
234       -1.3689e+02    (-248.0,-404.0,407.0,395.0)
235       -1.3693e+02    (-248.0,-404.0,408.0,395.0)
236       -1.3702e+02    (-248.0,-404.0,408.0,394.0)
237       -1.3693e+02    (-248.0,-404.0,407.0,394.0)
238       -1.3691e+02    (-248.0,-403.0,407.0,394.0)
239       -1.3687e+02    (-248.0,-403.0,406.0,394.0)
240       -1.3677e+02    (-248.0,-403.0,406.0,393.0)
241       -1.3660e+02    (-248.0,-402.0,406.0,393.0)
242       -1.3639e+02    (-248.0,-402.0,405.0,393.0)
243       -1.3617e+02    (-248.0,-401.0,405.0,393.0)
244       -1.3592e+02    (-248.0,-401.0,404.0,393.0)
245       -1.3569e+02    (-248.0,-400.0,404.0,393.0)
246       -1.3545e+02    (-248.0,-400.0,403.0,393.0)
247       -1.3521e+02    (-248.0,-400.0,403.0,394.0)
248       -1.3504e+02    (-248.0,-400.0,402.0,394.0)
249       -1.3493e+02    (-248.0,-399.0,402.0,394.0)
250       -1.3490e+02    (-248.0,-399.0,402.0,395.0)
251       -1.3496e+02    (-248.0,-400.0,402.0,395.0)
252       -1.3507e+02    (-248.0,-400.0,401.0,395.0)
253       -1.3496e+02    (-248.0,-399.0,401.0,395.0)
254       -1.3491e+02    (-248.0,-399.0,401.0,394.0)
255       -1.3490e+02    (-248.0,-398.0,401.0,394.0)
256       -1.3477e+02    (-248.0,-398.0,401.0,393.0)
257       -1.3459e+02    (-248.0,-398.0,400.0,393.0)
258       -1.3439e+02    (-248.0,-397.0,400.0,393.0)
259       -1.3416e+02    (-248.0,-397.0,399.0,393.0)
260       -1.3392e+02    (-248.0,-396.0,399.0,393.0)
261       -1.3367e+02    (-248.0,-396.0,398.0,393.0)
262       -1.3346e+02    (-248.0,-396.0,397.0,393.0)
263       -1.3325e+02    (-248.0,-396.0,397.0,394.0)
264       -1.3303e+02    (-248.0,-395.0,397.0,394.0)
265       -1.3294e+02    (-248.0,-395.0,397.0,395.0)
266       -1.3294e+02    (-248.0,-395.0,396.0,395.0)
267       -1.3296e+02    (-248.0,-395.0,396.0,394.0)
268       -1.3295e+02    (-248.0,-394.0,396.0,394.0)
269       -1.3291e+02    (-248.0,-394.0,395.0,394.0)
270       -1.3278e+02    (-248.0,-394.0,395.0,393.0)
271       -1.3261e+02    (-248.0,-393.0,395.0,393.0)
272       -1.3240e+02    (-248.0,-393.0,395.0,392.0)
273       -1.3214e+02    (-248.0,-392.0,395.0,392.0)
274       -1.3186e+02    (-248.0,-392.0,395.0,391.0)
275       -1.3161e+02    (-248.0,-391.0,395.0,391.0)
276       -1.3136e+02    (-248.0,-391.0,395.0,390.0)
277       -1.3110e+02    (-248.0,-391.0,396.0,390.0)
278       -1.3091e+02    (-248.0,-391.0,396.0,389.0)
279       -1.3088e+02    (-248.0,-390.0,396.0,389.0)
280       -1.3083e+02    (-248.0,-390.0,396.0,388.0)
281       -1.3088e+02    (-248.0,-390.0,396.0,387.0)
282       -1.3079e+02    (-248.0,-390.0,395.0,387.0)
283       -1.3064e+02    (-248.0,-389.0,395.0,387.0)
284       -1.3047e+02    (-248.0,-389.0,395.0,386.0)
285       -1.3024e+02    (-248.0,-388.0,395.0,386.0)
286       -1.2998e+02    (-248.0,-388.0,395.0,385.0)
287       -1.2971e+02    (-248.0,-387.0,395.0,385.0)
288       -1.2944e+02    (-248.0,-387.0,395.0,384.0)
289       -1.2922e+02    (-248.0,-387.0,396.0,384.0)
290       -1.2899e+02    (-248.0,-387.0,396.0,383.0)
291       -1.2881e+02    (-248.0,-386.0,396.0,383.0)
292       -1.2875e+02    (-248.0,-386.0,396.0,382.0)
293       -1.2878e+02    (-248.0,-386.0,397.0,382.0)
294       -1.2880e+02    (-248.0,-386.0,397.0,383.0)
295       -1.2898e+02    (-248.0,-387.0,397.0,383.0)
296       -1.2896e+02    (-248.0,-387.0,397.0,382.0)
297       -1.2893e+02    (-248.0,-387.0,396.0,382.0)
298       -1.2902e+02    (-248.0,-387.0,396.0,381.0)
299       -1.2883e+02    (-248.0,-386.0,396.0,381.0)
300       -1.2878e+02    (-248.0,-385.0,396.0,381.0)
301       -1.2867e+02    (-248.0,-385.0,395.0,381.0)
302       -1.2855e+02    (-248.0,-385.0,395.0,380.0)
303       -1.2833e+02    (-248.0,-385.0,394.0,380.0)
304       -1.2808e+02    (-248.0,-385.0,394.0,379.0)
305       -1.2777e+02    (-248.0,-385.0,393.0,379.0)
306       -1.2746e+02    (-248.0,-385.0,393.0,378.0)
307       -1.2717e+02    (-248.0,-385.0,392.0,378.0)
308       -1.2692e+02    (-248.0,-385.0,392.0,377.0)
309       -1.2667e+02    (-248.0,-386.0,392.0,377.0)
310       -1.2655e+02    (-248.0,-386.0,391.0,377.0)
311       -1.2647e+02    (-248.0,-386.0,391.0,376.0)
312       -1.2655e+02    (-248.0,-386.0,391.0,375.0)
313       -1.2655e+02    (-248.0,-386.0,390.0,375.0)
314       -1.2648e+02    (-248.0,-385.0,390.0,375.0)
315       -1.2641e+02    (-248.0,-385.0,390.0,374.0)
316       -1.2623e+02    (-248.0,-385.0,389.0,374.0)
317       -1.2604e+02    (-248.0,-385.0,389.0,373.0)
318       -1.2574e+02    (-248.0,-385.0,388.0,373.0)
319       -1.2545e+02    (-248.0,-385.0,388.0,372.0)
320       -1.2513e+02    (-248.0,-385.0,387.0,372.0)
321       -1.2486e+02    (-248.0,-385.0,387.0,371.0)
322       -1.2464e+02    (-248.0,-386.0,387.0,371.0)
323       -1.2440e+02    (-248.0,-386.0,386.0,371.0)
324       -1.2426e+02    (-248.0,-386.0,386.0,370.0)
325       -1.2429e+02    (-248.0,-386.0,385.0,370.0)
326       -1.2429e+02    (-248.0,-386.0,385.0,369.0)
327       -1.2431e+02    (-248.0,-385.0,385.0,369.0)
328       -1.2427e+02    (-248.0,-385.0,384.0,369.0)
329       -1.2413e+02    (-248.0,-385.0,384.0,368.0)
330       -1.2397e+02    (-248.0,-384.0,384.0,368.0)
331       -1.2375e+02    (-248.0,-384.0,383.0,368.0)
332       -1.2352e+02    (-248.0,-383.0,383.0,368.0)
333       -1.2325e+02    (-248.0,-383.0,382.0,368.0)
334       -1.2302e+02    (-248.0,-382.0,382.0,368.0)
335       -1.2279e+02    (-248.0,-382.0,381.0,368.0)
336       -1.2254e+02    (-248.0,-382.0,381.0,369.0)
337       -1.2244e+02    (-248.0,-382.0,380.0,369.0)
338       -1.2238e+02    (-248.0,-382.0,380.0,370.0)
339       -1.2242e+02    (-248.0,-381.0,380.0,370.0)
340       -1.2240e+02    (-248.0,-381.0,380.0,369.0)
341       -1.2240e+02    (-248.0,-381.0,379.0,369.0)
342       -1.2236e+02    (-248.0,-381.0,379.0,368.0)
343       -1.2223e+02    (-248.0,-380.0,379.0,368.0)
344       -1.2206e+02    (-248.0,-380.0,378.0,368.0)
345       -1.2185e+02    (-248.0,-379.0,378.0,368.0)
346       -1.2160e+02    (-248.0,-379.0,377.0,368.0)
347       -1.2136e+02    (-248.0,-378.0,377.0,368.0)
348       -1.2110e+02    (-248.0,-378.0,376.0,368.0)
349       -1.2089e+02    (-248.0,-378.0,376.0,369.0)
350       -1.2069e+02    (-248.0,-378.0,375.0,369.0)
351       -1.2055e+02    (-248.0,-377.0,375.0,369.0)
352       -1.2049e+02    (-248.0,-377.0,375.0,370.0)
353       -1.2055e+02    (-248.0,-377.0,374.0,370.0)
354       -1.2053e+02    (-248.0,-377.0,374.0,369.0)
355       -1.2056e+02    (-248.0,-376.0,374.0,369.0)
356       -1.2049e+02    (-248.0,-376.0,374.0,368.0)
357       -1.2035e+02    (-248.0,-376.0,373.0,368.0)
358       -1.2018e+02    (-248.0,-375.0,373.0,368.0)
359       -1.1996e+02    (-248.0,-375.0,372.0,368.0)
360       -1.1972e+02    (-248.0,-374.0,372.0,368.0)
361       -1.1946e+02    (-248.0,-374.0,371.0,368.0)
362       -1.1925e+02    (-248.0,-374.0,370.0,368.0)
363       -1.1903e+02    (-248.0,-373.0,370.0,368.0)
364       -1.1878e+02    (-248.0,-373.0,370.0,369.0)
365       -1.1870e+02    (-248.0,-373.0,370.0,370.0)
366       -1.1866e+02    (-248.0,-373.0,369.0,370.0)
367       -1.1871e+02    (-248.0,-373.0,369.0,369.0)
368       -1.1870e+02    (-248.0,-372.0,369.0,369.0)
369       -1.1870e+02    (-248.0,-372.0,368.0,369.0)
370       -1.1863e+02    (-248.0,-372.0,368.0,368.0)
371       -1.1850e+02    (-248.0,-371.0,368.0,368.0)
372       -1.1831e+02    (-248.0,-371.0,367.0,368.0)
373       -1.1811e+02    (-248.0,-370.0,367.0,368.0)
374       -1.1785e+02    (-248.0,-370.0,366.0,368.0)
375       -1.1762e+02    (-248.0,-369.0,366.0,368.0)
376       -1.1738e+02    (-248.0,-369.0,365.0,368.0)
377       -1.1715e+02    (-248.0,-369.0,365.0,369.0)
378       -1.1698e+02    (-248.0,-369.0,364.0,369.0)
379       -1.1687e+02    (-248.0,-368.0,364.0,369.0)
380       -1.1683e+02    (-248.0,-368.0,364.0,370.0)
381       -1.1691e+02    (-248.0,-369.0,364.0,370.0)
382       -1.1702e+02    (-248.0,-369.0,363.0,370.0)
383       -1.1691e+02    (-248.0,-368.0,363.0,370.0)
384       -1.1687e+02    (-248.0,-368.0,363.0,369.0)
385       -1.1690e+02    (-248.0,-367.0,363.0,369.0)
386       -1.1680e+02    (-248.0,-367.0,363.0,368.0)
387       -1.1666e+02    (-248.0,-367.0,362.0,368.0)
388       -1.1649e+02    (-248.0,-366.0,362.0,368.0)
389       -1.1626e+02    (-248.0,-366.0,361.0,368.0)
390       -1.1603e+02    (-248.0,-365.0,361.0,368.0)
391       -1.1577e+02    (-248.0,-365.0,360.0,368.0)
392       -1.1557e+02    (-248.0,-365.0,359.0,368.0)
393       -1.1537e+02    (-248.0,-364.0,359.0,368.0)
394       -1.1513e+02    (-248.0,-364.0,359.0,369.0)
395       -1.1505e+02    (-248.0,-364.0,359.0,370.0)
396       -1.1505e+02    (-248.0,-364.0,358.0,370.0)
397       -1.1508e+02    (-248.0,-364.0,358.0,369.0)
398       -1.1509e+02    (-248.0,-363.0,358.0,369.0)
399       -1.1509e+02    (-248.0,-363.0,357.0,369.0)
400       -1.1499e+02    (-248.0,-363.0,357.0,368.0)
401       -1.1486e+02    (-248.0,-362.0,357.0,368.0)
402       -1.1467e+02    (-248.0,-362.0,357.0,367.0)
403       -1.1443e+02    (-248.0,-361.0,357.0,367.0)
404       -1.1415e+02    (-248.0,-361.0,357.0,366.0)
405       -1.1390e+02    (-248.0,-360.0,357.0,366.0)
406       -1.1363e+02    (-248.0,-360.0,357.0,365.0)
407       -1.1338e+02    (-248.0,-360.0,358.0,365.0)
408       -1.1318e+02    (-248.0,-360.0,358.0,364.0)
409       -1.1314e+02    (-248.0,-359.0,358.0,364.0)
410       -1.1310e+02    (-248.0,-359.0,358.0,363.0)
411       -1.1315e+02    (-248.0,-359.0,359.0,363.0)
412       -1.1316e+02    (-248.0,-359.0,359.0,364.0)
413       -1.1317e+02    (-248.0,-360.0,359.0,364.0)
414       -1.1320e+02    (-248.0,-360.0,359.0,363.0)
415       -1.1317e+02    (-248.0,-360.0,358.0,363.0)
416       -1.1331e+02    (-248.0,-360.0,358.0,362.0)
417       -1.1318e+02    (-248.0,-359.0,358.0,362.0)
418       -1.1313e+02    (-248.0,-359.0,357.0,362.0)
419       -1.1301e+02    (-248.0,-358.0,357.0,362.0)
420       -1.1287e+02    (-248.0,-358.0,357.0,361.0)
421       -1.1266e+02    (-248.0,-357.0,357.0,361.0)
422       -1.1241e+02    (-248.0,-357.0,357.0,360.0)
423       -1.1214e+02    (-248.0,-356.0,357.0,360.0)
424       -1.1187e+02    (-248.0,-356.0,357.0,359.0)
425       -1.1166e+02    (-248.0,-356.0,357.0,358.0)
426       -1.1143e+02    (-248.0,-356.0,358.0,358.0)
427       -1.1122e+02    (-248.0,-355.0,358.0,358.0)
428       -1.1116e+02    (-248.0,-355.0,358.0,357.0)
429       -1.1118e+02    (-248.0,-355.0,359.0,357.0)
430       -1.1121e+02    (-248.0,-355.0,359.0,358.0)
431       -1.1142e+02    (-248.0,-356.0,359.0,358.0)
432       -1.1138e+02    (-248.0,-356.0,359.0,357.0)
433       -1.1136e+02    (-248.0,-356.0,358.0,357.0)
434       -1.1144e+02    (-248.0,-356.0,358.0,356.0)
435       -1.1125e+02    (-248.0,-355.0,358.0,356.0)
436       -1.1123e+02    (-248.0,-354.0,358.0,356.0)
437       -1.1117e+02    (-248.0,-354.0,357.0,356.0)
438       -1.1107e+02    (-248.0,-354.0,357.0,355.0)
439       -1.1090e+02    (-248.0,-354.0,356.0,355.0)
440       -1.1066e+02    (-248.0,-354.0,356.0,354.0)
441       -1.1036e+02    (-248.0,-354.0,355.0,354.0)
442       -1.1004e+02    (-248.0,-354.0,355.0,353.0)
443       -1.0975e+02    (-248.0,-354.0,354.0,353.0)
444       -1.0950e+02    (-248.0,-354.0,354.0,352.0)
445       -1.0927e+02    (-248.0,-355.0,354.0,352.0)
446       -1.0915e+02    (-248.0,-355.0,353.0,352.0)
447       -1.0905e+02    (-248.0,-355.0,353.0,351.0)
448       -1.0914e+02    (-248.0,-355.0,353.0,350.0)
449       -1.0917e+02    (-248.0,-355.0,352.0,350.0)
450       -1.0913e+02    (-248.0,-354.0,352.0,350.0)
451       -1.0909e+02    (-248.0,-354.0,352.0,349.0)
452       -1.0895e+02    (-248.0,-354.0,351.0,349.0)
453       -1.0878e+02    (-248.0,-353.0,351.0,349.0)
454       -1.0859e+02    (-248.0,-353.0,350.0,349.0)
455       -1.0837e+02    (-248.0,-352.0,350.0,349.0)
456       -1.0816e+02    (-248.0,-352.0,349.0,349.0)
457       -1.0795e+02    (-248.0,-351.0,349.0,349.0)
458       -1.0772e+02    (-248.0,-351.0,349.0,350.0)
459       -1.0750e+02    (-248.0,-351.0,348.0,350.0)
460       -1.0737e+02    (-248.0,-351.0,348.0,351.0)
461       -1.0740e+02    (-248.0,-350.0,348.0,351.0)
462       -1.0739e+02    (-248.0,-350.0,347.0,351.0)
463       -1.0739e+02    (-248.0,-350.0,347.0,350.0)
464       -1.0743e+02    (-248.0,-350.0,346.0,350.0)
465       -1.0735e+02    (-248.0,-350.0,346.0,349.0)
466       -1.0720e+02    (-248.0,-349.0,346.0,349.0)
467       -1.0704e+02    (-248.0,-349.0,345.0,349.0)
468       -1.0684e+02    (-248.0,-348.0,345.0,349.0)
469       -1.0663e+02    (-248.0,-348.0,344.0,349.0)
470       -1.0641e+02    (-248.0,-347.0,344.0,349.0)
471       -1.0621e+02    (-248.0,-347.0,343.0,349.0)
472       -1.0596e+02    (-248.0,-347.0,343.0,350.0)
473       -1.0580e+02    (-248.0,-346.0,343.0,350.0)
474       -1.0568e+02    (-248.0,-346.0,342.0,350.0)
475       -1.0561e+02    (-248.0,-346.0,342.0,351.0)
476       -1.0569e+02    (-248.0,-346.0,343.0,351.0)
477       -1.0579e+02    (-248.0,-346.0,343.0,352.0)
478       -1.0571e+02    (-248.0,-346.0,342.0,352.0)
479       -1.0586e+02    (-248.0,-347.0,342.0,352.0)
480       -1.0576e+02    (-248.0,-347.0,342.0,351.0)
481       -1.0585e+02    (-248.0,-347.0,342.0,350.0)
482       -1.0589e+02    (-248.0,-347.0,341.0,350.0)
483       -1.0573e+02    (-248.0,-346.0,341.0,350.0)
484       -1.0569e+02    (-248.0,-345.0,341.0,350.0)
485       -1.0562e+02    (-248.0,-345.0,341.0,349.0)
486       -1.0549e+02    (-248.0,-345.0,340.0,349.0)
487       -1.0530e+02    (-248.0,-345.0,340.0,348.0)
488       -1.0505e+02    (-248.0,-345.0,339.0,348.0)
489       -1.0476e+02    (-248.0,-345.0,339.0,347.0)
490       -1.0448e+02    (-248.0,-345.0,338.0,347.0)
491       -1.0421e+02    (-248.0,-345.0,338.0,346.0)
492       -1.0396e+02    (-248.0,-346.0,338.0,346.0)
493       -1.0376e+02    (-248.0,-346.0,337.0,346.0)
494       -1.0360e+02    (-248.0,-346.0,337.0,345.0)
495       -1.0365e+02    (-248.0,-346.0,337.0,344.0)
496       -1.0366e+02    (-248.0,-346.0,336.0,344.0)
497       -1.0367e+02    (-248.0,-346.0,336.0,345.0)
498       -1.0381e+02    (-248.0,-345.0,336.0,345.0)
499       -1.0372e+02    (-248.0,-345.0,336.0,344.0)
500       -1.0368e+02    (-248.0,-345.0,336.0,343.0)
501       -1.0358e+02    (-248.0,-345.0,335.0,343.0)
502       -1.0344e+02    (-248.0,-344.0,335.0,343.0)
503       -1.0324e+02    (-248.0,-344.0,334.0,343.0)
504       -1.0301e+02    (-248.0,-343.0,334.0,343.0)
505       -1.0274e+02    (-248.0,-343.0,333.0,343.0)
506       -1.0253e+02    (-248.0,-342.0,333.0,343.0)
507       -1.0231e+02    (-248.0,-342.0,332.0,343.0)
508       -1.0207e+02    (-248.0,-342.0,332.0,344.0)
509       -1.0199e+02    (-248.0,-342.0,332.0,345.0)
510       -1.0195e+02    (-248.0,-342.0,331.0,345.0)
511       -1.0200e+02    (-248.0,-342.0,331.0,344.0)
512       -1.0200e+02    (-248.0,-341.0,331.0,344.0)
513       -1.0202e+02    (-248.0,-341.0,331.0,345.0)
514       -1.0209e+02    (-248.0,-341.0,332.0,345.0)
515       -1.0209e+02    (-248.0,-341.0,332.0,344.0)
516       -1.0222e+02    (-248.0,-341.0,332.0,343.0)
517       -1.0208e+02    (-248.0,-341.0,331.0,343.0)
518       -1.0200e+02    (-248.0,-341.0,330.0,343.0)
519       -1.0190e+02    (-248.0,-340.0,330.0,343.0)
520       -1.0175e+02    (-248.0,-340.0,330.0,342.0)
521       -1.0152e+02    (-248.0,-339.0,330.0,342.0)
522       -1.0123e+02    (-248.0,-339.0,330.0,341.0)
523       -1.0095e+02    (-248.0,-338.0,330.0,341.0)
524       -1.0067e+02    (-248.0,-338.0,330.0,340.0)
525       -1.0046e+02    (-248.0,-338.0,331.0,340.0)
526       -1.0024e+02    (-248.0,-338.0,331.0,339.0)
527       -1.0014e+02    (-248.0,-337.0,331.0,339.0)
528       -1.0012e+02    (-248.0,-337.0,331.0,338.0)
529       -1.0018e+02    (-248.0,-337.0,332.0,338.0)
530       -1.0019e+02    (-248.0,-337.0,332.0,339.0)
531       -1.0028e+02    (-248.0,-338.0,332.0,339.0)
532       -1.0029e+02    (-248.0,-338.0,332.0,338.0)
533       -1.0023e+02    (-248.0,-338.0,331.0,338.0)
534       -1.0038e+02    (-248.0,-338.0,331.0,337.0)
535       -1.0024e+02    (-248.0,-337.0,331.0,337.0)
536       -1.0023e+02    (-248.0,-337.0,330.0,337.0)
537       -1.0015e+02    (-248.0,-336.0,330.0,337.0)
538       -1.0006e+02    (-248.0,-336.0,330.0,336.0)
539       -9.9871e+01    (-248.0,-335.0,330.0,336.0)
540       -9.9641e+01    (-248.0,-335.0,330.0,335.0)
541       -9.9345e+01    (-248.0,-334.0,330.0,335.0)
542       -9.9053e+01    (-248.0,-334.0,330.0,334.0)
543       -9.8834e+01    (-248.0,-333.0,330.0,334.0)
544       -9.8615e+01    (-248.0,-333.0,330.0,333.0)
545       -9.8375e+01    (-248.0,-333.0,331.0,333.0)
546       -9.8313e+01    (-248.0,-333.0,331.0,332.0)
547       -9.8361e+01    (-248.0,-333.0,332.0,332.0)
548       -9.8406e+01    (-248.0,-333.0,332.0,333.0)
549       -9.8570e+01    (-248.0,-332.0,332.0,333.0)
550       -9.8483e+01    (-248.0,-332.0,332.0,332.0)
551       -9.8395e+01    (-248.0,-332.0,331.0,332.0)
552       -9.8416e+01    (-248.0,-332.0,331.0,331.0)
553       -9.8395e+01    (-248.0,-332.0,330.0,331.0)
554       -9.8363e+01    (-248.0,-332.0,330.0,330.0)
555       -9.8216e+01    (-248.0,-331.0,330.0,330.0)
556       -9.8052e+01    (-248.0,-331.0,329.0,330.0)
557       -9.7881e+01    (-248.0,-330.0,329.0,330.0)
558       -9.7695e+01    (-248.0,-330.0,328.0,330.0)
559       -9.7516e+01    (-248.0,-329.0,328.0,330.0)
560       -9.7332e+01    (-248.0,-329.0,327.0,330.0)
561       -9.7061e+01    (-248.0,-329.0,327.0,331.0)
562       -9.6895e+01    (-248.0,-329.0,326.0,331.0)
563       -9.6745e+01    (-248.0,-329.0,326.0,332.0)
564       -9.6691e+01    (-248.0,-328.0,326.0,332.0)
565       -9.6753e+01    (-248.0,-328.0,325.0,332.0)
566       -9.6773e+01    (-248.0,-328.0,325.0,331.0)
567       -9.6797e+01    (-248.0,-327.0,325.0,331.0)
568       -9.6720e+01    (-248.0,-327.0,324.0,331.0)
569       -9.6575e+01    (-248.0,-327.0,324.0,330.0)
570       -9.6417e+01    (-248.0,-326.0,324.0,330.0)
571       -9.6228e+01    (-248.0,-326.0,324.0,329.0)
572       -9.6036e+01    (-248.0,-325.0,324.0,329.0)
573       -9.5826e+01    (-248.0,-325.0,324.0,328.0)
574       -9.5624e+01    (-248.0,-325.0,325.0,328.0)
575       -9.5353e+01    (-248.0,-325.0,325.0,327.0)
576       -9.5138e+01    (-248.0,-324.0,325.0,327.0)
577       -9.5010e+01    (-248.0,-324.0,325.0,326.0)
578       -9.4899e+01    (-248.0,-324.0,326.0,326.0)
579       -9.4998e+01    (-248.0,-324.0,326.0,325.0)
580       -9.5025e+01    (-248.0,-324.0,325.0,325.0)
581       -9.5024e+01    (-248.0,-323.0,325.0,325.0)
582       -9.5030e+01    (-248.0,-323.0,325.0,324.0)
583       -9.4930e+01    (-248.0,-323.0,324.0,324.0)
584       -9.4787e+01    (-248.0,-322.0,324.0,324.0)
585       -9.4617e+01    (-248.0,-322.0,323.0,324.0)
586       -9.4401e+01    (-248.0,-321.0,323.0,324.0)
587       -9.4179e+01    (-248.0,-321.0,322.0,324.0)
588       -9.3969e+01    (-248.0,-320.0,322.0,324.0)
589       -9.3761e+01    (-248.0,-320.0,322.0,325.0)
590       -9.3506e+01    (-248.0,-320.0,321.0,325.0)
591       -9.3390e+01    (-248.0,-320.0,321.0,326.0)
592       -9.3390e+01    (-248.0,-320.0,320.0,326.0)
593       -9.3372e+01    (-248.0,-319.0,320.0,326.0)
594       -9.3396e+01    (-248.0,-319.0,320.0,325.0)
595       -9.3457e+01    (-248.0,-320.0,320.0,325.0)
596       -9.3579e+01    (-248.0,-320.0,319.0,325.0)
597       -9.3465e+01    (-248.0,-319.0,319.0,325.0)
598       -9.3438e+01    (-248.0,-319.0,319.0,324.0)
599       -9.3323e+01    (-248.0,-318.0,319.0,324.0)
600       -9.3191e+01    (-248.0,-318.0,318.0,324.0)
601       -9.3006e+01    (-248.0,-317.0,318.0,324.0)
602       -9.2801e+01    (-248.0,-317.0,317.0,324.0)
603       -9.2577e+01    (-248.0,-316.0,317.0,324.0)
604       -9.2365e+01    (-248.0,-316.0,316.0,324.0)
605       -9.2135e+01    (-248.0,-316.0,316.0,325.0)
606       -9.1961e+01    (-248.0,-315.0,316.0,325.0)
607       -9.1823e+01    (-248.0,-315.0,315.0,325.0)
608       -9.1736e+01    (-248.0,-315.0,315.0,326.0)
609       -9.1850e+01    (-248.0,-315.0,315.0,327.0)
610       -9.1977e+01    (-248.0,-315.0,316.0,327.0)
611       -9.1865e+01    (-248.0,-315.0,316.0,326.0)
612       -9.2046e+01    (-248.0,-316.0,316.0,326.0)
613       -9.1917e+01    (-248.0,-316.0,315.0,326.0)
614       -9.1997e+01    (-248.0,-316.0,315.0,325.0)
615       -9.2040e+01    (-248.0,-316.0,314.0,325.0)
616       -9.1871e+01    (-248.0,-315.0,314.0,325.0)
617       -9.1874e+01    (-248.0,-315.0,314.0,326.0)
618       -9.1954e+01    (-248.0,-314.0,314.0,326.0)
619       -9.1879e+01    (-248.0,-314.0,314.0,325.0)
620       -9.1854e+01    (-248.0,-314.0,314.0,324.0)
621       -9.1754e+01    (-248.0,-314.0,313.0,324.0)
622       -9.1607e+01    (-248.0,-313.0,313.0,324.0)
623       -9.1433e+01    (-248.0,-313.0,312.0,324.0)
624       -9.1217e+01    (-248.0,-312.0,312.0,324.0)
625       -9.1000e+01    (-248.0,-312.0,311.0,324.0)
626       -9.0801e+01    (-248.0,-311.0,311.0,324.0)
627       -9.0577e+01    (-248.0,-311.0,311.0,325.0)
628       -9.0351e+01    (-248.0,-311.0,310.0,325.0)
629       -9.0235e+01    (-248.0,-311.0,310.0,326.0)
630       -9.0275e+01    (-248.0,-311.0,309.0,326.0)
631       -9.0293e+01    (-248.0,-310.0,309.0,326.0)
632       -9.0297e+01    (-248.0,-310.0,309.0,325.0)
633       -9.0332e+01    (-248.0,-311.0,309.0,325.0)
634       -9.0475e+01    (-248.0,-311.0,308.0,325.0)
635       -9.0369e+01    (-248.0,-310.0,308.0,325.0)
636       -9.0312e+01    (-248.0,-310.0,308.0,324.0)
637       -9.0196e+01    (-248.0,-309.0,308.0,324.0)
638       -9.0058e+01    (-248.0,-309.0,308.0,323.0)
639       -8.9843e+01    (-248.0,-308.0,308.0,323.0)
640       -8.9612e+01    (-248.0,-308.0,308.0,322.0)
641       -8.9363e+01    (-248.0,-307.0,308.0,322.0)
642       -8.9128e+01    (-248.0,-307.0,308.0,321.0)
643       -8.8864e+01    (-248.0,-307.0,309.0,321.0)
644       -8.8693e+01    (-248.0,-307.0,309.0,320.0)
645       -8.8561e+01    (-248.0,-306.0,309.0,320.0)
646       -8.8529e+01    (-248.0,-306.0,310.0,320.0)
647       -8.8572e+01    (-248.0,-306.0,310.0,319.0)
648       -8.8561e+01    (-248.0,-306.0,309.0,319.0)
649       -8.8681e+01    (-248.0,-305.0,309.0,319.0)
650       -8.8664e+01    (-248.0,-305.0,309.0,318.0)
651       -8.8581e+01    (-248.0,-305.0,308.0,318.0)
652       -8.8487e+01    (-247.0,-305.0,308.0,318.0)
653       -8.8355e+01    (-247.0,-305.0,308.0,317.0)
654       -8.8187e+01    (-247.0,-305.0,307.0,317.0)
655       -8.8009e+01    (-247.0,-305.0,307.0,316.0)
656       -8.7806e+01    (-247.0,-305.0,306.0,316.0)
657       -8.7609e+01    (-247.0,-305.0,306.0,315.0)
658       -8.7418e+01    (-247.0,-305.0,305.0,315.0)
659       -8.7247e+01    (-247.0,-305.0,305.0,314.0)
660       -8.7101e+01    (-248.0,-305.0,305.0,314.0)
661       -8.6798e+01    (-248.0,-306.0,305.0,314.0)
662       -8.6710e+01    (-248.0,-306.0,304.0,314.0)
663       -8.6687e+01    (-248.0,-306.0,304.0,313.0)
664       -8.6785e+01    (-248.0,-306.0,305.0,313.0)
665       -8.6915e+01    (-248.0,-307.0,305.0,313.0)
666       -8.6818e+01    (-248.0,-307.0,304.0,313.0)
667       -8.6838e+01    (-248.0,-307.0,304.0,314.0)
668       -8.6923e+01    (-248.0,-307.0,305.0,314.0)
669       -8.7158e+01    (-248.0,-307.0,305.0,315.0)
670       -8.7030e+01    (-248.0,-306.0,305.0,315.0)
671       -8.6937e+01    (-248.0,-306.0,304.0,315.0)
672       -8.7067e+01    (-248.0,-307.0,304.0,315.0)
673       -8.7230e+01    (-248.0,-307.0,303.0,315.0)
674       -8.7029e+01    (-248.0,-307.0,303.0,314.0)
675       -8.6892e+01    (-248.0,-306.0,303.0,314.0)
676       -8.6814e+01    (-248.0,-306.0,303.0,313.0)
677       -8.6839e+01    (-248.0,-306.0,303.0,312.0)
678       -8.6806e+01    (-248.0,-305.0,303.0,312.0)
679       -8.6753e+01    (-247.0,-305.0,303.0,312.0)
680       -8.6642e+01    (-247.0,-305.0,303.0,311.0)
681       -8.6488e+01    (-247.0,-304.0,303.0,311.0)
682       -8.6310e+01    (-247.0,-304.0,303.0,310.0)
683       -8.6101e+01    (-247.0,-303.0,303.0,310.0)
684       -8.5886e+01    (-247.0,-303.0,303.0,309.0)
685       -8.5703e+01    (-247.0,-302.0,303.0,309.0)
686       -8.5517e+01    (-247.0,-302.0,303.0,308.0)
687       -8.5311e+01    (-248.0,-302.0,303.0,308.0)
688       -8.5102e+01    (-248.0,-302.0,304.0,308.0)
689       -8.5031e+01    (-248.0,-302.0,304.0,307.0)
690       -8.5119e+01    (-248.0,-301.0,304.0,307.0)
691       -8.5165e+01    (-248.0,-301.0,304.0,306.0)
692       -8.5160e+01    (-248.0,-302.0,304.0,306.0)
693       -8.5221e+01    (-248.0,-302.0,303.0,306.0)
694       -8.5164e+01    (-248.0,-301.0,303.0,306.0)
695       -8.5178e+01    (-247.0,-301.0,303.0,306.0)
696       -8.5092e+01    (-247.0,-301.0,303.0,305.0)
697       -8.4959e+01    (-247.0,-300.0,303.0,305.0)
698       -8.4809e+01    (-247.0,-300.0,302.0,305.0)
699       -8.4657e+01    (-247.0,-300.0,302.0,304.0)
700       -8.4501e+01    (-247.0,-300.0,301.0,304.0)
701       -8.4343e+01    (-247.0,-300.0,301.0,303.0)
702       -8.4185e+01    (-247.0,-300.0,300.0,303.0)
703       -8.4028e+01    (-247.0,-300.0,300.0,302.0)
704       -8.3876e+01    (-247.0,-300.0,299.0,302.0)
705       -8.3726e+01    (-247.0,-300.0,299.0,301.0)
706       -8.3583e+01    (-247.0,-300.0,299.0,300.0)
707       -8.3439e+01    (-247.0,-300.0,298.0,300.0)
708       -8.3298e+01    (-247.0,-300.0,298.0,299.0)
709       -8.3153e+01    (-247.0,-300.0,297.0,299.0)
710       -8.3007e+01    (-247.0,-300.0,297.0,298.0)
711       -8.2843e+01    (-247.0,-299.0,297.0,298.0)
712       -8.2670e+01    (-247.0,-299.0,297.0,297.0)
713       -8.2496e+01    (-247.0,-298.0,297.0,297.0)
714       -8.2322e+01    (-247.0,-298.0,297.0,296.0)
715       -8.2170e+01    (-247.0,-298.0,297.0,295.0)
716       -8.2029e+01    (-247.0,-297.0,297.0,295.0)
717       -8.1899e+01    (-247.0,-297.0,297.0,294.0)
718       -8.1785e+01    (-247.0,-297.0,297.0,293.0)
719       -8.1656e+01    (-247.0,-296.0,297.0,293.0)
720       -8.1528e+01    (-247.0,-296.0,297.0,292.0)
721       -8.1373e+01    (-247.0,-296.0,296.0,292.0)
722       -8.1206e+01    (-247.0,-296.0,296.0,291.0)
723       -8.1022e+01    (-247.0,-296.0,295.0,291.0)
724       -8.0839e+01    (-247.0,-296.0,295.0,290.0)
725       -8.0665e+01    (-247.0,-296.0,294.0,290.0)
726       -8.0504e+01    (-247.0,-296.0,294.0,289.0)
727       -8.0373e+01    (-247.0,-296.0,293.0,289.0)
728       -8.0245e+01    (-247.0,-296.0,293.0,288.0)
729       -8.0144e+01    (-247.0,-296.0,293.0,287.0)
730       -8.0028e+01    (-247.0,-296.0,292.0,287.0)
731       -7.9917e+01    (-247.0,-296.0,292.0,286.0)
732       -7.9776e+01    (-247.0,-296.0,291.0,286.0)
733       -7.9627e+01    (-247.0,-295.0,291.0,286.0)
734       -7.9478e+01    (-247.0,-295.0,290.0,286.0)
735       -7.9324e+01    (-247.0,-294.0,290.0,286.0)
736       -7.9173e+01    (-247.0,-294.0,289.0,286.0)
737       -7.9024e+01    (-247.0,-293.0,289.0,286.0)
738       -7.8879e+01    (-247.0,-293.0,288.0,286.0)
739       -7.8740e+01    (-247.0,-292.0,288.0,286.0)
740       -7.8600e+01    (-247.0,-292.0,287.0,286.0)
741       -7.8464e+01    (-247.0,-292.0,286.0,286.0)
742       -7.8320e+01    (-247.0,-291.0,286.0,286.0)
743       -7.8178e+01    (-247.0,-291.0,286.0,285.0)
744       -7.8013e+01    (-247.0,-290.0,286.0,285.0)
745       -7.7853e+01    (-247.0,-290.0,286.0,284.0)
746       -7.7689e+01    (-247.0,-289.0,286.0,284.0)
747       -7.7535e+01    (-247.0,-289.0,286.0,283.0)
748       -7.7398e+01    (-247.0,-289.0,286.0,282.0)
749       -7.7263e+01    (-247.0,-288.0,286.0,282.0)
750       -7.7139e+01    (-247.0,-288.0,286.0,281.0)
751       -7.7020e+01    (-247.0,-287.0,286.0,281.0)
752       -7.6889e+01    (-247.0,-287.0,286.0,280.0)
753       -7.6756e+01    (-247.0,-286.0,286.0,280.0)
754       -7.6597e+01    (-247.0,-286.0,285.0,280.0)
755       -7.6440e+01    (-247.0,-285.0,285.0,280.0)
756       -7.6268e+01    (-247.0,-285.0,284.0,280.0)
757       -7.6114e+01    (-247.0,-285.0,283.0,280.0)
758       -7.5966e+01    (-247.0,-284.0,283.0,280.0)
759       -7.5836e+01    (-247.0,-284.0,282.0,280.0)
760       -7.5719e+01    (-247.0,-283.0,282.0,280.0)
761       -7.5596e+01    (-247.0,-283.0,281.0,280.0)
762       -7.5476e+01    (-247.0,-282.0,281.0,280.0)
763       -7.5330e+01    (-247.0,-282.0,281.0,279.0)
764       -7.5159e+01    (-247.0,-281.0,281.0,279.0)
765       -7.4971e+01    (-247.0,-281.0,281.0,278.0)
766       -7.4798e+01    (-247.0,-280.0,281.0,278.0)
767       -7.4620e+01    (-247.0,-280.0,281.0,277.0)
768       -7.4480e+01    (-247.0,-280.0,281.0,276.0)
769       -7.4351e+01    (-248.0,-280.0,281.0,276.0)
770       -7.4087e+01    (-248.0,-280.0,282.0,276.0)
771       -7.4088e+01    (-248.0,-280.0,283.0,276.0)
772       -7.4134e+01    (-248.0,-279.0,283.0,276.0)
773       -7.4106e+01    (-248.0,-279.0,282.0,276.0)
774       -7.4122e+01    (-248.0,-279.0,282.0,275.0)
775       -7.4141e+01    (-248.0,-280.0,282.0,275.0)
776       -7.4174e+01    (-248.0,-280.0,283.0,275.0)
777       -7.4177e+01    (-248.0,-279.0,283.0,275.0)
778       -7.4364e+01    (-248.0,-279.0,283.0,274.0)
779       -7.4261e+01    (-248.0,-279.0,282.0,274.0)
780       -7.4232e+01    (-248.0,-279.0,281.0,274.0)
781       -7.4175e+01    (-248.0,-278.0,281.0,274.0)
782       -7.4070e+01    (-247.0,-278.0,281.0,274.0)
783       -7.3946e+01    (-247.0,-278.0,280.0,274.0)
784       -7.3796e+01    (-247.0,-277.0,280.0,274.0)
785       -7.3626e+01    (-247.0,-277.0,279.0,274.0)
786       -7.3450e+01    (-247.0,-276.0,279.0,274.0)
787       -7.3274e+01    (-247.0,-276.0,278.0,274.0)
788       -7.3134e+01    (-247.0,-275.0,278.0,274.0)
789       -7.2996e+01    (-247.0,-275.0,277.0,274.0)
790       -7.2895e+01    (-247.0,-275.0,276.0,274.0)
791       -7.2793e+01    (-247.0,-274.0,276.0,274.0)
792       -7.2689e+01    (-247.0,-274.0,275.0,274.0)
793       -7.2562e+01    (-247.0,-273.0,275.0,274.0)
794       -7.2413e+01    (-247.0,-273.0,274.0,274.0)
795       -7.2244e+01    (-247.0,-272.0,274.0,274.0)
796       -7.2067e+01    (-247.0,-272.0,273.0,274.0)
797       -7.1906e+01    (-247.0,-271.0,273.0,274.0)
798       -7.1752e+01    (-247.0,-271.0,272.0,274.0)
799       -7.1639e+01    (-247.0,-271.0,271.0,274.0)
800       -7.1529e+01    (-247.0,-270.0,271.0,274.0)
801       -7.1437e+01    (-247.0,-270.0,270.0,274.0)
802       -7.1330e+01    (-247.0,-269.0,270.0,274.0)
803       -7.1203e+01    (-247.0,-269.0,270.0,273.0)
804       -7.1054e+01    (-247.0,-268.0,270.0,273.0)
805       -7.0884e+01    (-247.0,-268.0,270.0,272.0)
806       -7.0715e+01    (-247.0,-267.0,270.0,272.0)
807       -7.0539e+01    (-247.0,-267.0,270.0,271.0)
808       -7.0393e+01    (-247.0,-267.0,270.0,270.0)
809       -7.0265e+01    (-247.0,-266.0,270.0,270.0)
810       -7.0151e+01    (-247.0,-266.0,270.0,269.0)
811       -7.0064e+01    (-247.0,-266.0,270.0,268.0)
812       -6.9961e+01    (-247.0,-265.0,270.0,268.0)
813       -6.9857e+01    (-247.0,-265.0,270.0,267.0)
814       -6.9720e+01    (-247.0,-265.0,269.0,267.0)
815       -6.9571e+01    (-247.0,-265.0,269.0,266.0)
816       -6.9396e+01    (-247.0,-265.0,268.0,266.0)
817       -6.9221e+01    (-247.0,-265.0,268.0,265.0)
818       -6.9049e+01    (-247.0,-265.0,267.0,265.0)
819       -6.8893e+01    (-247.0,-265.0,267.0,264.0)
820       -6.8754e+01    (-248.0,-265.0,267.0,264.0)
821       -6.8430e+01    (-248.0,-266.0,267.0,264.0)
822       -6.8335e+01    (-248.0,-266.0,266.0,264.0)
823       -6.8285e+01    (-248.0,-266.0,266.0,263.0)
824       -6.8384e+01    (-248.0,-266.0,267.0,263.0)
825       -6.8486e+01    (-248.0,-267.0,267.0,263.0)
826       -6.8388e+01    (-248.0,-267.0,266.0,263.0)
827       -6.8435e+01    (-248.0,-267.0,266.0,264.0)
828       -6.8529e+01    (-248.0,-267.0,267.0,264.0)
829       -6.8797e+01    (-248.0,-267.0,267.0,265.0)
830       -6.8693e+01    (-248.0,-266.0,267.0,265.0)
831       -6.8592e+01    (-248.0,-266.0,266.0,265.0)
832       -6.8697e+01    (-248.0,-267.0,266.0,265.0)
833       -6.8840e+01    (-248.0,-267.0,265.0,265.0)
834       -6.8626e+01    (-248.0,-267.0,265.0,264.0)
835       -6.8513e+01    (-248.0,-266.0,265.0,264.0)
836       -6.8433e+01    (-248.0,-266.0,265.0,263.0)
837       -6.8471e+01    (-248.0,-266.0,265.0,262.0)
838       -6.8422e+01    (-248.0,-266.0,266.0,262.0)
839       -6.8533e+01    (-248.0,-266.0,267.0,262.0)
840       -6.8646e+01    (-248.0,-267.0,267.0,262.0)
841       -6.8536e+01    (-248.0,-267.0,266.0,262.0)
842       -6.8592e+01    (-248.0,-267.0,265.0,262.0)
843       -6.8548e+01    (-248.0,-267.0,265.0,263.0)
844       -6.8732e+01    (-247.0,-267.0,265.0,263.0)
845       -6.8606e+01    (-247.0,-266.0,265.0,263.0)
846       -6.8540e+01    (-247.0,-266.0,265.0,262.0)
847       -6.8469e+01    (-247.0,-265.0,265.0,262.0)
848       -6.8383e+01    (-247.0,-265.0,265.0,261.0)
849       -6.8262e+01    (-247.0,-265.0,264.0,261.0)
850       -6.8131e+01    (-247.0,-264.0,264.0,261.0)
851       -6.7993e+01    (-247.0,-264.0,263.0,261.0)
852       -6.7848e+01    (-247.0,-263.0,263.0,261.0)
853       -6.7702e+01    (-247.0,-263.0,262.0,261.0)
854       -6.7563e+01    (-247.0,-262.0,262.0,261.0)
855       -6.7428e+01    (-247.0,-262.0,261.0,261.0)
856       -6.7308e+01    (-247.0,-262.0,260.0,261.0)
857       -6.7188e+01    (-247.0,-261.0,260.0,261.0)
858       -6.7073e+01    (-247.0,-261.0,259.0,261.0)
859       -6.6952e+01    (-247.0,-260.0,259.0,261.0)
860       -6.6824e+01    (-247.0,-260.0,258.0,261.0)
861       -6.6686e+01    (-247.0,-259.0,258.0,261.0)
862       -6.6544e+01    (-247.0,-259.0,257.0,261.0)
863       -6.6402e+01    (-247.0,-258.0,257.0,261.0)
864       -6.6263e+01    (-247.0,-258.0,256.0,261.0)
865       -6.6138e+01    (-247.0,-257.0,256.0,261.0)
866       -6.6014e+01    (-247.0,-257.0,255.0,261.0)
867       -6.5902e+01    (-247.0,-257.0,254.0,261.0)
868       -6.5786e+01    (-247.0,-256.0,254.0,261.0)
869       -6.5669e+01    (-247.0,-256.0,253.0,261.0)
870       -6.5538e+01    (-247.0,-256.0,253.0,260.0)
871       -6.5384e+01    (-247.0,-256.0,252.0,260.0)
872       -6.5223e+01    (-247.0,-256.0,252.0,259.0)
873       -6.5059e+01    (-247.0,-256.0,251.0,259.0)
874       -6.4902e+01    (-247.0,-256.0,251.0,258.0)
875       -6.4768e+01    (-247.0,-256.0,250.0,258.0)
876       -6.4643e+01    (-247.0,-256.0,250.0,257.0)
877       -6.4551e+01    (-247.0,-256.0,250.0,256.0)
878       -6.4451e+01    (-247.0,-256.0,249.0,256.0)
879       -6.4366e+01    (-247.0,-256.0,249.0,255.0)
880       -6.4260e+01    (-247.0,-256.0,248.0,255.0)
881       -6.4148e+01    (-247.0,-255.0,248.0,255.0)
882       -6.4006e+01    (-246.0,-255.0,248.0,255.0)
883       -6.3859e+01    (-246.0,-254.0,248.0,255.0)
884       -6.3714e+01    (-245.0,-254.0,248.0,255.0)
885       -6.3579e+01    (-245.0,-253.0,248.0,255.0)
886       -6.3475e+01    (-245.0,-252.0,248.0,255.0)
887       -6.3372e+01    (-244.0,-252.0,248.0,255.0)
888       -6.3267e+01    (-244.0,-251.0,248.0,255.0)
889       -6.3139e+01    (-244.0,-251.0,248.0,254.0)
890       -6.2996e+01    (-244.0,-250.0,248.0,254.0)
891       -6.2834e+01    (-244.0,-250.0,248.0,253.0)
892       -6.2683e+01    (-244.0,-249.0,248.0,253.0)
893       -6.2524e+01    (-244.0,-249.0,248.0,252.0)
894       -6.2394e+01    (-244.0,-249.0,248.0,251.0)
895       -6.2276e+01    (-244.0,-249.0,249.0,251.0)
896       -6.2045e+01    (-245.0,-249.0,249.0,251.0)
897       -6.1921e+01    (-245.0,-249.0,250.0,251.0)
898       -6.1939e+01    (-245.0,-248.0,250.0,251.0)
899       -6.1978e+01    (-245.0,-248.0,250.0,250.0)
900       -6.1989e+01    (-245.0,-249.0,250.0,250.0)
901       -6.2063e+01    (-245.0,-249.0,249.0,250.0)
902       -6.2023e+01    (-245.0,-248.0,249.0,250.0)
903       -6.2026e+01    (-245.0,-248.0,249.0,251.0)
904       -6.2178e+01    (-245.0,-248.0,249.0,252.0)
905       -6.2100e+01    (-245.0,-248.0,250.0,252.0)
906       -6.2088e+01    (-245.0,-249.0,250.0,252.0)
907       -6.2202e+01    (-245.0,-249.0,249.0,252.0)
908       -6.2418e+01    (-244.0,-249.0,249.0,252.0)
909       -6.2344e+01    (-244.0,-248.0,249.0,252.0)
910       -6.2205e+01    (-244.0,-248.0,249.0,251.0)
911       -6.2142e+01    (-244.0,-248.0,249.0,250.0)
912       -6.2138e+01    (-244.0,-248.0,249.0,249.0)
913       -6.2094e+01    (-244.0,-247.0,249.0,249.0)
914       -6.1999e+01    (-244.0,-247.0,248.0,249.0)
915       -6.1892e+01    (-244.0,-247.0,248.0,248.0)
916       -6.1760e+01    (-244.0,-247.0,247.0,248.0)
917       -6.1614e+01    (-244.0,-247.0,247.0,247.0)
918       -6.1452e+01    (-244.0,-247.0,246.0,247.0)
919       -6.1291e+01    (-244.0,-247.0,246.0,246.0)
920       -6.1141e+01    (-244.0,-247.0,245.0,246.0)
921       -6.1002e+01    (-244.0,-247.0,245.0,245.0)
922       -6.0850e+01    (-244.0,-248.0,245.0,245.0)
923       -6.0555e+01    (-245.0,-248.0,245.0,245.0)
924       -6.0532e+01    (-245.0,-248.0,244.0,245.0)
925       -6.0508e+01    (-245.0,-248.0,244.0,244.0)
926       -6.0521e+01    (-245.0,-249.0,244.0,244.0)
927       -6.0528e+01    (-245.0,-249.0,244.0,245.0)
928       -6.0533e+01    (-245.0,-249.0,245.0,245.0)
929       -6.0542e+01    (-245.0,-249.0,245.0,244.0)
930       -6.0544e+01    (-245.0,-248.0,245.0,244.0)
931       -6.0712e+01    (-245.0,-248.0,245.0,243.0)
932       -6.0642e+01    (-245.0,-248.0,244.0,243.0)
933       -6.0698e+01    (-245.0,-248.0,243.0,243.0)
934       -6.0679e+01    (-244.0,-248.0,243.0,243.0)
935       -6.0624e+01    (-244.0,-247.0,243.0,243.0)
936       -6.0536e+01    (-244.0,-247.0,243.0,242.0)
937       -6.0419e+01    (-244.0,-247.0,242.0,242.0)
938       -6.0292e+01    (-244.0,-247.0,242.0,241.0)
939       -6.0137e+01    (-244.0,-247.0,241.0,241.0)
940       -5.9983e+01    (-244.0,-247.0,241.0,240.0)
941       -5.9823e+01    (-244.0,-247.0,240.0,240.0)
942       -5.9678e+01    (-244.0,-247.0,240.0,239.0)
943       -5.9542e+01    (-244.0,-248.0,240.0,239.0)
944       -5.9272e+01    (-245.0,-248.0,240.0,239.0)
945       -5.9131e+01    (-245.0,-248.0,239.0,239.0)
946       -5.9064e+01    (-245.0,-248.0,239.0,238.0)
947       -5.9056e+01    (-245.0,-249.0,239.0,238.0)
948       -5.9114e+01    (-245.0,-249.0,239.0,239.0)
949       -5.9259e+01    (-245.0,-249.0,240.0,239.0)
950       -5.9200e+01    (-245.0,-249.0,240.0,238.0)
951       -5.9204e+01    (-245.0,-248.0,240.0,238.0)
952       -5.9318e+01    (-245.0,-248.0,240.0,237.0)
953       -5.9184e+01    (-245.0,-248.0,239.0,237.0)
954       -5.9218e+01    (-245.0,-249.0,239.0,237.0)
955       -5.9280e+01    (-245.0,-249.0,238.0,237.0)
956       -5.9202e+01    (-245.0,-249.0,238.0,238.0)
957       -5.9171e+01    (-245.0,-248.0,238.0,238.0)
958       -5.9220e+01    (-245.0,-248.0,238.0,237.0)
959       -5.9279e+01    (-244.0,-248.0,238.0,237.0)
960       -5.9276e+01    (-244.0,-247.0,238.0,237.0)
961       -5.9202e+01    (-244.0,-247.0,238.0,236.0)
962       -5.9098e+01    (-244.0,-247.0,237.0,236.0)
963       -5.8985e+01    (-243.0,-247.0,237.0,236.0)
964       -5.8852e+01    (-243.0,-246.0,237.0,236.0)
965       -5.8721e+01    (-243.0,-245.0,237.0,236.0)
966       -5.8584e+01    (-242.0,-245.0,237.0,236.0)
967       -5.8460e+01    (-242.0,-244.0,237.0,236.0)
968       -5.8351e+01    (-241.0,-244.0,237.0,236.0)
969       -5.8237e+01    (-241.0,-243.0,237.0,236.0)
970       -5.8129e+01    (-241.0,-242.0,237.0,236.0)
971       -5.8005e+01    (-241.0,-242.0,236.0,236.0)
972       -5.7855e+01    (-241.0,-241.0,236.0,236.0)
973       -5.7701e+01    (-241.0,-241.0,235.0,236.0)
974       -5.7553e+01    (-241.0,-240.0,235.0,236.0)
975       -5.7416e+01    (-241.0,-240.0,234.0,236.0)
976       -5.7258e+01    (-241.0,-240.0,234.0,237.0)
977       -5.7140e+01    (-242.0,-240.0,234.0,237.0)
978       -5.6969e+01    (-242.0,-240.0,234.0,238.0)
979       -5.6996e+01    (-242.0,-240.0,233.0,238.0)
980       -5.7032e+01    (-242.0,-239.0,233.0,238.0)
981       -5.7034e+01    (-242.0,-239.0,234.0,238.0)
982       -5.7102e+01    (-242.0,-239.0,234.0,239.0)
983       -5.7024e+01    (-242.0,-240.0,234.0,239.0)
984       -5.7061e+01    (-242.0,-240.0,233.0,239.0)
985       -5.7108e+01    (-242.0,-239.0,233.0,239.0)
986       -5.7239e+01    (-241.0,-239.0,233.0,239.0)
987       -5.7147e+01    (-241.0,-239.0,233.0,238.0)
988       -5.7149e+01    (-241.0,-239.0,233.0,237.0)
989       -5.7109e+01    (-242.0,-239.0,233.0,237.0)
990       -5.7121e+01    (-242.0,-240.0,233.0,237.0)
991       -5.7202e+01    (-241.0,-240.0,233.0,237.0)
992       -5.7169e+01    (-241.0,-240.0,233.0,238.0)
993       -5.7196e+01    (-241.0,-240.0,234.0,238.0)
994       -5.7192e+01    (-241.0,-239.0,234.0,238.0)
995       -5.7217e+01    (-241.0,-239.0,234.0,237.0)
996       -5.7147e+01    (-242.0,-239.0,234.0,237.0)
997       -5.7349e+01    (-242.0,-239.0,235.0,237.0)
998       -5.7276e+01    (-242.0,-239.0,235.0,238.0)
999       -5.7241e+01    (-242.0,-240.0,235.0,238.0)
