# run = 25
occ          S   
0         (19.0,-480.0,-120.0,-56.0)
0         (20.0,-480.0,-120.0,-56.0)
0         (21.0,-480.0,-120.0,-56.0)
0         (22.0,-480.0,-120.0,-56.0)
0         (22.0,-479.0,-120.0,-56.0)
0         (22.0,-479.0,-119.0,-56.0)
0         (22.0,-479.0,-119.0,-57.0)
0         (22.0,-479.0,-120.0,-57.0)
0         (22.0,-480.0,-120.0,-57.0)
0         (22.0,-480.0,-119.0,-57.0)
0         (22.0,-480.0,-119.0,-56.0)
0         (22.0,-480.0,-119.0,-55.0)
0         (22.0,-479.0,-119.0,-55.0)
0         (22.0,-479.0,-120.0,-55.0)
0         (22.0,-480.0,-120.0,-55.0)
0         (22.0,-480.0,-121.0,-55.0)
0         (22.0,-479.0,-121.0,-55.0)
0         (22.0,-479.0,-121.0,-56.0)
0         (22.0,-479.0,-121.0,-57.0)
0         (22.0,-480.0,-121.0,-57.0)
0         (22.0,-480.0,-121.0,-56.0)
0         (21.0,-480.0,-121.0,-56.0)
0         (21.0,-479.0,-121.0,-56.0)
0         (21.0,-479.0,-120.0,-56.0)
0         (21.0,-479.0,-119.0,-56.0)
0         (21.0,-479.0,-119.0,-57.0)
0         (21.0,-479.0,-120.0,-57.0)
0         (21.0,-478.0,-120.0,-57.0)
0         (22.0,-478.0,-120.0,-57.0)
0         (22.0,-478.0,-119.0,-57.0)
0         (22.0,-478.0,-119.0,-56.0)
0         (22.0,-478.0,-119.0,-55.0)
0         (22.0,-478.0,-118.0,-55.0)
0         (22.0,-478.0,-118.0,-56.0)
0         (22.0,-479.0,-118.0,-56.0)
0         (22.0,-479.0,-118.0,-57.0)
0         (22.0,-478.0,-118.0,-57.0)
0         (21.0,-478.0,-118.0,-57.0)
0         (21.0,-477.0,-118.0,-57.0)
0         (20.0,-477.0,-118.0,-57.0)
0         (20.0,-476.0,-118.0,-57.0)
0         (19.0,-476.0,-118.0,-57.0)
0         (19.0,-475.0,-118.0,-57.0)
0         (19.0,-475.0,-119.0,-57.0)
0         (19.0,-475.0,-119.0,-56.0)
0         (19.0,-475.0,-120.0,-56.0)
0         (19.0,-475.0,-120.0,-57.0)
0         (19.0,-474.0,-120.0,-57.0)
0         (19.0,-474.0,-119.0,-57.0)
0         (19.0,-474.0,-119.0,-56.0)
0         (19.0,-474.0,-120.0,-56.0)
0         (19.0,-474.0,-120.0,-55.0)
0         (19.0,-475.0,-120.0,-55.0)
0         (19.0,-475.0,-119.0,-55.0)
0         (19.0,-474.0,-119.0,-55.0)
0         (19.0,-474.0,-118.0,-55.0)
0         (19.0,-474.0,-118.0,-56.0)
0         (19.0,-475.0,-118.0,-56.0)
0         (19.0,-475.0,-118.0,-55.0)
0         (18.0,-475.0,-118.0,-55.0)
0         (18.0,-474.0,-118.0,-55.0)
0         (18.0,-473.0,-118.0,-55.0)
0         (18.0,-473.0,-117.0,-55.0)
0         (18.0,-472.0,-117.0,-55.0)
0         (18.0,-472.0,-116.0,-55.0)
0         (18.0,-471.0,-116.0,-55.0)
0         (18.0,-471.0,-115.0,-55.0)
0         (19.0,-471.0,-115.0,-55.0)
0         (19.0,-471.0,-115.0,-56.0)
0         (19.0,-471.0,-114.0,-56.0)
0         (19.0,-470.0,-114.0,-56.0)
0         (19.0,-470.0,-114.0,-57.0)
0         (19.0,-471.0,-114.0,-57.0)
0         (19.0,-471.0,-115.0,-57.0)
0         (19.0,-470.0,-115.0,-57.0)
0         (19.0,-470.0,-115.0,-56.0)
0         (19.0,-470.0,-115.0,-55.0)
0         (19.0,-470.0,-114.0,-55.0)
0         (19.0,-470.0,-113.0,-55.0)
0         (19.0,-470.0,-113.0,-56.0)
0         (19.0,-470.0,-113.0,-57.0)
0         (19.0,-471.0,-113.0,-57.0)
0         (19.0,-471.0,-113.0,-56.0)
0         (19.0,-471.0,-113.0,-55.0)
0         (19.0,-471.0,-114.0,-55.0)
0         (18.0,-471.0,-114.0,-55.0)
0         (18.0,-470.0,-114.0,-55.0)
0         (18.0,-470.0,-114.0,-56.0)
0         (18.0,-470.0,-114.0,-57.0)
0         (18.0,-470.0,-113.0,-57.0)
0         (18.0,-470.0,-113.0,-56.0)
0         (18.0,-469.0,-113.0,-56.0)
0         (19.0,-469.0,-113.0,-56.0)
0         (19.0,-469.0,-113.0,-55.0)
0         (19.0,-469.0,-112.0,-55.0)
0         (19.0,-468.0,-112.0,-55.0)
0         (19.0,-468.0,-111.0,-55.0)
0         (19.0,-467.0,-111.0,-55.0)
0         (19.0,-467.0,-110.0,-55.0)
0         (19.0,-466.0,-110.0,-55.0)
0         (19.0,-466.0,-109.0,-55.0)
0         (19.0,-466.0,-109.0,-56.0)
0         (19.0,-466.0,-109.0,-57.0)
0         (19.0,-466.0,-108.0,-57.0)
0         (19.0,-466.0,-108.0,-56.0)
0         (19.0,-465.0,-108.0,-56.0)
0         (19.0,-465.0,-109.0,-56.0)
0         (19.0,-465.0,-109.0,-57.0)
0         (19.0,-465.0,-108.0,-57.0)
0         (19.0,-465.0,-108.0,-58.0)
0         (19.0,-466.0,-108.0,-58.0)
0         (19.0,-466.0,-109.0,-58.0)
0         (19.0,-465.0,-109.0,-58.0)
0         (18.0,-465.0,-109.0,-58.0)
0         (18.0,-465.0,-109.0,-57.0)
0         (18.0,-466.0,-109.0,-57.0)
0         (18.0,-466.0,-109.0,-56.0)
0         (18.0,-466.0,-108.0,-56.0)
0         (18.0,-466.0,-108.0,-57.0)
0         (18.0,-465.0,-108.0,-57.0)
0         (18.0,-465.0,-108.0,-56.0)
0         (18.0,-465.0,-109.0,-56.0)
0         (18.0,-465.0,-109.0,-55.0)
0         (19.0,-465.0,-109.0,-55.0)
0         (19.0,-465.0,-108.0,-55.0)
0         (19.0,-466.0,-108.0,-55.0)
0         (18.0,-466.0,-108.0,-55.0)
0         (18.0,-465.0,-108.0,-55.0)
0         (18.0,-465.0,-107.0,-55.0)
0         (18.0,-464.0,-107.0,-55.0)
0         (18.0,-464.0,-106.0,-55.0)
0         (18.0,-463.0,-106.0,-55.0)
0         (18.0,-463.0,-105.0,-55.0)
0         (18.0,-462.0,-105.0,-55.0)
0         (18.0,-462.0,-104.0,-55.0)
0         (19.0,-462.0,-104.0,-55.0)
0         (19.0,-462.0,-104.0,-56.0)
0         (19.0,-462.0,-103.0,-56.0)
0         (19.0,-462.0,-103.0,-57.0)
0         (19.0,-461.0,-103.0,-57.0)
0         (19.0,-461.0,-103.0,-56.0)
0         (19.0,-461.0,-104.0,-56.0)
0         (19.0,-461.0,-104.0,-57.0)
0         (19.0,-462.0,-104.0,-57.0)
0         (19.0,-462.0,-104.0,-58.0)
0         (19.0,-462.0,-103.0,-58.0)
0         (19.0,-461.0,-103.0,-58.0)
0         (19.0,-461.0,-104.0,-58.0)
0         (18.0,-461.0,-104.0,-58.0)
0         (18.0,-461.0,-104.0,-57.0)
0         (18.0,-461.0,-103.0,-57.0)
0         (18.0,-461.0,-103.0,-56.0)
0         (18.0,-462.0,-103.0,-56.0)
0         (18.0,-462.0,-103.0,-57.0)
0         (18.0,-462.0,-104.0,-57.0)
0         (18.0,-462.0,-104.0,-56.0)
0         (18.0,-461.0,-104.0,-56.0)
0         (18.0,-461.0,-104.0,-55.0)
0         (19.0,-461.0,-104.0,-55.0)
0         (19.0,-461.0,-103.0,-55.0)
0         (19.0,-462.0,-103.0,-55.0)
0         (19.0,-462.0,-102.0,-55.0)
0         (19.0,-462.0,-102.0,-56.0)
0         (19.0,-461.0,-102.0,-56.0)
0         (19.0,-461.0,-102.0,-57.0)
0         (19.0,-462.0,-102.0,-57.0)
0         (19.0,-462.0,-102.0,-58.0)
0         (19.0,-461.0,-102.0,-58.0)
0         (19.0,-460.0,-102.0,-58.0)
0         (19.0,-460.0,-102.0,-57.0)
0         (19.0,-460.0,-102.0,-56.0)
0         (19.0,-460.0,-102.0,-55.0)
0         (19.0,-461.0,-102.0,-55.0)
0         (18.0,-461.0,-102.0,-55.0)
0         (18.0,-461.0,-102.0,-56.0)
0         (18.0,-461.0,-102.0,-57.0)
0         (18.0,-460.0,-102.0,-57.0)
0         (18.0,-460.0,-102.0,-56.0)
0         (18.0,-460.0,-102.0,-55.0)
0         (18.0,-460.0,-101.0,-55.0)
0         (18.0,-459.0,-101.0,-55.0)
0         (18.0,-459.0,-100.0,-55.0)
0         (18.0,-458.0,-100.0,-55.0)
0         (18.0,-458.0,-99.0,-55.0)
0         (18.0,-457.0,-99.0,-55.0)
0         (19.0,-457.0,-99.0,-55.0)
0         (19.0,-457.0,-98.0,-55.0)
0         (19.0,-457.0,-98.0,-56.0)
0         (19.0,-457.0,-98.0,-57.0)
0         (19.0,-457.0,-97.0,-57.0)
0         (19.0,-457.0,-97.0,-56.0)
0         (19.0,-457.0,-97.0,-55.0)
0         (19.0,-456.0,-97.0,-55.0)
0         (19.0,-456.0,-97.0,-56.0)
0         (19.0,-456.0,-98.0,-56.0)
0         (19.0,-456.0,-98.0,-57.0)
0         (19.0,-456.0,-97.0,-57.0)
0         (18.0,-456.0,-97.0,-57.0)
0         (18.0,-457.0,-97.0,-57.0)
0         (18.0,-457.0,-98.0,-57.0)
0         (18.0,-457.0,-98.0,-56.0)
0         (18.0,-457.0,-97.0,-56.0)
0         (18.0,-456.0,-97.0,-56.0)
0         (18.0,-456.0,-98.0,-56.0)
0         (18.0,-456.0,-98.0,-57.0)
0         (18.0,-456.0,-98.0,-58.0)
0         (19.0,-456.0,-98.0,-58.0)
0         (19.0,-457.0,-98.0,-58.0)
0         (19.0,-457.0,-97.0,-58.0)
0         (19.0,-456.0,-97.0,-58.0)
0         (18.0,-456.0,-97.0,-58.0)
0         (18.0,-457.0,-97.0,-58.0)
0         (18.0,-457.0,-98.0,-58.0)
0         (18.0,-457.0,-99.0,-58.0)
0         (19.0,-457.0,-99.0,-58.0)
0         (19.0,-457.0,-99.0,-57.0)
0         (19.0,-457.0,-99.0,-56.0)
0         (19.0,-456.0,-99.0,-56.0)
0         (19.0,-456.0,-99.0,-57.0)
0         (18.0,-456.0,-99.0,-57.0)
0         (18.0,-457.0,-99.0,-57.0)
0         (18.0,-457.0,-99.0,-56.0)
0         (18.0,-456.0,-99.0,-56.0)
0         (18.0,-456.0,-99.0,-55.0)
0         (18.0,-456.0,-98.0,-55.0)
0         (19.0,-456.0,-98.0,-55.0)
0         (19.0,-456.0,-99.0,-55.0)
0         (19.0,-456.0,-99.0,-54.0)
0         (19.0,-456.0,-98.0,-54.0)
0         (19.0,-456.0,-97.0,-54.0)
0         (19.0,-455.0,-97.0,-54.0)
0         (19.0,-455.0,-97.0,-53.0)
0         (19.0,-454.0,-97.0,-53.0)
0         (19.0,-454.0,-97.0,-52.0)
0         (19.0,-453.0,-97.0,-52.0)
0         (19.0,-453.0,-97.0,-51.0)
0         (19.0,-453.0,-98.0,-51.0)
0         (19.0,-453.0,-98.0,-50.0)
0         (19.0,-452.0,-98.0,-50.0)
0         (19.0,-452.0,-97.0,-50.0)
0         (19.0,-453.0,-97.0,-50.0)
0         (19.0,-453.0,-97.0,-49.0)
0         (19.0,-453.0,-98.0,-49.0)
0         (19.0,-452.0,-98.0,-49.0)
0         (19.0,-452.0,-97.0,-49.0)
0         (18.0,-452.0,-97.0,-49.0)
0         (18.0,-452.0,-97.0,-50.0)
0         (18.0,-452.0,-98.0,-50.0)
0         (18.0,-453.0,-98.0,-50.0)
0         (18.0,-453.0,-97.0,-50.0)
0         (18.0,-453.0,-97.0,-51.0)
0         (18.0,-452.0,-97.0,-51.0)
0         (19.0,-452.0,-97.0,-51.0)
0         (19.0,-452.0,-98.0,-51.0)
0         (19.0,-452.0,-99.0,-51.0)
0         (19.0,-452.0,-99.0,-50.0)
0         (19.0,-453.0,-99.0,-50.0)
0         (19.0,-453.0,-99.0,-51.0)
0         (18.0,-453.0,-99.0,-51.0)
0         (18.0,-453.0,-98.0,-51.0)
0         (18.0,-452.0,-98.0,-51.0)
0         (18.0,-452.0,-99.0,-51.0)
0         (18.0,-452.0,-99.0,-50.0)
0         (18.0,-452.0,-99.0,-49.0)
0         (19.0,-452.0,-99.0,-49.0)
0         (19.0,-453.0,-99.0,-49.0)
0         (18.0,-453.0,-99.0,-49.0)
0         (18.0,-453.0,-98.0,-49.0)
0         (18.0,-452.0,-98.0,-49.0)
0         (18.0,-451.0,-98.0,-49.0)
0         (18.0,-451.0,-97.0,-49.0)
0         (18.0,-451.0,-96.0,-49.0)
0         (18.0,-450.0,-96.0,-49.0)
0         (18.0,-450.0,-95.0,-49.0)
0         (18.0,-449.0,-95.0,-49.0)
0         (18.0,-449.0,-94.0,-49.0)
0         (18.0,-449.0,-93.0,-49.0)
0         (19.0,-449.0,-93.0,-49.0)
0         (19.0,-449.0,-93.0,-50.0)
0         (19.0,-448.0,-93.0,-50.0)
0         (19.0,-448.0,-92.0,-50.0)
0         (19.0,-448.0,-92.0,-51.0)
0         (19.0,-448.0,-93.0,-51.0)
0         (19.0,-449.0,-93.0,-51.0)
0         (19.0,-449.0,-92.0,-51.0)
0         (19.0,-449.0,-92.0,-50.0)
0         (19.0,-449.0,-92.0,-49.0)
0         (19.0,-448.0,-92.0,-49.0)
0         (19.0,-448.0,-93.0,-49.0)
0         (19.0,-447.0,-93.0,-49.0)
0         (19.0,-447.0,-92.0,-49.0)
0         (19.0,-447.0,-92.0,-50.0)
0         (19.0,-447.0,-92.0,-51.0)
0         (19.0,-447.0,-93.0,-51.0)
0         (19.0,-447.0,-93.0,-50.0)
0         (18.0,-447.0,-93.0,-50.0)
0         (18.0,-448.0,-93.0,-50.0)
0         (18.0,-448.0,-92.0,-50.0)
0         (18.0,-448.0,-92.0,-51.0)
0         (18.0,-448.0,-93.0,-51.0)
0         (18.0,-447.0,-93.0,-51.0)
0         (18.0,-447.0,-92.0,-51.0)
0         (18.0,-447.0,-92.0,-50.0)
0         (18.0,-447.0,-92.0,-49.0)
0         (18.0,-448.0,-92.0,-49.0)
0         (18.0,-448.0,-93.0,-49.0)
0         (18.0,-447.0,-93.0,-49.0)
0         (18.0,-447.0,-93.0,-48.0)
0         (18.0,-447.0,-92.0,-48.0)
0         (18.0,-446.0,-92.0,-48.0)
0         (17.0,-446.0,-92.0,-48.0)
0         (17.0,-445.0,-92.0,-48.0)
0         (16.0,-445.0,-92.0,-48.0)
0         (16.0,-445.0,-92.0,-49.0)
0         (16.0,-444.0,-92.0,-49.0)
0         (16.0,-444.0,-92.0,-50.0)
0         (16.0,-444.0,-93.0,-50.0)
0         (16.0,-444.0,-93.0,-51.0)
0         (16.0,-444.0,-92.0,-51.0)
0         (16.0,-443.0,-92.0,-51.0)
0         (16.0,-443.0,-92.0,-50.0)
0         (16.0,-443.0,-93.0,-50.0)
0         (16.0,-443.0,-93.0,-51.0)
0         (15.0,-443.0,-93.0,-51.0)
0         (15.0,-443.0,-93.0,-50.0)
0         (15.0,-443.0,-92.0,-50.0)
0         (15.0,-444.0,-92.0,-50.0)
0         (15.0,-444.0,-93.0,-50.0)
0         (15.0,-444.0,-93.0,-51.0)
0         (15.0,-444.0,-92.0,-51.0)
0         (15.0,-443.0,-92.0,-51.0)
0         (15.0,-443.0,-91.0,-51.0)
0         (16.0,-443.0,-91.0,-51.0)
0         (16.0,-443.0,-91.0,-50.0)
0         (16.0,-444.0,-91.0,-50.0)
0         (16.0,-444.0,-91.0,-51.0)
0         (15.0,-444.0,-91.0,-51.0)
0         (15.0,-444.0,-91.0,-50.0)
0         (15.0,-443.0,-91.0,-50.0)
0         (15.0,-443.0,-91.0,-49.0)
0         (15.0,-443.0,-92.0,-49.0)
0         (16.0,-443.0,-92.0,-49.0)
0         (16.0,-443.0,-93.0,-49.0)
0         (16.0,-444.0,-93.0,-49.0)
0         (15.0,-444.0,-93.0,-49.0)
0         (15.0,-444.0,-92.0,-49.0)
0         (15.0,-444.0,-91.0,-49.0)
0         (16.0,-444.0,-91.0,-49.0)
0         (16.0,-443.0,-91.0,-49.0)
0         (16.0,-442.0,-91.0,-49.0)
0         (16.0,-442.0,-90.0,-49.0)
0         (16.0,-441.0,-90.0,-49.0)
0         (16.0,-441.0,-89.0,-49.0)
0         (16.0,-440.0,-89.0,-49.0)
0         (16.0,-440.0,-88.0,-49.0)
0         (16.0,-440.0,-87.0,-49.0)
0         (16.0,-440.0,-87.0,-50.0)
0         (16.0,-439.0,-87.0,-50.0)
0         (16.0,-439.0,-87.0,-51.0)
0         (16.0,-440.0,-87.0,-51.0)
0         (16.0,-440.0,-86.0,-51.0)
0         (16.0,-439.0,-86.0,-51.0)
0         (16.0,-439.0,-86.0,-50.0)
0         (16.0,-440.0,-86.0,-50.0)
0         (16.0,-440.0,-86.0,-49.0)
0         (16.0,-439.0,-86.0,-49.0)
0         (16.0,-439.0,-87.0,-49.0)
0         (15.0,-439.0,-87.0,-49.0)
0         (15.0,-439.0,-87.0,-50.0)
0         (15.0,-439.0,-87.0,-51.0)
0         (15.0,-439.0,-86.0,-51.0)
0         (15.0,-439.0,-86.0,-50.0)
0         (15.0,-439.0,-86.0,-49.0)
0         (15.0,-438.0,-86.0,-49.0)
0         (16.0,-438.0,-86.0,-49.0)
0         (16.0,-438.0,-86.0,-50.0)
0         (16.0,-438.0,-87.0,-50.0)
0         (16.0,-438.0,-87.0,-49.0)
0         (15.0,-438.0,-87.0,-49.0)
0         (15.0,-438.0,-87.0,-50.0)
0         (15.0,-438.0,-86.0,-50.0)
0         (15.0,-438.0,-86.0,-51.0)
0         (16.0,-438.0,-86.0,-51.0)
0         (16.0,-438.0,-87.0,-51.0)
0         (15.0,-438.0,-87.0,-51.0)
0         (15.0,-438.0,-88.0,-51.0)
0         (15.0,-439.0,-88.0,-51.0)
0         (16.0,-439.0,-88.0,-51.0)
0         (16.0,-439.0,-88.0,-50.0)
0         (16.0,-440.0,-88.0,-50.0)
0         (16.0,-440.0,-88.0,-51.0)
0         (15.0,-440.0,-88.0,-51.0)
0         (15.0,-440.0,-87.0,-51.0)
0         (15.0,-440.0,-87.0,-50.0)
0         (15.0,-440.0,-86.0,-50.0)
0         (15.0,-440.0,-86.0,-51.0)
0         (15.0,-440.0,-86.0,-52.0)
0         (15.0,-439.0,-86.0,-52.0)
0         (16.0,-439.0,-86.0,-52.0)
0         (16.0,-439.0,-87.0,-52.0)
0         (15.0,-439.0,-87.0,-52.0)
0         (15.0,-438.0,-87.0,-52.0)
0         (16.0,-438.0,-87.0,-52.0)
0         (16.0,-438.0,-86.0,-52.0)
0         (15.0,-438.0,-86.0,-52.0)
0         (15.0,-438.0,-85.0,-52.0)
0         (15.0,-437.0,-85.0,-52.0)
0         (15.0,-437.0,-84.0,-52.0)
0         (15.0,-436.0,-84.0,-52.0)
0         (15.0,-436.0,-83.0,-52.0)
0         (15.0,-435.0,-83.0,-52.0)
0         (15.0,-435.0,-83.0,-51.0)
0         (15.0,-435.0,-82.0,-51.0)
0         (16.0,-435.0,-82.0,-51.0)
0         (16.0,-435.0,-82.0,-50.0)
0         (16.0,-435.0,-81.0,-50.0)
0         (16.0,-435.0,-81.0,-51.0)
0         (16.0,-434.0,-81.0,-51.0)
0         (16.0,-434.0,-81.0,-50.0)
0         (16.0,-434.0,-82.0,-50.0)
0         (16.0,-434.0,-82.0,-51.0)
0         (15.0,-434.0,-82.0,-51.0)
0         (15.0,-434.0,-82.0,-50.0)
0         (15.0,-435.0,-82.0,-50.0)
0         (15.0,-435.0,-81.0,-50.0)
0         (15.0,-435.0,-81.0,-51.0)
0         (15.0,-434.0,-81.0,-51.0)
0         (15.0,-434.0,-81.0,-50.0)
0         (15.0,-434.0,-81.0,-49.0)
0         (16.0,-434.0,-81.0,-49.0)
0         (16.0,-435.0,-81.0,-49.0)
0         (16.0,-435.0,-82.0,-49.0)
0         (16.0,-434.0,-82.0,-49.0)
0         (15.0,-434.0,-82.0,-49.0)
0         (15.0,-435.0,-82.0,-49.0)
0         (15.0,-435.0,-81.0,-49.0)
0         (15.0,-435.0,-80.0,-49.0)
0         (16.0,-435.0,-80.0,-49.0)
0         (16.0,-435.0,-80.0,-50.0)
0         (16.0,-434.0,-80.0,-50.0)
0         (16.0,-434.0,-80.0,-49.0)
0         (15.0,-434.0,-80.0,-49.0)
0         (15.0,-434.0,-80.0,-50.0)
0         (15.0,-435.0,-80.0,-50.0)
0         (15.0,-435.0,-80.0,-51.0)
0         (16.0,-435.0,-80.0,-51.0)
0         (16.0,-434.0,-80.0,-51.0)
0         (15.0,-434.0,-80.0,-51.0)
0         (15.0,-433.0,-80.0,-51.0)
0         (15.0,-433.0,-79.0,-51.0)
0         (15.0,-432.0,-79.0,-51.0)
0         (15.0,-432.0,-78.0,-51.0)
0         (15.0,-431.0,-78.0,-51.0)
0         (15.0,-431.0,-77.0,-51.0)
0         (16.0,-431.0,-77.0,-51.0)
0         (16.0,-431.0,-76.0,-51.0)
0         (16.0,-431.0,-76.0,-50.0)
0         (16.0,-430.0,-76.0,-50.0)
0         (16.0,-430.0,-76.0,-51.0)
0         (16.0,-430.0,-77.0,-51.0)
0         (16.0,-430.0,-77.0,-50.0)
0         (16.0,-431.0,-77.0,-50.0)
0         (16.0,-431.0,-77.0,-49.0)
0         (16.0,-431.0,-76.0,-49.0)
0         (16.0,-430.0,-76.0,-49.0)
0         (16.0,-430.0,-75.0,-49.0)
0         (16.0,-430.0,-75.0,-50.0)
0         (16.0,-431.0,-75.0,-50.0)
0         (16.0,-431.0,-75.0,-51.0)
0         (16.0,-430.0,-75.0,-51.0)
0         (15.0,-430.0,-75.0,-51.0)
0         (15.0,-430.0,-76.0,-51.0)
0         (15.0,-430.0,-76.0,-50.0)
0         (15.0,-431.0,-76.0,-50.0)
0         (15.0,-431.0,-76.0,-51.0)
0         (15.0,-431.0,-75.0,-51.0)
0         (15.0,-431.0,-75.0,-50.0)
0         (15.0,-430.0,-75.0,-50.0)
0         (15.0,-430.0,-75.0,-49.0)
0         (15.0,-430.0,-76.0,-49.0)
0         (15.0,-431.0,-76.0,-49.0)
0         (15.0,-431.0,-75.0,-49.0)
0         (16.0,-431.0,-75.0,-49.0)
0         (16.0,-431.0,-75.0,-48.0)
0         (16.0,-430.0,-75.0,-48.0)
0         (16.0,-430.0,-76.0,-48.0)
0         (16.0,-429.0,-76.0,-48.0)
0         (16.0,-429.0,-76.0,-49.0)
0         (16.0,-429.0,-76.0,-50.0)
0         (16.0,-429.0,-75.0,-50.0)
0         (16.0,-429.0,-75.0,-49.0)
0         (15.0,-429.0,-75.0,-49.0)
0         (15.0,-429.0,-75.0,-50.0)
0         (15.0,-429.0,-76.0,-50.0)
0         (15.0,-429.0,-76.0,-49.0)
0         (15.0,-429.0,-76.0,-48.0)
0         (15.0,-429.0,-75.0,-48.0)
0         (15.0,-428.0,-75.0,-48.0)
0         (15.0,-428.0,-75.0,-47.0)
0         (15.0,-427.0,-75.0,-47.0)
0         (15.0,-427.0,-75.0,-46.0)
0         (15.0,-427.0,-75.0,-45.0)
0         (15.0,-426.0,-75.0,-45.0)
0         (16.0,-426.0,-75.0,-45.0)
0         (16.0,-426.0,-76.0,-45.0)
0         (16.0,-426.0,-76.0,-44.0)
0         (16.0,-426.0,-76.0,-43.0)
0         (16.0,-426.0,-77.0,-43.0)
0         (16.0,-426.0,-77.0,-44.0)
0         (16.0,-426.0,-77.0,-45.0)
0         (16.0,-425.0,-77.0,-45.0)
0         (16.0,-425.0,-76.0,-45.0)
0         (16.0,-425.0,-76.0,-44.0)
0         (16.0,-425.0,-76.0,-43.0)
0         (16.0,-425.0,-75.0,-43.0)
0         (16.0,-426.0,-75.0,-43.0)
0         (16.0,-426.0,-75.0,-44.0)
0         (16.0,-425.0,-75.0,-44.0)
0         (15.0,-425.0,-75.0,-44.0)
0         (15.0,-426.0,-75.0,-44.0)
0         (15.0,-426.0,-76.0,-44.0)
0         (15.0,-426.0,-76.0,-43.0)
0         (15.0,-425.0,-76.0,-43.0)
0         (15.0,-425.0,-76.0,-44.0)
0         (15.0,-425.0,-76.0,-45.0)
0         (15.0,-426.0,-76.0,-45.0)
0         (15.0,-426.0,-77.0,-45.0)
0         (15.0,-426.0,-77.0,-44.0)
0         (15.0,-426.0,-77.0,-43.0)
0         (15.0,-425.0,-77.0,-43.0)
0         (16.0,-425.0,-77.0,-43.0)
0         (16.0,-425.0,-77.0,-44.0)
0         (15.0,-425.0,-77.0,-44.0)
0         (15.0,-425.0,-77.0,-45.0)
0         (15.0,-425.0,-77.0,-46.0)
0         (15.0,-425.0,-76.0,-46.0)
0         (16.0,-425.0,-76.0,-46.0)
0         (16.0,-426.0,-76.0,-46.0)
0         (16.0,-426.0,-75.0,-46.0)
0         (16.0,-425.0,-75.0,-46.0)
0         (16.0,-425.0,-75.0,-45.0)
0         (15.0,-425.0,-75.0,-45.0)
0         (15.0,-425.0,-74.0,-45.0)
0         (15.0,-424.0,-74.0,-45.0)
0         (15.0,-424.0,-73.0,-45.0)
0         (15.0,-423.0,-73.0,-45.0)
0         (15.0,-423.0,-72.0,-45.0)
0         (15.0,-422.0,-72.0,-45.0)
0         (15.0,-422.0,-71.0,-45.0)
0         (16.0,-422.0,-71.0,-45.0)
0         (16.0,-422.0,-71.0,-44.0)
0         (16.0,-422.0,-70.0,-44.0)
0         (16.0,-421.0,-70.0,-44.0)
0         (16.0,-421.0,-71.0,-44.0)
0         (16.0,-421.0,-71.0,-43.0)
0         (16.0,-422.0,-71.0,-43.0)
0         (16.0,-422.0,-70.0,-43.0)
0         (16.0,-421.0,-70.0,-43.0)
0         (15.0,-421.0,-70.0,-43.0)
0         (15.0,-421.0,-70.0,-44.0)
0         (15.0,-421.0,-71.0,-44.0)
0         (15.0,-422.0,-71.0,-44.0)
0         (15.0,-422.0,-70.0,-44.0)
0         (15.0,-422.0,-70.0,-43.0)
0         (15.0,-422.0,-71.0,-43.0)
0         (15.0,-421.0,-71.0,-43.0)
0         (15.0,-421.0,-72.0,-43.0)
0         (16.0,-421.0,-72.0,-43.0)
0         (16.0,-421.0,-72.0,-44.0)
0         (16.0,-422.0,-72.0,-44.0)
0         (16.0,-422.0,-72.0,-43.0)
0         (15.0,-422.0,-72.0,-43.0)
0         (15.0,-422.0,-72.0,-44.0)
0         (15.0,-421.0,-72.0,-44.0)
0         (15.0,-421.0,-72.0,-45.0)
0         (15.0,-421.0,-71.0,-45.0)
0         (16.0,-421.0,-71.0,-45.0)
0         (16.0,-421.0,-70.0,-45.0)
0         (16.0,-422.0,-70.0,-45.0)
0         (15.0,-422.0,-70.0,-45.0)
0         (15.0,-421.0,-70.0,-45.0)
0         (15.0,-421.0,-69.0,-45.0)
0         (15.0,-421.0,-69.0,-44.0)
0         (16.0,-421.0,-69.0,-44.0)
0         (16.0,-421.0,-69.0,-43.0)
0         (15.0,-421.0,-69.0,-43.0)
0         (15.0,-420.0,-69.0,-43.0)
0         (15.0,-420.0,-69.0,-42.0)
0         (15.0,-419.0,-69.0,-42.0)
0         (15.0,-419.0,-68.0,-42.0)
0         (15.0,-418.0,-68.0,-42.0)
0         (15.0,-418.0,-67.0,-42.0)
0         (15.0,-417.0,-67.0,-42.0)
0         (15.0,-417.0,-66.0,-42.0)
0         (15.0,-417.0,-66.0,-43.0)
0         (16.0,-417.0,-66.0,-43.0)
0         (16.0,-417.0,-65.0,-43.0)
0         (16.0,-417.0,-65.0,-44.0)
0         (16.0,-417.0,-66.0,-44.0)
0         (16.0,-417.0,-66.0,-45.0)
0         (16.0,-417.0,-65.0,-45.0)
0         (15.0,-417.0,-65.0,-45.0)
0         (15.0,-417.0,-65.0,-44.0)
0         (15.0,-417.0,-65.0,-43.0)
0         (15.0,-416.0,-65.0,-43.0)
0         (16.0,-416.0,-65.0,-43.0)
0         (16.0,-416.0,-65.0,-44.0)
0         (16.0,-416.0,-66.0,-44.0)
0         (16.0,-416.0,-66.0,-43.0)
0         (15.0,-416.0,-66.0,-43.0)
0         (15.0,-416.0,-66.0,-44.0)
0         (15.0,-417.0,-66.0,-44.0)
0         (15.0,-417.0,-66.0,-45.0)
0         (15.0,-416.0,-66.0,-45.0)
0         (16.0,-416.0,-66.0,-45.0)
0         (16.0,-416.0,-65.0,-45.0)
0         (16.0,-416.0,-64.0,-45.0)
0         (16.0,-417.0,-64.0,-45.0)
0         (16.0,-417.0,-64.0,-44.0)
0         (16.0,-417.0,-64.0,-43.0)
0         (16.0,-416.0,-64.0,-43.0)
0         (16.0,-416.0,-64.0,-44.0)
0         (15.0,-416.0,-64.0,-44.0)
0         (15.0,-417.0,-64.0,-44.0)
0         (15.0,-417.0,-64.0,-43.0)
0         (15.0,-416.0,-64.0,-43.0)
0         (15.0,-416.0,-64.0,-42.0)
0         (16.0,-416.0,-64.0,-42.0)
0         (16.0,-416.0,-65.0,-42.0)
0         (16.0,-417.0,-65.0,-42.0)
0         (16.0,-417.0,-66.0,-42.0)
0         (16.0,-416.0,-66.0,-42.0)
0         (15.0,-416.0,-66.0,-42.0)
0         (15.0,-416.0,-65.0,-42.0)
0         (15.0,-417.0,-65.0,-42.0)
0         (15.0,-417.0,-64.0,-42.0)
0         (16.0,-417.0,-64.0,-42.0)
0         (16.0,-418.0,-64.0,-42.0)
0         (16.0,-418.0,-64.0,-43.0)
0         (16.0,-418.0,-65.0,-43.0)
0         (16.0,-418.0,-65.0,-44.0)
0         (16.0,-418.0,-66.0,-44.0)
0         (16.0,-418.0,-66.0,-43.0)
0         (15.0,-418.0,-66.0,-43.0)
0         (15.0,-418.0,-65.0,-43.0)
0         (15.0,-418.0,-65.0,-44.0)
0         (15.0,-418.0,-66.0,-44.0)
0         (15.0,-418.0,-66.0,-45.0)
0         (16.0,-418.0,-66.0,-45.0)
0         (16.0,-418.0,-65.0,-45.0)
0         (15.0,-418.0,-65.0,-45.0)
0         (15.0,-418.0,-64.0,-45.0)
0         (15.0,-417.0,-64.0,-45.0)
0         (15.0,-416.0,-64.0,-45.0)
0         (15.0,-416.0,-65.0,-45.0)
0         (15.0,-416.0,-65.0,-44.0)
0         (15.0,-415.0,-65.0,-44.0)
0         (14.0,-415.0,-65.0,-44.0)
0         (14.0,-414.0,-65.0,-44.0)
0         (13.0,-414.0,-65.0,-44.0)
0         (13.0,-413.0,-65.0,-44.0)
0         (12.0,-413.0,-65.0,-44.0)
0         (12.0,-412.0,-65.0,-44.0)
0         (13.0,-412.0,-65.0,-44.0)
0         (13.0,-412.0,-65.0,-43.0)
0         (13.0,-413.0,-65.0,-43.0)
0         (12.0,-413.0,-65.0,-43.0)
0         (12.0,-412.0,-65.0,-43.0)
0         (12.0,-412.0,-66.0,-43.0)
0         (12.0,-412.0,-66.0,-44.0)
0         (12.0,-413.0,-66.0,-44.0)
0         (13.0,-413.0,-66.0,-44.0)
0         (13.0,-412.0,-66.0,-44.0)
0         (13.0,-412.0,-66.0,-43.0)
0         (13.0,-413.0,-66.0,-43.0)
0         (12.0,-413.0,-66.0,-43.0)
0         (12.0,-413.0,-66.0,-42.0)
0         (12.0,-412.0,-66.0,-42.0)
0         (12.0,-412.0,-65.0,-42.0)
0         (13.0,-412.0,-65.0,-42.0)
0         (13.0,-413.0,-65.0,-42.0)
0         (12.0,-413.0,-65.0,-42.0)
0         (12.0,-413.0,-64.0,-42.0)
0         (12.0,-413.0,-64.0,-43.0)
0         (12.0,-413.0,-64.0,-44.0)
0         (13.0,-413.0,-64.0,-44.0)
0         (13.0,-412.0,-64.0,-44.0)
0         (12.0,-412.0,-64.0,-44.0)
0         (12.0,-412.0,-64.0,-43.0)
0         (13.0,-412.0,-64.0,-43.0)
0         (13.0,-413.0,-64.0,-43.0)
0         (13.0,-413.0,-64.0,-42.0)
0         (13.0,-412.0,-64.0,-42.0)
0         (12.0,-412.0,-64.0,-42.0)
0         (12.0,-411.0,-64.0,-42.0)
0         (12.0,-411.0,-63.0,-42.0)
0         (12.0,-410.0,-63.0,-42.0)
0         (12.0,-410.0,-62.0,-42.0)
0         (12.0,-409.0,-62.0,-42.0)
0         (12.0,-409.0,-61.0,-42.0)
0         (12.0,-409.0,-61.0,-43.0)
0         (12.0,-409.0,-60.0,-43.0)
0         (12.0,-408.0,-60.0,-43.0)
0         (12.0,-408.0,-60.0,-44.0)
0         (13.0,-408.0,-60.0,-44.0)
0         (13.0,-408.0,-59.0,-44.0)
0         (12.0,-408.0,-59.0,-44.0)
0         (12.0,-408.0,-59.0,-43.0)
0         (13.0,-408.0,-59.0,-43.0)
0         (13.0,-408.0,-60.0,-43.0)
0         (13.0,-409.0,-60.0,-43.0)
0         (13.0,-409.0,-60.0,-44.0)
0         (12.0,-409.0,-60.0,-44.0)
0         (12.0,-409.0,-59.0,-44.0)
0         (13.0,-409.0,-59.0,-44.0)
0         (13.0,-409.0,-59.0,-43.0)
0         (12.0,-409.0,-59.0,-43.0)
0         (12.0,-409.0,-59.0,-42.0)
0         (12.0,-408.0,-59.0,-42.0)
0         (13.0,-408.0,-59.0,-42.0)
0         (13.0,-408.0,-60.0,-42.0)
0         (12.0,-408.0,-60.0,-42.0)
0         (12.0,-407.0,-60.0,-42.0)
0         (12.0,-407.0,-60.0,-43.0)
0         (13.0,-407.0,-60.0,-43.0)
0         (13.0,-407.0,-60.0,-44.0)
0         (13.0,-407.0,-59.0,-44.0)
0         (13.0,-407.0,-59.0,-43.0)
0         (12.0,-407.0,-59.0,-43.0)
0         (12.0,-407.0,-59.0,-44.0)
0         (12.0,-407.0,-60.0,-44.0)
0         (12.0,-407.0,-60.0,-45.0)
0         (12.0,-408.0,-60.0,-45.0)
0         (13.0,-408.0,-60.0,-45.0)
0         (13.0,-408.0,-59.0,-45.0)
0         (12.0,-408.0,-59.0,-45.0)
0         (12.0,-409.0,-59.0,-45.0)
0         (12.0,-409.0,-60.0,-45.0)
0         (13.0,-409.0,-60.0,-45.0)
0         (13.0,-409.0,-59.0,-45.0)
0         (13.0,-409.0,-58.0,-45.0)
0         (13.0,-408.0,-58.0,-45.0)
0         (13.0,-408.0,-58.0,-44.0)
0         (12.0,-408.0,-58.0,-44.0)
0         (12.0,-407.0,-58.0,-44.0)
0         (12.0,-407.0,-58.0,-43.0)
0         (13.0,-407.0,-58.0,-43.0)
0         (13.0,-408.0,-58.0,-43.0)
0         (12.0,-408.0,-58.0,-43.0)
0         (12.0,-408.0,-58.0,-42.0)
0         (12.0,-407.0,-58.0,-42.0)
0         (12.0,-406.0,-58.0,-42.0)
0         (12.0,-406.0,-57.0,-42.0)
0         (12.0,-405.0,-57.0,-42.0)
0         (12.0,-405.0,-56.0,-42.0)
0         (12.0,-404.0,-56.0,-42.0)
0         (12.0,-404.0,-55.0,-42.0)
0         (12.0,-404.0,-55.0,-43.0)
0         (12.0,-404.0,-55.0,-44.0)
0         (13.0,-404.0,-55.0,-44.0)
0         (13.0,-404.0,-54.0,-44.0)
0         (12.0,-404.0,-54.0,-44.0)
0         (12.0,-404.0,-54.0,-43.0)
0         (13.0,-404.0,-54.0,-43.0)
0         (13.0,-404.0,-55.0,-43.0)
0         (13.0,-403.0,-55.0,-43.0)
0         (13.0,-403.0,-54.0,-43.0)
0         (13.0,-403.0,-54.0,-44.0)
0         (12.0,-403.0,-54.0,-44.0)
0         (12.0,-403.0,-54.0,-43.0)
0         (12.0,-403.0,-55.0,-43.0)
0         (12.0,-403.0,-55.0,-44.0)
0         (13.0,-403.0,-55.0,-44.0)
0         (13.0,-403.0,-55.0,-45.0)
0         (13.0,-404.0,-55.0,-45.0)
0         (13.0,-404.0,-54.0,-45.0)
0         (12.0,-404.0,-54.0,-45.0)
0         (12.0,-404.0,-55.0,-45.0)
0         (12.0,-403.0,-55.0,-45.0)
0         (12.0,-403.0,-54.0,-45.0)
0         (13.0,-403.0,-54.0,-45.0)
0         (13.0,-403.0,-53.0,-45.0)
0         (13.0,-403.0,-53.0,-44.0)
0         (13.0,-404.0,-53.0,-44.0)
0         (12.0,-404.0,-53.0,-44.0)
0         (12.0,-403.0,-53.0,-44.0)
0         (12.0,-403.0,-53.0,-43.0)
0         (13.0,-403.0,-53.0,-43.0)
0         (13.0,-404.0,-53.0,-43.0)
0         (12.0,-404.0,-53.0,-43.0)
0         (12.0,-404.0,-53.0,-42.0)
0         (12.0,-404.0,-54.0,-42.0)
0         (12.0,-403.0,-54.0,-42.0)
0         (13.0,-403.0,-54.0,-42.0)
0         (13.0,-404.0,-54.0,-42.0)
0         (13.0,-404.0,-55.0,-42.0)
0         (13.0,-403.0,-55.0,-42.0)
0         (12.0,-403.0,-55.0,-42.0)
0         (12.0,-402.0,-55.0,-42.0)
0         (12.0,-402.0,-55.0,-41.0)
0         (12.0,-401.0,-55.0,-41.0)
0         (12.0,-401.0,-55.0,-40.0)
0         (12.0,-400.0,-55.0,-40.0)
0         (12.0,-400.0,-55.0,-39.0)
0         (12.0,-400.0,-55.0,-38.0)
0         (12.0,-399.0,-55.0,-38.0)
0         (12.0,-399.0,-54.0,-38.0)
0         (13.0,-399.0,-54.0,-38.0)
0         (13.0,-399.0,-54.0,-37.0)
0         (12.0,-399.0,-54.0,-37.0)
0         (12.0,-399.0,-55.0,-37.0)
0         (13.0,-399.0,-55.0,-37.0)
0         (13.0,-399.0,-55.0,-38.0)
0         (13.0,-400.0,-55.0,-38.0)
0         (13.0,-400.0,-54.0,-38.0)
0         (13.0,-400.0,-54.0,-37.0)
0         (13.0,-400.0,-55.0,-37.0)
0         (12.0,-400.0,-55.0,-37.0)
0         (12.0,-400.0,-54.0,-37.0)
0         (12.0,-400.0,-54.0,-38.0)
0         (12.0,-400.0,-54.0,-39.0)
0         (12.0,-399.0,-54.0,-39.0)
0         (13.0,-399.0,-54.0,-39.0)
0         (13.0,-399.0,-55.0,-39.0)
0         (12.0,-399.0,-55.0,-39.0)
0         (12.0,-398.0,-55.0,-39.0)
0         (12.0,-398.0,-55.0,-38.0)
0         (12.0,-398.0,-54.0,-38.0)
0         (13.0,-398.0,-54.0,-38.0)
0         (13.0,-398.0,-54.0,-37.0)
0         (12.0,-398.0,-54.0,-37.0)
0         (12.0,-398.0,-53.0,-37.0)
0         (12.0,-399.0,-53.0,-37.0)
0         (13.0,-399.0,-53.0,-37.0)
0         (13.0,-399.0,-53.0,-38.0)
0         (12.0,-399.0,-53.0,-38.0)
0         (12.0,-400.0,-53.0,-38.0)
0         (13.0,-400.0,-53.0,-38.0)
0         (13.0,-400.0,-53.0,-37.0)
0         (12.0,-400.0,-53.0,-37.0)
0         (12.0,-400.0,-53.0,-36.0)
0         (12.0,-399.0,-53.0,-36.0)
0         (12.0,-399.0,-54.0,-36.0)
0         (13.0,-399.0,-54.0,-36.0)
0         (13.0,-399.0,-55.0,-36.0)
0         (12.0,-399.0,-55.0,-36.0)
0         (12.0,-398.0,-55.0,-36.0)
0         (12.0,-398.0,-55.0,-37.0)
0         (13.0,-398.0,-55.0,-37.0)
0         (13.0,-398.0,-55.0,-38.0)
0         (13.0,-398.0,-55.0,-39.0)
0         (13.0,-398.0,-54.0,-39.0)
0         (12.0,-398.0,-54.0,-39.0)
0         (12.0,-398.0,-53.0,-39.0)
0         (12.0,-399.0,-53.0,-39.0)
0         (13.0,-399.0,-53.0,-39.0)
0         (13.0,-398.0,-53.0,-39.0)
0         (13.0,-398.0,-53.0,-38.0)
0         (13.0,-398.0,-53.0,-37.0)
0         (13.0,-398.0,-53.0,-36.0)
0         (13.0,-399.0,-53.0,-36.0)
0         (13.0,-400.0,-53.0,-36.0)
0         (13.0,-400.0,-54.0,-36.0)
0         (12.0,-400.0,-54.0,-36.0)
0         (12.0,-400.0,-55.0,-36.0)
0         (13.0,-400.0,-55.0,-36.0)
0         (13.0,-400.0,-56.0,-36.0)
0         (13.0,-399.0,-56.0,-36.0)
0         (13.0,-399.0,-56.0,-37.0)
0         (13.0,-399.0,-56.0,-38.0)
0         (12.0,-399.0,-56.0,-38.0)
0         (12.0,-399.0,-56.0,-37.0)
0         (12.0,-398.0,-56.0,-37.0)
0         (13.0,-398.0,-56.0,-37.0)
0         (13.0,-398.0,-56.0,-38.0)
0         (12.0,-398.0,-56.0,-38.0)
0         (12.0,-398.0,-56.0,-39.0)
0         (12.0,-399.0,-56.0,-39.0)
0         (13.0,-399.0,-56.0,-39.0)
0         (13.0,-398.0,-56.0,-39.0)
0         (13.0,-398.0,-56.0,-40.0)
0         (13.0,-398.0,-55.0,-40.0)
0         (13.0,-398.0,-54.0,-40.0)
0         (13.0,-399.0,-54.0,-40.0)
0         (12.0,-399.0,-54.0,-40.0)
0         (12.0,-398.0,-54.0,-40.0)
0         (12.0,-398.0,-53.0,-40.0)
0         (12.0,-397.0,-53.0,-40.0)
0         (11.0,-397.0,-53.0,-40.0)
0         (11.0,-396.0,-53.0,-40.0)
0         (10.0,-396.0,-53.0,-40.0)
0         (10.0,-396.0,-53.0,-39.0)
0         (10.0,-395.0,-53.0,-39.0)
0         (10.0,-395.0,-54.0,-39.0)
0         (10.0,-395.0,-54.0,-38.0)
0         (9.0,-395.0,-54.0,-38.0)
0         (9.0,-395.0,-54.0,-37.0)
0         (9.0,-395.0,-55.0,-37.0)
0         (9.0,-395.0,-55.0,-38.0)
0         (10.0,-395.0,-55.0,-38.0)
0         (10.0,-395.0,-55.0,-37.0)
0         (10.0,-395.0,-54.0,-37.0)
0         (10.0,-394.0,-54.0,-37.0)
0         (9.0,-394.0,-54.0,-37.0)
0         (9.0,-394.0,-54.0,-38.0)
0         (9.0,-394.0,-55.0,-38.0)
0         (9.0,-394.0,-55.0,-37.0)
0         (10.0,-394.0,-55.0,-37.0)
0         (10.0,-394.0,-55.0,-38.0)
0         (10.0,-394.0,-54.0,-38.0)
0         (10.0,-394.0,-53.0,-38.0)
0         (10.0,-395.0,-53.0,-38.0)
0         (9.0,-395.0,-53.0,-38.0)
0         (9.0,-395.0,-53.0,-37.0)
0         (9.0,-394.0,-53.0,-37.0)
0         (9.0,-394.0,-53.0,-38.0)
0         (9.0,-394.0,-53.0,-39.0)
0         (9.0,-394.0,-54.0,-39.0)
0         (9.0,-395.0,-54.0,-39.0)
0         (9.0,-395.0,-55.0,-39.0)
0         (10.0,-395.0,-55.0,-39.0)
0         (10.0,-394.0,-55.0,-39.0)
0         (10.0,-394.0,-54.0,-39.0)
0         (10.0,-394.0,-53.0,-39.0)
0         (10.0,-393.0,-53.0,-39.0)
0         (10.0,-393.0,-52.0,-39.0)
0         (10.0,-392.0,-52.0,-39.0)
0         (10.0,-392.0,-51.0,-39.0)
0         (10.0,-391.0,-51.0,-39.0)
0         (10.0,-391.0,-50.0,-39.0)
0         (10.0,-391.0,-50.0,-38.0)
0         (10.0,-391.0,-49.0,-38.0)
0         (9.0,-391.0,-49.0,-38.0)
0         (9.0,-390.0,-49.0,-38.0)
0         (9.0,-390.0,-49.0,-37.0)
0         (9.0,-391.0,-49.0,-37.0)
0         (10.0,-391.0,-49.0,-37.0)
0         (10.0,-390.0,-49.0,-37.0)
0         (10.0,-390.0,-49.0,-38.0)
0         (10.0,-390.0,-48.0,-38.0)
0         (9.0,-390.0,-48.0,-38.0)
0         (9.0,-390.0,-48.0,-37.0)
0         (9.0,-391.0,-48.0,-37.0)
0         (9.0,-391.0,-48.0,-38.0)
0         (10.0,-391.0,-48.0,-38.0)
0         (10.0,-391.0,-48.0,-37.0)
0         (10.0,-390.0,-48.0,-37.0)
0         (10.0,-390.0,-48.0,-36.0)
0         (10.0,-390.0,-49.0,-36.0)
0         (9.0,-390.0,-49.0,-36.0)
0         (9.0,-390.0,-48.0,-36.0)
0         (9.0,-391.0,-48.0,-36.0)
0         (9.0,-391.0,-49.0,-36.0)
0         (10.0,-391.0,-49.0,-36.0)
0         (10.0,-391.0,-48.0,-36.0)
0         (10.0,-391.0,-47.0,-36.0)
0         (10.0,-390.0,-47.0,-36.0)
0         (10.0,-390.0,-47.0,-37.0)
0         (9.0,-390.0,-47.0,-37.0)
0         (9.0,-390.0,-47.0,-38.0)
0         (10.0,-390.0,-47.0,-38.0)
0         (10.0,-389.0,-47.0,-38.0)
0         (10.0,-389.0,-48.0,-38.0)
0         (9.0,-389.0,-48.0,-38.0)
0         (9.0,-389.0,-48.0,-37.0)
0         (9.0,-389.0,-49.0,-37.0)
0         (9.0,-389.0,-49.0,-38.0)
0         (10.0,-389.0,-49.0,-38.0)
0         (10.0,-389.0,-49.0,-37.0)
0         (10.0,-389.0,-48.0,-37.0)
0         (10.0,-389.0,-48.0,-36.0)
0         (9.0,-389.0,-48.0,-36.0)
0         (9.0,-389.0,-49.0,-36.0)
0         (10.0,-389.0,-49.0,-36.0)
0         (10.0,-389.0,-50.0,-36.0)
0         (10.0,-390.0,-50.0,-36.0)
0         (10.0,-390.0,-50.0,-37.0)
0         (9.0,-390.0,-50.0,-37.0)
0         (9.0,-390.0,-50.0,-38.0)
0         (9.0,-391.0,-50.0,-38.0)
0         (9.0,-391.0,-50.0,-37.0)
0         (10.0,-391.0,-50.0,-37.0)
0         (10.0,-391.0,-50.0,-36.0)
0         (9.0,-391.0,-50.0,-36.0)
0         (9.0,-390.0,-50.0,-36.0)
0         (9.0,-389.0,-50.0,-36.0)
0         (9.0,-389.0,-50.0,-37.0)
0         (9.0,-389.0,-50.0,-38.0)
0         (10.0,-389.0,-50.0,-38.0)
0         (10.0,-390.0,-50.0,-38.0)
0         (10.0,-390.0,-50.0,-39.0)
0         (10.0,-390.0,-49.0,-39.0)
0         (9.0,-390.0,-49.0,-39.0)
0         (9.0,-391.0,-49.0,-39.0)
0         (10.0,-391.0,-49.0,-39.0)
0         (10.0,-391.0,-48.0,-39.0)
0         (10.0,-390.0,-48.0,-39.0)
0         (9.0,-390.0,-48.0,-39.0)
0         (9.0,-391.0,-48.0,-39.0)
0         (9.0,-391.0,-47.0,-39.0)
