# run = 18
occ          S   
0         (507.0,188.0,30.0,444.0)
0         (506.0,188.0,30.0,444.0)
0         (505.0,188.0,30.0,444.0)
0         (504.0,188.0,30.0,444.0)
0         (503.0,188.0,30.0,444.0)
0         (502.0,188.0,30.0,444.0)
0         (501.0,188.0,30.0,444.0)
0         (500.0,188.0,30.0,444.0)
0         (499.0,188.0,30.0,444.0)
0         (498.0,188.0,30.0,444.0)
0         (497.0,188.0,30.0,444.0)
0         (496.0,188.0,30.0,444.0)
0         (495.0,188.0,30.0,444.0)
0         (494.0,188.0,30.0,444.0)
0         (493.0,188.0,30.0,444.0)
0         (492.0,188.0,30.0,444.0)
0         (491.0,188.0,30.0,444.0)
0         (490.0,188.0,30.0,444.0)
0         (489.0,188.0,30.0,444.0)
0         (488.0,188.0,30.0,444.0)
0         (487.0,188.0,30.0,444.0)
0         (486.0,188.0,30.0,444.0)
0         (485.0,188.0,30.0,444.0)
0         (484.0,188.0,30.0,444.0)
0         (483.0,188.0,30.0,444.0)
0         (482.0,188.0,30.0,444.0)
0         (481.0,188.0,30.0,444.0)
0         (480.0,188.0,30.0,444.0)
0         (479.0,188.0,30.0,444.0)
0         (478.0,188.0,30.0,444.0)
0         (477.0,188.0,30.0,444.0)
0         (476.0,188.0,30.0,444.0)
0         (475.0,188.0,30.0,444.0)
0         (474.0,188.0,30.0,444.0)
0         (473.0,188.0,30.0,444.0)
0         (472.0,188.0,30.0,444.0)
0         (471.0,188.0,30.0,444.0)
0         (470.0,188.0,30.0,444.0)
0         (469.0,188.0,30.0,444.0)
0         (468.0,188.0,30.0,444.0)
0         (467.0,188.0,30.0,444.0)
0         (466.0,188.0,30.0,444.0)
0         (466.0,188.0,30.0,443.0)
0         (465.0,188.0,30.0,443.0)
0         (464.0,188.0,30.0,443.0)
0         (463.0,188.0,30.0,443.0)
0         (462.0,188.0,30.0,443.0)
0         (461.0,188.0,30.0,443.0)
0         (460.0,188.0,30.0,443.0)
0         (459.0,188.0,30.0,443.0)
0         (459.0,188.0,30.0,442.0)
0         (459.0,188.0,30.0,441.0)
0         (458.0,188.0,30.0,441.0)
0         (458.0,188.0,30.0,440.0)
0         (458.0,188.0,30.0,439.0)
0         (458.0,188.0,30.0,438.0)
0         (457.0,188.0,30.0,438.0)
0         (457.0,188.0,30.0,437.0)
0         (456.0,188.0,30.0,437.0)
0         (456.0,188.0,30.0,436.0)
0         (455.0,188.0,30.0,436.0)
0         (455.0,188.0,30.0,435.0)
0         (455.0,188.0,30.0,434.0)
0         (455.0,188.0,31.0,434.0)
0         (455.0,187.0,31.0,434.0)
0         (455.0,187.0,32.0,434.0)
0         (455.0,187.0,32.0,433.0)
0         (455.0,186.0,32.0,433.0)
0         (455.0,186.0,32.0,432.0)
0         (455.0,186.0,33.0,432.0)
0         (455.0,186.0,33.0,433.0)
0         (455.0,187.0,33.0,433.0)
0         (455.0,187.0,33.0,432.0)
0         (455.0,187.0,32.0,432.0)
0         (455.0,187.0,32.0,431.0)
0         (455.0,186.0,32.0,431.0)
0         (454.0,186.0,32.0,431.0)
0         (454.0,186.0,32.0,430.0)
0         (453.0,186.0,32.0,430.0)
0         (453.0,186.0,32.0,429.0)
0         (453.0,186.0,32.0,428.0)
0         (452.0,186.0,32.0,428.0)
0         (452.0,186.0,32.0,427.0)
0         (452.0,186.0,32.0,426.0)
0         (452.0,186.0,33.0,426.0)
0         (452.0,187.0,33.0,426.0)
0         (452.0,187.0,32.0,426.0)
0         (452.0,187.0,32.0,427.0)
0         (452.0,187.0,33.0,427.0)
0         (452.0,186.0,33.0,427.0)
0         (452.0,186.0,34.0,427.0)
0         (452.0,186.0,34.0,426.0)
0         (452.0,186.0,34.0,425.0)
0         (452.0,186.0,33.0,425.0)
0         (452.0,186.0,32.0,425.0)
0         (451.0,186.0,32.0,425.0)
0         (451.0,186.0,32.0,424.0)
0         (450.0,186.0,32.0,424.0)
0         (450.0,186.0,32.0,423.0)
0         (450.0,186.0,32.0,422.0)
0         (449.0,186.0,32.0,422.0)
0         (449.0,186.0,32.0,421.0)
0         (449.0,186.0,32.0,420.0)
0         (449.0,186.0,33.0,420.0)
0         (449.0,187.0,33.0,420.0)
0         (449.0,187.0,32.0,420.0)
0         (449.0,187.0,32.0,419.0)
0         (449.0,186.0,32.0,419.0)
0         (449.0,186.0,33.0,419.0)
0         (449.0,187.0,33.0,419.0)
0         (448.0,187.0,33.0,419.0)
0         (448.0,186.0,33.0,419.0)
0         (448.0,186.0,33.0,418.0)
0         (447.0,186.0,33.0,418.0)
0         (447.0,186.0,33.0,417.0)
0         (447.0,186.0,33.0,416.0)
0         (446.0,186.0,33.0,416.0)
0         (446.0,186.0,33.0,415.0)
0         (446.0,186.0,33.0,414.0)
0         (446.0,186.0,32.0,414.0)
0         (446.0,186.0,32.0,413.0)
0         (446.0,186.0,33.0,413.0)
0         (446.0,187.0,33.0,413.0)
0         (446.0,187.0,33.0,414.0)
0         (446.0,187.0,32.0,414.0)
0         (446.0,187.0,32.0,413.0)
0         (445.0,187.0,32.0,413.0)
0         (445.0,186.0,32.0,413.0)
0         (445.0,186.0,32.0,412.0)
0         (445.0,185.0,32.0,412.0)
0         (444.0,185.0,32.0,412.0)
0         (444.0,185.0,32.0,411.0)
0         (444.0,185.0,32.0,410.0)
0         (443.0,185.0,32.0,410.0)
0         (443.0,185.0,32.0,409.0)
0         (443.0,186.0,32.0,409.0)
0         (443.0,186.0,32.0,408.0)
0         (443.0,186.0,33.0,408.0)
0         (443.0,186.0,33.0,407.0)
0         (443.0,186.0,32.0,407.0)
0         (442.0,186.0,32.0,407.0)
0         (442.0,186.0,32.0,406.0)
0         (442.0,185.0,32.0,406.0)
0         (442.0,185.0,32.0,405.0)
0         (441.0,185.0,32.0,405.0)
0         (441.0,185.0,32.0,404.0)
0         (440.0,185.0,32.0,404.0)
0         (440.0,185.0,32.0,403.0)
0         (440.0,186.0,32.0,403.0)
0         (440.0,186.0,32.0,402.0)
0         (440.0,186.0,32.0,401.0)
0         (440.0,186.0,33.0,401.0)
0         (439.0,186.0,33.0,401.0)
0         (439.0,186.0,32.0,401.0)
0         (439.0,186.0,32.0,400.0)
0         (439.0,186.0,33.0,400.0)
0         (439.0,185.0,33.0,400.0)
0         (439.0,185.0,33.0,399.0)
0         (438.0,185.0,33.0,399.0)
0         (438.0,185.0,33.0,398.0)
0         (437.0,185.0,33.0,398.0)
0         (437.0,185.0,33.0,397.0)
0         (437.0,186.0,33.0,397.0)
0         (437.0,186.0,33.0,396.0)
0         (437.0,186.0,33.0,395.0)
0         (436.0,186.0,33.0,395.0)
0         (436.0,186.0,32.0,395.0)
0         (436.0,186.0,32.0,394.0)
0         (436.0,186.0,33.0,394.0)
0         (436.0,187.0,33.0,394.0)
0         (436.0,187.0,33.0,395.0)
0         (436.0,187.0,32.0,395.0)
0         (436.0,187.0,32.0,394.0)
0         (436.0,187.0,32.0,393.0)
0         (435.0,187.0,32.0,393.0)
0         (435.0,187.0,32.0,392.0)
0         (434.0,187.0,32.0,392.0)
0         (434.0,187.0,32.0,391.0)
0         (434.0,187.0,32.0,390.0)
0         (433.0,187.0,32.0,390.0)
0         (433.0,187.0,32.0,389.0)
0         (433.0,186.0,32.0,389.0)
0         (433.0,186.0,33.0,389.0)
0         (433.0,186.0,33.0,388.0)
0         (433.0,186.0,32.0,388.0)
0         (433.0,187.0,32.0,388.0)
0         (433.0,187.0,33.0,388.0)
0         (433.0,187.0,33.0,389.0)
0         (434.0,187.0,33.0,389.0)
0         (434.0,186.0,33.0,389.0)
0         (434.0,186.0,33.0,388.0)
0         (434.0,186.0,32.0,388.0)
0         (434.0,186.0,32.0,389.0)
0         (434.0,187.0,32.0,389.0)
0         (434.0,187.0,32.0,388.0)
0         (434.0,187.0,33.0,388.0)
0         (434.0,187.0,33.0,387.0)
0         (433.0,187.0,33.0,387.0)
0         (433.0,186.0,33.0,387.0)
0         (433.0,186.0,32.0,387.0)
0         (432.0,186.0,32.0,387.0)
0         (432.0,186.0,32.0,386.0)
0         (431.0,186.0,32.0,386.0)
0         (431.0,186.0,32.0,385.0)
0         (431.0,186.0,32.0,384.0)
0         (430.0,186.0,32.0,384.0)
0         (430.0,186.0,32.0,383.0)
0         (430.0,186.0,32.0,382.0)
0         (430.0,186.0,33.0,382.0)
0         (430.0,186.0,33.0,383.0)
0         (430.0,187.0,33.0,383.0)
0         (430.0,187.0,33.0,382.0)
0         (430.0,187.0,32.0,382.0)
0         (430.0,187.0,32.0,383.0)
0         (430.0,187.0,32.0,384.0)
0         (430.0,187.0,33.0,384.0)
0         (430.0,186.0,33.0,384.0)
0         (430.0,186.0,34.0,384.0)
0         (430.0,186.0,34.0,383.0)
0         (430.0,186.0,34.0,382.0)
0         (430.0,186.0,34.0,381.0)
0         (430.0,186.0,33.0,381.0)
0         (430.0,186.0,32.0,381.0)
0         (429.0,186.0,32.0,381.0)
0         (429.0,186.0,32.0,380.0)
0         (428.0,186.0,32.0,380.0)
0         (428.0,186.0,32.0,379.0)
0         (428.0,186.0,32.0,378.0)
0         (427.0,186.0,32.0,378.0)
0         (427.0,186.0,32.0,377.0)
0         (427.0,186.0,32.0,376.0)
0         (427.0,186.0,33.0,376.0)
0         (427.0,187.0,33.0,376.0)
0         (427.0,187.0,32.0,376.0)
0         (427.0,187.0,32.0,377.0)
0         (427.0,187.0,33.0,377.0)
0         (427.0,186.0,33.0,377.0)
0         (427.0,186.0,34.0,377.0)
0         (427.0,186.0,34.0,376.0)
0         (427.0,186.0,34.0,375.0)
0         (427.0,186.0,33.0,375.0)
0         (427.0,186.0,32.0,375.0)
0         (427.0,187.0,32.0,375.0)
0         (427.0,187.0,33.0,375.0)
0         (426.0,187.0,33.0,375.0)
0         (426.0,186.0,33.0,375.0)
0         (426.0,186.0,33.0,374.0)
0         (425.0,186.0,33.0,374.0)
0         (425.0,186.0,33.0,373.0)
0         (425.0,186.0,33.0,372.0)
0         (424.0,186.0,33.0,372.0)
0         (424.0,186.0,33.0,371.0)
0         (424.0,186.0,33.0,370.0)
0         (424.0,186.0,32.0,370.0)
0         (424.0,187.0,32.0,370.0)
0         (424.0,187.0,33.0,370.0)
0         (424.0,187.0,33.0,369.0)
0         (424.0,186.0,33.0,369.0)
0         (424.0,186.0,32.0,369.0)
0         (424.0,187.0,32.0,369.0)
0         (423.0,187.0,32.0,369.0)
0         (423.0,186.0,32.0,369.0)
0         (423.0,186.0,32.0,368.0)
0         (423.0,185.0,32.0,368.0)
0         (422.0,185.0,32.0,368.0)
0         (422.0,185.0,32.0,367.0)
0         (422.0,185.0,32.0,366.0)
0         (421.0,185.0,32.0,366.0)
0         (421.0,185.0,32.0,365.0)
0         (421.0,186.0,32.0,365.0)
0         (421.0,186.0,32.0,364.0)
0         (421.0,186.0,33.0,364.0)
0         (421.0,186.0,33.0,363.0)
0         (421.0,186.0,32.0,363.0)
0         (421.0,187.0,32.0,363.0)
0         (421.0,187.0,33.0,363.0)
0         (421.0,187.0,33.0,364.0)
0         (421.0,187.0,32.0,364.0)
0         (420.0,187.0,32.0,364.0)
0         (420.0,187.0,32.0,363.0)
0         (420.0,186.0,32.0,363.0)
0         (420.0,186.0,33.0,363.0)
0         (420.0,186.0,33.0,362.0)
0         (420.0,186.0,32.0,362.0)
0         (420.0,185.0,32.0,362.0)
0         (419.0,185.0,32.0,362.0)
0         (419.0,185.0,32.0,361.0)
0         (419.0,185.0,32.0,360.0)
0         (418.0,185.0,32.0,360.0)
0         (418.0,185.0,32.0,359.0)
0         (418.0,186.0,32.0,359.0)
0         (418.0,186.0,32.0,358.0)
0         (418.0,186.0,32.0,357.0)
0         (418.0,186.0,33.0,357.0)
0         (417.0,186.0,33.0,357.0)
0         (417.0,186.0,32.0,357.0)
0         (417.0,186.0,32.0,356.0)
0         (417.0,186.0,33.0,356.0)
0         (417.0,185.0,33.0,356.0)
0         (417.0,185.0,33.0,355.0)
0         (416.0,185.0,33.0,355.0)
0         (416.0,185.0,33.0,354.0)
0         (415.0,185.0,33.0,354.0)
0         (415.0,185.0,33.0,353.0)
0         (415.0,186.0,33.0,353.0)
0         (415.0,186.0,33.0,352.0)
0         (415.0,186.0,33.0,351.0)
0         (414.0,186.0,33.0,351.0)
0         (414.0,186.0,32.0,351.0)
0         (414.0,186.0,32.0,350.0)
0         (414.0,186.0,33.0,350.0)
0         (414.0,187.0,33.0,350.0)
0         (414.0,187.0,33.0,351.0)
0         (414.0,187.0,32.0,351.0)
0         (414.0,187.0,32.0,350.0)
0         (415.0,187.0,32.0,350.0)
0         (415.0,187.0,32.0,351.0)
0         (415.0,186.0,32.0,351.0)
0         (415.0,186.0,32.0,350.0)
0         (415.0,186.0,33.0,350.0)
0         (415.0,187.0,33.0,350.0)
0         (415.0,187.0,33.0,351.0)
0         (415.0,187.0,33.0,352.0)
0         (414.0,187.0,33.0,352.0)
0         (414.0,186.0,33.0,352.0)
0         (414.0,186.0,32.0,352.0)
0         (415.0,186.0,32.0,352.0)
0         (415.0,187.0,32.0,352.0)
0         (414.0,187.0,32.0,352.0)
0         (414.0,187.0,31.0,352.0)
0         (414.0,187.0,31.0,351.0)
0         (414.0,186.0,31.0,351.0)
0         (414.0,186.0,31.0,350.0)
0         (414.0,186.0,31.0,349.0)
0         (413.0,186.0,31.0,349.0)
0         (413.0,186.0,31.0,348.0)
0         (412.0,186.0,31.0,348.0)
0         (412.0,186.0,31.0,347.0)
0         (412.0,186.0,31.0,346.0)
0         (412.0,186.0,32.0,346.0)
0         (411.0,186.0,32.0,346.0)
0         (411.0,186.0,32.0,345.0)
0         (411.0,186.0,33.0,345.0)
0         (411.0,186.0,33.0,344.0)
0         (411.0,186.0,32.0,344.0)
0         (411.0,187.0,32.0,344.0)
0         (411.0,187.0,32.0,345.0)
0         (411.0,187.0,33.0,345.0)
0         (411.0,187.0,33.0,344.0)
0         (411.0,187.0,33.0,343.0)
0         (411.0,186.0,33.0,343.0)
0         (411.0,186.0,32.0,343.0)
0         (410.0,186.0,32.0,343.0)
0         (410.0,186.0,32.0,342.0)
0         (409.0,186.0,32.0,342.0)
0         (409.0,186.0,32.0,341.0)
0         (409.0,186.0,32.0,340.0)
0         (408.0,186.0,32.0,340.0)
0         (408.0,186.0,32.0,339.0)
0         (408.0,186.0,33.0,339.0)
0         (408.0,186.0,33.0,338.0)
0         (408.0,186.0,32.0,338.0)
0         (408.0,187.0,32.0,338.0)
0         (408.0,187.0,33.0,338.0)
0         (408.0,187.0,33.0,339.0)
0         (408.0,187.0,32.0,339.0)
0         (408.0,187.0,32.0,340.0)
0         (408.0,187.0,33.0,340.0)
0         (408.0,186.0,33.0,340.0)
0         (408.0,186.0,34.0,340.0)
0         (408.0,186.0,34.0,339.0)
0         (408.0,186.0,34.0,338.0)
0         (408.0,186.0,34.0,337.0)
0         (408.0,186.0,33.0,337.0)
0         (408.0,186.0,32.0,337.0)
0         (407.0,186.0,32.0,337.0)
0         (407.0,186.0,32.0,336.0)
0         (406.0,186.0,32.0,336.0)
0         (406.0,186.0,32.0,335.0)
0         (406.0,186.0,32.0,334.0)
0         (405.0,186.0,32.0,334.0)
0         (405.0,186.0,32.0,333.0)
0         (405.0,186.0,32.0,332.0)
0         (405.0,186.0,33.0,332.0)
0         (405.0,187.0,33.0,332.0)
0         (405.0,187.0,32.0,332.0)
0         (405.0,187.0,32.0,333.0)
0         (405.0,187.0,33.0,333.0)
0         (405.0,186.0,33.0,333.0)
0         (405.0,186.0,34.0,333.0)
0         (405.0,186.0,34.0,332.0)
0         (405.0,186.0,34.0,331.0)
0         (405.0,186.0,33.0,331.0)
0         (405.0,186.0,32.0,331.0)
0         (405.0,187.0,32.0,331.0)
0         (405.0,187.0,33.0,331.0)
0         (404.0,187.0,33.0,331.0)
0         (404.0,186.0,33.0,331.0)
0         (404.0,186.0,33.0,330.0)
0         (403.0,186.0,33.0,330.0)
0         (403.0,186.0,33.0,329.0)
0         (403.0,186.0,33.0,328.0)
0         (402.0,186.0,33.0,328.0)
0         (402.0,186.0,33.0,327.0)
0         (402.0,186.0,33.0,326.0)
0         (402.0,186.0,32.0,326.0)
0         (402.0,187.0,32.0,326.0)
0         (402.0,187.0,33.0,326.0)
0         (402.0,187.0,33.0,325.0)
0         (402.0,186.0,33.0,325.0)
0         (402.0,186.0,32.0,325.0)
0         (402.0,187.0,32.0,325.0)
0         (401.0,187.0,32.0,325.0)
0         (401.0,186.0,32.0,325.0)
0         (401.0,186.0,32.0,324.0)
0         (401.0,185.0,32.0,324.0)
0         (400.0,185.0,32.0,324.0)
0         (400.0,185.0,32.0,323.0)
0         (399.0,185.0,32.0,323.0)
0         (399.0,185.0,32.0,322.0)
0         (399.0,185.0,32.0,321.0)
0         (399.0,186.0,32.0,321.0)
0         (399.0,186.0,32.0,320.0)
0         (399.0,186.0,33.0,320.0)
0         (399.0,186.0,33.0,319.0)
0         (399.0,186.0,32.0,319.0)
0         (399.0,187.0,32.0,319.0)
0         (399.0,187.0,32.0,320.0)
0         (399.0,187.0,33.0,320.0)
0         (399.0,187.0,33.0,319.0)
0         (398.0,187.0,33.0,319.0)
0         (398.0,186.0,33.0,319.0)
0         (398.0,186.0,32.0,319.0)
0         (398.0,186.0,32.0,318.0)
0         (398.0,185.0,32.0,318.0)
0         (397.0,185.0,32.0,318.0)
0         (397.0,185.0,32.0,317.0)
0         (396.0,185.0,32.0,317.0)
0         (396.0,185.0,32.0,316.0)
0         (396.0,185.0,32.0,315.0)
0         (396.0,186.0,32.0,315.0)
0         (396.0,186.0,32.0,314.0)
0         (396.0,186.0,33.0,314.0)
0         (396.0,186.0,33.0,313.0)
0         (396.0,186.0,32.0,313.0)
0         (395.0,186.0,32.0,313.0)
0         (395.0,186.0,33.0,313.0)
0         (395.0,186.0,33.0,312.0)
0         (395.0,186.0,32.0,312.0)
0         (395.0,185.0,32.0,312.0)
0         (395.0,185.0,32.0,311.0)
0         (394.0,185.0,32.0,311.0)
0         (394.0,185.0,32.0,310.0)
0         (393.0,185.0,32.0,310.0)
0         (393.0,185.0,32.0,309.0)
0         (393.0,186.0,32.0,309.0)
0         (393.0,186.0,32.0,308.0)
0         (393.0,186.0,32.0,307.0)
0         (392.0,186.0,32.0,307.0)
0         (392.0,186.0,33.0,307.0)
0         (393.0,186.0,33.0,307.0)
0         (393.0,187.0,33.0,307.0)
0         (392.0,187.0,33.0,307.0)
0         (392.0,187.0,32.0,307.0)
0         (393.0,187.0,32.0,307.0)
0         (393.0,187.0,32.0,308.0)
0         (393.0,187.0,33.0,308.0)
0         (393.0,186.0,33.0,308.0)
0         (392.0,186.0,33.0,308.0)
0         (392.0,186.0,32.0,308.0)
0         (392.0,187.0,32.0,308.0)
0         (392.0,187.0,33.0,308.0)
0         (392.0,187.0,34.0,308.0)
0         (392.0,187.0,34.0,307.0)
0         (392.0,186.0,34.0,307.0)
0         (392.0,186.0,34.0,306.0)
0         (392.0,186.0,33.0,306.0)
0         (392.0,186.0,32.0,306.0)
0         (392.0,187.0,32.0,306.0)
0         (392.0,187.0,33.0,306.0)
0         (393.0,187.0,33.0,306.0)
0         (393.0,186.0,33.0,306.0)
0         (393.0,186.0,32.0,306.0)
0         (393.0,187.0,32.0,306.0)
0         (393.0,187.0,31.0,306.0)
0         (392.0,187.0,31.0,306.0)
0         (392.0,186.0,31.0,306.0)
0         (392.0,186.0,31.0,307.0)
0         (392.0,187.0,31.0,307.0)
0         (393.0,187.0,31.0,307.0)
0         (393.0,186.0,31.0,307.0)
0         (393.0,186.0,31.0,306.0)
0         (393.0,185.0,31.0,306.0)
0         (392.0,185.0,31.0,306.0)
0         (392.0,185.0,31.0,305.0)
0         (391.0,185.0,31.0,305.0)
0         (390.0,185.0,31.0,305.0)
0         (390.0,185.0,31.0,304.0)
0         (390.0,185.0,31.0,303.0)
0         (390.0,185.0,31.0,302.0)
0         (389.0,185.0,31.0,302.0)
0         (389.0,185.0,31.0,301.0)
0         (389.0,186.0,31.0,301.0)
0         (389.0,186.0,32.0,301.0)
0         (389.0,186.0,33.0,301.0)
0         (389.0,186.0,33.0,300.0)
0         (389.0,186.0,32.0,300.0)
0         (389.0,187.0,32.0,300.0)
0         (389.0,187.0,32.0,301.0)
0         (389.0,187.0,33.0,301.0)
0         (389.0,187.0,33.0,300.0)
0         (390.0,187.0,33.0,300.0)
0         (390.0,187.0,33.0,301.0)
0         (390.0,186.0,33.0,301.0)
0         (390.0,186.0,32.0,301.0)
0         (390.0,186.0,32.0,300.0)
0         (390.0,186.0,33.0,300.0)
0         (390.0,186.0,34.0,300.0)
0         (389.0,186.0,34.0,300.0)
0         (389.0,186.0,34.0,301.0)
0         (389.0,187.0,34.0,301.0)
0         (389.0,187.0,34.0,300.0)
0         (389.0,187.0,34.0,299.0)
0         (389.0,186.0,34.0,299.0)
0         (389.0,186.0,33.0,299.0)
0         (389.0,186.0,32.0,299.0)
0         (388.0,186.0,32.0,299.0)
0         (388.0,186.0,32.0,298.0)
0         (387.0,186.0,32.0,298.0)
0         (387.0,186.0,32.0,297.0)
0         (387.0,186.0,32.0,296.0)
0         (386.0,186.0,32.0,296.0)
0         (386.0,186.0,32.0,295.0)
0         (386.0,186.0,33.0,295.0)
0         (386.0,186.0,33.0,294.0)
0         (386.0,186.0,32.0,294.0)
0         (386.0,187.0,32.0,294.0)
0         (386.0,187.0,33.0,294.0)
0         (386.0,187.0,33.0,295.0)
0         (386.0,187.0,32.0,295.0)
0         (386.0,187.0,32.0,296.0)
0         (386.0,187.0,33.0,296.0)
0         (386.0,186.0,33.0,296.0)
0         (386.0,186.0,34.0,296.0)
0         (386.0,186.0,34.0,295.0)
0         (386.0,186.0,34.0,294.0)
0         (386.0,187.0,34.0,294.0)
0         (386.0,187.0,34.0,295.0)
0         (386.0,187.0,34.0,296.0)
0         (387.0,187.0,34.0,296.0)
0         (387.0,187.0,33.0,296.0)
0         (387.0,187.0,33.0,295.0)
0         (387.0,186.0,33.0,295.0)
0         (387.0,186.0,33.0,294.0)
0         (387.0,186.0,32.0,294.0)
0         (387.0,186.0,32.0,295.0)
0         (387.0,187.0,32.0,295.0)
0         (387.0,187.0,32.0,294.0)
0         (387.0,187.0,33.0,294.0)
0         (387.0,187.0,33.0,293.0)
0         (386.0,187.0,33.0,293.0)
0         (386.0,186.0,33.0,293.0)
0         (386.0,186.0,32.0,293.0)
0         (385.0,186.0,32.0,293.0)
0         (385.0,186.0,32.0,292.0)
0         (384.0,186.0,32.0,292.0)
0         (384.0,186.0,32.0,291.0)
0         (384.0,186.0,32.0,290.0)
0         (383.0,186.0,32.0,290.0)
0         (383.0,186.0,32.0,289.0)
0         (383.0,186.0,32.0,288.0)
0         (383.0,186.0,33.0,288.0)
0         (383.0,186.0,33.0,289.0)
0         (383.0,187.0,33.0,289.0)
0         (383.0,187.0,33.0,288.0)
0         (383.0,187.0,32.0,288.0)
0         (383.0,187.0,32.0,289.0)
0         (383.0,187.0,32.0,290.0)
0         (383.0,187.0,33.0,290.0)
0         (383.0,186.0,33.0,290.0)
0         (383.0,186.0,34.0,290.0)
0         (383.0,186.0,34.0,289.0)
0         (383.0,186.0,34.0,288.0)
0         (383.0,187.0,34.0,288.0)
0         (383.0,187.0,34.0,289.0)
0         (383.0,187.0,34.0,290.0)
0         (382.0,187.0,34.0,290.0)
0         (382.0,187.0,34.0,289.0)
0         (382.0,187.0,34.0,288.0)
0         (382.0,186.0,34.0,288.0)
0         (382.0,186.0,33.0,288.0)
0         (382.0,186.0,33.0,287.0)
0         (383.0,186.0,33.0,287.0)
0         (383.0,186.0,32.0,287.0)
0         (383.0,187.0,32.0,287.0)
0         (383.0,187.0,33.0,287.0)
0         (382.0,187.0,33.0,287.0)
0         (382.0,187.0,33.0,286.0)
0         (381.0,187.0,33.0,286.0)
0         (381.0,187.0,33.0,285.0)
0         (381.0,187.0,33.0,284.0)
0         (380.0,187.0,33.0,284.0)
0         (380.0,187.0,33.0,283.0)
0         (380.0,187.0,33.0,282.0)
0         (380.0,186.0,33.0,282.0)
0         (380.0,186.0,32.0,282.0)
0         (380.0,187.0,32.0,282.0)
0         (380.0,187.0,32.0,283.0)
0         (380.0,186.0,32.0,283.0)
0         (380.0,186.0,33.0,283.0)
0         (380.0,186.0,34.0,283.0)
0         (380.0,186.0,34.0,282.0)
0         (380.0,186.0,34.0,281.0)
0         (380.0,186.0,33.0,281.0)
0         (380.0,186.0,32.0,281.0)
0         (380.0,187.0,32.0,281.0)
0         (380.0,187.0,33.0,281.0)
0         (379.0,187.0,33.0,281.0)
0         (379.0,186.0,33.0,281.0)
0         (379.0,186.0,32.0,281.0)
0         (379.0,186.0,32.0,280.0)
0         (379.0,185.0,32.0,280.0)
0         (378.0,185.0,32.0,280.0)
0         (378.0,185.0,32.0,279.0)
0         (377.0,185.0,32.0,279.0)
0         (377.0,185.0,32.0,278.0)
0         (377.0,185.0,32.0,277.0)
0         (377.0,186.0,32.0,277.0)
0         (377.0,186.0,32.0,276.0)
0         (377.0,186.0,33.0,276.0)
0         (377.0,187.0,33.0,276.0)
0         (377.0,187.0,32.0,276.0)
0         (377.0,187.0,32.0,275.0)
0         (377.0,186.0,32.0,275.0)
0         (377.0,186.0,33.0,275.0)
0         (377.0,187.0,33.0,275.0)
0         (376.0,187.0,33.0,275.0)
0         (376.0,186.0,33.0,275.0)
0         (376.0,186.0,32.0,275.0)
0         (376.0,186.0,32.0,276.0)
0         (376.0,186.0,33.0,276.0)
0         (376.0,187.0,33.0,276.0)
0         (376.0,187.0,32.0,276.0)
0         (376.0,187.0,32.0,275.0)
0         (376.0,187.0,32.0,274.0)
0         (376.0,186.0,32.0,274.0)
0         (376.0,185.0,32.0,274.0)
0         (375.0,185.0,32.0,274.0)
0         (375.0,185.0,32.0,273.0)
0         (374.0,185.0,32.0,273.0)
0         (374.0,185.0,32.0,272.0)
0         (374.0,185.0,32.0,271.0)
0         (374.0,186.0,32.0,271.0)
0         (374.0,186.0,32.0,270.0)
0         (374.0,186.0,33.0,270.0)
0         (374.0,186.0,33.0,269.0)
0         (374.0,186.0,32.0,269.0)
0         (373.0,186.0,32.0,269.0)
0         (373.0,186.0,33.0,269.0)
0         (373.0,186.0,33.0,270.0)
0         (373.0,186.0,32.0,270.0)
0         (373.0,187.0,32.0,270.0)
0         (374.0,187.0,32.0,270.0)
0         (374.0,187.0,33.0,270.0)
0         (374.0,187.0,33.0,269.0)
0         (374.0,187.0,32.0,269.0)
0         (373.0,187.0,32.0,269.0)
0         (373.0,187.0,33.0,269.0)
0         (373.0,187.0,33.0,270.0)
0         (373.0,187.0,33.0,271.0)
0         (374.0,187.0,33.0,271.0)
0         (374.0,186.0,33.0,271.0)
0         (373.0,186.0,33.0,271.0)
0         (373.0,186.0,32.0,271.0)
0         (373.0,187.0,32.0,271.0)
0         (374.0,187.0,32.0,271.0)
0         (374.0,187.0,31.0,271.0)
0         (374.0,187.0,31.0,270.0)
0         (374.0,186.0,31.0,270.0)
0         (374.0,186.0,31.0,269.0)
0         (373.0,186.0,31.0,269.0)
0         (373.0,186.0,31.0,268.0)
0         (373.0,186.0,32.0,268.0)
0         (373.0,186.0,33.0,268.0)
0         (374.0,186.0,33.0,268.0)
0         (374.0,186.0,32.0,268.0)
0         (374.0,187.0,32.0,268.0)
0         (373.0,187.0,32.0,268.0)
0         (373.0,187.0,33.0,268.0)
0         (374.0,187.0,33.0,268.0)
0         (374.0,187.0,34.0,268.0)
0         (374.0,187.0,34.0,269.0)
0         (374.0,186.0,34.0,269.0)
0         (373.0,186.0,34.0,269.0)
0         (373.0,186.0,34.0,268.0)
0         (373.0,185.0,34.0,268.0)
0         (372.0,185.0,34.0,268.0)
0         (372.0,185.0,34.0,267.0)
0         (371.0,185.0,34.0,267.0)
0         (371.0,185.0,34.0,266.0)
0         (371.0,185.0,34.0,265.0)
0         (371.0,186.0,34.0,265.0)
0         (371.0,186.0,34.0,264.0)
0         (371.0,186.0,33.0,264.0)
0         (371.0,186.0,33.0,263.0)
0         (370.0,186.0,33.0,263.0)
0         (370.0,186.0,32.0,263.0)
0         (371.0,186.0,32.0,263.0)
0         (371.0,186.0,32.0,264.0)
0         (370.0,186.0,32.0,264.0)
0         (370.0,186.0,33.0,264.0)
0         (370.0,187.0,33.0,264.0)
0         (370.0,187.0,33.0,263.0)
0         (370.0,187.0,32.0,263.0)
0         (371.0,187.0,32.0,263.0)
0         (371.0,187.0,33.0,263.0)
0         (371.0,187.0,33.0,264.0)
0         (371.0,187.0,32.0,264.0)
0         (370.0,187.0,32.0,264.0)
0         (370.0,187.0,32.0,265.0)
0         (370.0,186.0,32.0,265.0)
0         (370.0,186.0,33.0,265.0)
0         (371.0,186.0,33.0,265.0)
0         (371.0,186.0,32.0,265.0)
0         (371.0,187.0,32.0,265.0)
0         (371.0,187.0,33.0,265.0)
0         (370.0,187.0,33.0,265.0)
0         (370.0,187.0,34.0,265.0)
0         (370.0,187.0,34.0,264.0)
0         (370.0,187.0,34.0,263.0)
0         (370.0,186.0,34.0,263.0)
0         (370.0,186.0,34.0,262.0)
0         (370.0,186.0,33.0,262.0)
0         (370.0,186.0,32.0,262.0)
0         (370.0,187.0,32.0,262.0)
0         (370.0,187.0,33.0,262.0)
0         (371.0,187.0,33.0,262.0)
0         (371.0,186.0,33.0,262.0)
0         (371.0,186.0,32.0,262.0)
0         (371.0,187.0,32.0,262.0)
0         (371.0,187.0,31.0,262.0)
0         (370.0,187.0,31.0,262.0)
0         (370.0,186.0,31.0,262.0)
0         (370.0,186.0,31.0,263.0)
0         (370.0,187.0,31.0,263.0)
0         (371.0,187.0,31.0,263.0)
0         (371.0,186.0,31.0,263.0)
0         (371.0,186.0,31.0,262.0)
0         (371.0,185.0,31.0,262.0)
0         (370.0,185.0,31.0,262.0)
0         (369.0,185.0,31.0,262.0)
0         (369.0,185.0,31.0,261.0)
0         (368.0,185.0,31.0,261.0)
0         (368.0,185.0,31.0,260.0)
0         (368.0,185.0,31.0,259.0)
0         (368.0,185.0,31.0,258.0)
0         (367.0,185.0,31.0,258.0)
0         (367.0,186.0,31.0,258.0)
0         (367.0,186.0,32.0,258.0)
0         (367.0,186.0,32.0,257.0)
0         (367.0,186.0,33.0,257.0)
0         (367.0,187.0,33.0,257.0)
0         (367.0,187.0,32.0,257.0)
0         (367.0,187.0,32.0,256.0)
0         (367.0,186.0,32.0,256.0)
0         (367.0,186.0,33.0,256.0)
0         (367.0,187.0,33.0,256.0)
0         (368.0,187.0,33.0,256.0)
0         (368.0,187.0,33.0,257.0)
0         (368.0,186.0,33.0,257.0)
0         (368.0,186.0,32.0,257.0)
0         (368.0,187.0,32.0,257.0)
0         (368.0,187.0,32.0,256.0)
0         (368.0,186.0,32.0,256.0)
0         (368.0,186.0,33.0,256.0)
0         (368.0,186.0,34.0,256.0)
0         (367.0,186.0,34.0,256.0)
0         (367.0,186.0,34.0,257.0)
0         (367.0,187.0,34.0,257.0)
0         (367.0,187.0,34.0,256.0)
0         (367.0,187.0,34.0,255.0)
0         (367.0,186.0,34.0,255.0)
0         (367.0,186.0,33.0,255.0)
0         (367.0,186.0,32.0,255.0)
0         (366.0,186.0,32.0,255.0)
0         (366.0,186.0,32.0,254.0)
0         (365.0,186.0,32.0,254.0)
0         (365.0,186.0,32.0,253.0)
0         (365.0,186.0,32.0,252.0)
0         (364.0,186.0,32.0,252.0)
0         (364.0,186.0,32.0,251.0)
0         (364.0,186.0,33.0,251.0)
0         (364.0,186.0,33.0,250.0)
0         (364.0,186.0,32.0,250.0)
0         (364.0,187.0,32.0,250.0)
0         (364.0,187.0,32.0,251.0)
0         (364.0,187.0,33.0,251.0)
0         (364.0,187.0,33.0,250.0)
0         (364.0,187.0,34.0,250.0)
0         (364.0,186.0,34.0,250.0)
0         (364.0,186.0,34.0,251.0)
0         (364.0,187.0,34.0,251.0)
0         (364.0,187.0,34.0,252.0)
0         (364.0,187.0,33.0,252.0)
0         (364.0,186.0,33.0,252.0)
0         (364.0,186.0,34.0,252.0)
0         (364.0,185.0,34.0,252.0)
0         (364.0,185.0,34.0,251.0)
0         (364.0,185.0,33.0,251.0)
0         (364.0,185.0,33.0,250.0)
0         (364.0,185.0,32.0,250.0)
0         (364.0,185.0,32.0,249.0)
0         (364.0,186.0,32.0,249.0)
0         (364.0,186.0,33.0,249.0)
0         (364.0,187.0,33.0,249.0)
0         (364.0,187.0,32.0,249.0)
0         (363.0,187.0,32.0,249.0)
0         (363.0,186.0,32.0,249.0)
0         (363.0,185.0,32.0,249.0)
0         (363.0,185.0,32.0,248.0)
0         (362.0,185.0,32.0,248.0)
0         (362.0,185.0,32.0,247.0)
0         (361.0,185.0,32.0,247.0)
0         (361.0,185.0,32.0,246.0)
0         (361.0,186.0,32.0,246.0)
0         (361.0,186.0,32.0,245.0)
0         (361.0,186.0,33.0,245.0)
0         (361.0,186.0,33.0,244.0)
0         (361.0,186.0,32.0,244.0)
0         (361.0,187.0,32.0,244.0)
0         (361.0,187.0,33.0,244.0)
0         (361.0,187.0,33.0,245.0)
0         (361.0,187.0,32.0,245.0)
0         (361.0,187.0,32.0,246.0)
0         (361.0,187.0,33.0,246.0)
0         (361.0,186.0,33.0,246.0)
0         (361.0,186.0,34.0,246.0)
0         (361.0,186.0,34.0,245.0)
0         (361.0,186.0,34.0,244.0)
0         (361.0,187.0,34.0,244.0)
0         (361.0,187.0,34.0,245.0)
0         (361.0,187.0,34.0,246.0)
0         (360.0,187.0,34.0,246.0)
0         (360.0,187.0,34.0,245.0)
0         (360.0,187.0,34.0,244.0)
0         (360.0,186.0,34.0,244.0)
0         (360.0,186.0,33.0,244.0)
0         (360.0,186.0,33.0,243.0)
0         (361.0,186.0,33.0,243.0)
0         (361.0,186.0,32.0,243.0)
0         (361.0,187.0,32.0,243.0)
0         (361.0,187.0,33.0,243.0)
0         (361.0,187.0,34.0,243.0)
0         (361.0,186.0,34.0,243.0)
0         (360.0,186.0,34.0,243.0)
0         (360.0,185.0,34.0,243.0)
0         (360.0,185.0,34.0,242.0)
0         (359.0,185.0,34.0,242.0)
0         (359.0,185.0,34.0,241.0)
0         (358.0,185.0,34.0,241.0)
0         (358.0,185.0,34.0,240.0)
0         (358.0,186.0,34.0,240.0)
0         (358.0,186.0,34.0,239.0)
0         (358.0,186.0,33.0,239.0)
0         (358.0,186.0,33.0,238.0)
0         (358.0,186.0,32.0,238.0)
0         (358.0,187.0,32.0,238.0)
0         (358.0,187.0,33.0,238.0)
0         (358.0,187.0,33.0,239.0)
0         (358.0,187.0,32.0,239.0)
0         (358.0,186.0,32.0,239.0)
0         (358.0,186.0,32.0,240.0)
0         (358.0,186.0,33.0,240.0)
0         (358.0,187.0,33.0,240.0)
0         (358.0,187.0,32.0,240.0)
0         (357.0,187.0,32.0,240.0)
0         (357.0,187.0,32.0,239.0)
0         (357.0,187.0,32.0,238.0)
0         (357.0,186.0,32.0,238.0)
0         (357.0,186.0,32.0,237.0)
0         (358.0,186.0,32.0,237.0)
0         (358.0,186.0,33.0,237.0)
0         (358.0,187.0,33.0,237.0)
0         (358.0,187.0,32.0,237.0)
0         (357.0,187.0,32.0,237.0)
0         (357.0,187.0,33.0,237.0)
0         (357.0,186.0,33.0,237.0)
0         (357.0,186.0,33.0,238.0)
0         (357.0,187.0,33.0,238.0)
0         (357.0,187.0,33.0,239.0)
0         (357.0,186.0,33.0,239.0)
0         (357.0,186.0,32.0,239.0)
0         (357.0,185.0,32.0,239.0)
0         (357.0,185.0,32.0,238.0)
0         (357.0,185.0,32.0,237.0)
0         (357.0,185.0,32.0,236.0)
0         (356.0,185.0,32.0,236.0)
0         (356.0,185.0,32.0,235.0)
0         (355.0,185.0,32.0,235.0)
0         (355.0,185.0,32.0,234.0)
0         (355.0,186.0,32.0,234.0)
0         (355.0,186.0,32.0,233.0)
0         (355.0,186.0,32.0,232.0)
0         (355.0,186.0,33.0,232.0)
0         (355.0,187.0,33.0,232.0)
0         (355.0,187.0,32.0,232.0)
0         (355.0,187.0,32.0,231.0)
0         (355.0,186.0,32.0,231.0)
0         (355.0,186.0,33.0,231.0)
0         (355.0,187.0,33.0,231.0)
0         (354.0,187.0,33.0,231.0)
0         (354.0,186.0,33.0,231.0)
0         (354.0,186.0,32.0,231.0)
0         (354.0,186.0,32.0,232.0)
0         (354.0,186.0,33.0,232.0)
0         (354.0,187.0,33.0,232.0)
0         (354.0,187.0,32.0,232.0)
0         (354.0,187.0,32.0,231.0)
0         (354.0,187.0,32.0,230.0)
0         (354.0,186.0,32.0,230.0)
0         (354.0,185.0,32.0,230.0)
0         (353.0,185.0,32.0,230.0)
0         (353.0,185.0,32.0,229.0)
0         (352.0,185.0,32.0,229.0)
0         (352.0,185.0,32.0,228.0)
0         (352.0,185.0,32.0,227.0)
0         (352.0,186.0,32.0,227.0)
0         (352.0,186.0,32.0,226.0)
0         (352.0,186.0,33.0,226.0)
0         (352.0,186.0,33.0,225.0)
0         (352.0,186.0,32.0,225.0)
0         (352.0,187.0,32.0,225.0)
0         (352.0,187.0,32.0,226.0)
0         (352.0,187.0,33.0,226.0)
0         (352.0,187.0,33.0,225.0)
0         (351.0,187.0,33.0,225.0)
0         (351.0,186.0,33.0,225.0)
0         (351.0,186.0,32.0,225.0)
0         (351.0,186.0,32.0,226.0)
0         (351.0,186.0,33.0,226.0)
0         (351.0,187.0,33.0,226.0)
0         (351.0,187.0,32.0,226.0)
0         (351.0,187.0,32.0,225.0)
0         (351.0,187.0,32.0,224.0)
0         (351.0,186.0,32.0,224.0)
0         (351.0,186.0,33.0,224.0)
0         (352.0,186.0,33.0,224.0)
0         (352.0,186.0,32.0,224.0)
0         (352.0,187.0,32.0,224.0)
0         (352.0,187.0,33.0,224.0)
0         (351.0,187.0,33.0,224.0)
0         (351.0,187.0,34.0,224.0)
0         (351.0,186.0,34.0,224.0)
0         (351.0,186.0,34.0,225.0)
0         (352.0,186.0,34.0,225.0)
0         (352.0,186.0,34.0,226.0)
0         (351.0,186.0,34.0,226.0)
0         (351.0,187.0,34.0,226.0)
0         (352.0,187.0,34.0,226.0)
0         (352.0,187.0,34.0,225.0)
0         (351.0,187.0,34.0,225.0)
0         (351.0,188.0,34.0,225.0)
0         (351.0,188.0,33.0,225.0)
0         (351.0,188.0,32.0,225.0)
0         (351.0,188.0,32.0,224.0)
0         (351.0,188.0,33.0,224.0)
0         (350.0,188.0,33.0,224.0)
0         (350.0,188.0,33.0,223.0)
0         (349.0,188.0,33.0,223.0)
0         (349.0,188.0,33.0,222.0)
0         (349.0,188.0,33.0,221.0)
0         (349.0,187.0,33.0,221.0)
0         (349.0,187.0,33.0,220.0)
0         (349.0,186.0,33.0,220.0)
0         (349.0,186.0,33.0,219.0)
0         (348.0,186.0,33.0,219.0)
0         (348.0,186.0,32.0,219.0)
0         (349.0,186.0,32.0,219.0)
0         (349.0,186.0,32.0,220.0)
0         (348.0,186.0,32.0,220.0)
0         (348.0,186.0,33.0,220.0)
0         (348.0,187.0,33.0,220.0)
0         (348.0,187.0,33.0,219.0)
0         (349.0,187.0,33.0,219.0)
0         (349.0,187.0,32.0,219.0)
0         (348.0,187.0,32.0,219.0)
0         (348.0,187.0,32.0,220.0)
0         (349.0,187.0,32.0,220.0)
0         (349.0,187.0,32.0,221.0)
0         (349.0,186.0,32.0,221.0)
0         (348.0,186.0,32.0,221.0)
0         (348.0,186.0,33.0,221.0)
0         (349.0,186.0,33.0,221.0)
0         (349.0,186.0,34.0,221.0)
0         (349.0,186.0,34.0,220.0)
0         (349.0,186.0,34.0,219.0)
0         (348.0,186.0,34.0,219.0)
0         (348.0,186.0,34.0,218.0)
0         (348.0,186.0,33.0,218.0)
0         (348.0,186.0,32.0,218.0)
